55514.2314046,45868.9997839,63493.0041378,-49172.6218784,-14911.8387629
-81646.4159201,-27224.3932148,-39927.139415,9083.19379311,117.201622886
-17936.6037514,-12258.1209128,-11712.995739,5357.78684408,9074.31476796
-53466.3952058,-22106.232519,-30800.8433317,4615.68438723,-1225.35672518
10025.9987284,45359.6710775,21383.8082139,20952.4754877,13365.5113204
-51925.9516275,-21547.8267955,-29516.2129568,5173.76896955,-1143.42697344
-53437.5402123,-21354.7674063,-29461.5282657,5006.97673342,-1879.91126782
-54124.0219197,-21850.9088642,-29577.38338,5405.33739813,-2489.37214112
36831.5757106,32476.8351102,43168.6513916,-19531.4196627,-5207.29807634
-50038.76771,-16906.7679843,-20811.814787,10923.9691051,308.755591678
-54058.1430374,-16949.2457249,-22544.0622676,7038.50193694,62.8430084838
-53784.4164655,-21850.4289123,-30429.1585555,4674.460739,-1556.95703112
-52132.642371,-17776.0337823,-19702.3740766,8540.68992682,-2256.00772234
-53574.5057832,-22228.6122923,-31373.6091289,4511.51625956,-1322.92759039
-53489.5410539,-21885.7630244,-29625.9402722,5195.89321169,-1178.02943824
-81646.4159201,-27224.3932148,-39927.139415,9083.19379311,117.201622886
-81646.4159201,-27224.3932148,-39927.139415,9083.19379311,117.201622886
-7877.89723801,25032.2072443,38064.8605114,-23986.1807495,-26075.3479858
-53268.3990957,-20880.9579646,-28102.3083209,5332.16253289,-1390.33075373
-62424.2421005,-21384.704118,-26763.856196,16142.5269778,3398.74309252
-53189.7534194,-21507.6535711,-28932.6558542,5514.03925097,-1500.9911403
-53550.9014621,-21866.7173339,-29870.22393,4956.51081311,-1708.10426251
-53634.4404224,-21122.5561414,-28769.8002433,5400.99419061,-1553.24715353
-53395.5201968,-22031.4242426,-29641.5232675,5435.19450057,-1775.4771248
-48825.9223425,-13396.5277311,-17682.7244206,6568.94970109,-371.118002828
155041.100385,11844.4675466,77864.0820655,24056.6789702,1352.08248311
-53395.3447559,-21489.1906909,-28173.4775146,5461.94583161,-1726.46190157
-52163.4235169,-20883.5765276,-25975.4785377,5911.60055685,-2284.96814309
-51571.5025773,-21632.991352,-29492.8654598,4779.05520646,-1131.05652086
-53678.5952483,-21501.4076433,-29487.0909847,5498.5637503,-1194.53453881
-53161.2616152,-21431.8829941,-27956.8190728,5244.63343392,-1803.80026929
-53541.9932998,-21709.0544161,-28929.6298419,6251.73452114,-1305.01461855
-57548.2157943,-21932.2826616,-28598.2221551,14038.5996066,2490.19896315
-53260.660929,-21790.6484487,-30493.2327637,4955.55120334,-1647.69486832
-81646.4159201,-27224.3932148,-39927.139415,9083.19379311,117.201622886
-62295.7019136,-22178.568101,-28984.2724851,12274.2387713,1935.71673754
-53256.0855709,-21842.0926778,-30422.4832003,4476.84905056,-1300.93924873
-53276.4210763,-21980.8684658,-30285.4014002,4790.16479078,-1611.37847091
-54119.8330151,-21623.3235572,-29151.6232051,6317.60324395,-1125.03656393
-53128.3177576,-21710.0551768,-29653.2705312,4870.06600535,-1447.02120219
-53041.0110331,-21830.4063887,-30541.213132,5182.92405398,-1308.5273811
-53240.0066754,-21874.6722495,-29068.7781115,4826.72845235,-2054.86378309
-53218.8731196,-20378.6883729,-26059.3425711,4450.43965617,-2020.89086392
-52443.6588626,-20546.7271407,-27322.7189189,5985.8752138,-2329.13434498
-61203.4280184,-19551.694062,-20238.4192084,17669.3804445,2280.71178911
-56555.0171596,-21563.1586176,-28410.2468712,8194.70232416,-581.666618121
38584.9487062,99617.5703969,145597.300232,-73764.8825524,-99117.4688673
-55809.0398225,-21038.2005246,-27314.3413344,9761.26345266,90.1607487799
-53606.8343252,-21450.4302619,-29328.0387972,5148.11678117,-1566.28485618
-53878.6404094,-22208.8758949,-30915.9289784,5074.03585732,-1399.36721458
-54000.8610715,-21843.1039453,-29666.7534081,5221.9660496,-1661.17903368
-53268.5039805,-21689.3834017,-29511.6928552,4956.3548053,-2087.74986253
-53498.541922,-21861.7160734,-29140.7572858,5585.423876,-1046.62074684
-55398.7673812,-21327.3294123,-27744.6133407,5540.30905927,-1889.71528607
-54018.7252298,-21451.427163,-30191.6941076,4359.69649117,-2085.00554563
-53524.0519019,-21504.7537487,-29179.6769771,5519.27857017,-1111.27105529
-81646.4159201,-27224.3932148,-39927.139415,9083.19379311,117.201622886
1365291.35262,188443.028888,499394.33264,71538.6844393,10434.3273906
-56539.549432,-21643.1392163,-28470.3172859,8793.22331071,-262.091416141
-53648.9584803,-17796.1918206,-22195.4229142,7863.89923997,-3070.66724524
-55688.3588231,-20889.6169406,-27595.1860614,8930.99552117,27.8675440163
-65517.5811269,-22746.3285395,-29953.5417852,12103.8768143,1279.80465822
145423.243109,25487.1488357,73911.3743977,-19598.3740479,33976.5143808
-49589.7522278,-21510.3837367,-29403.5082694,3637.83511013,-1739.65034566
-53989.3633314,-21699.2898542,-30389.0908579,5087.50528721,-1314.39038539
-53611.2654571,-21979.8382807,-30629.7629316,4823.45927093,-1505.15734763
-47853.5781004,-8962.59310606,-11680.8755247,846.449904828,-3488.20551639
105007.388209,79026.3600476,75716.0335807,-84992.5126853,-22642.7420739
-53860.776197,-21898.7802876,-29488.9616193,5418.31359757,-1682.19068636
170170.567899,24493.2353039,81256.8614022,58136.2642255,11195.7158113
-53416.4719632,-21930.087794,-29811.4177326,5573.79094949,-1168.58616798
52817.606254,32485.6398909,66987.6972454,-31349.5584694,28250.5876809
8563.41038994,31957.3878036,34722.7576971,-38032.4435953,-23758.8206741
-52982.4506029,-20991.0245782,-27525.7242948,5161.56863111,-2123.20437534
-53918.7330025,-17132.3425819,-32838.4141949,5767.19230119,-1492.466109
-81646.4159201,-27224.3932148,-39927.139415,9083.19379311,117.201622886
9598.81713304,46304.8088872,149667.027193,48728.1933141,-10766.5718103
-53824.5522466,-22002.9361545,-30658.209994,4519.24137537,-1470.17024826
-54230.0442252,-21297.9620234,-28273.042104,5687.44553283,-1632.77705355
-56636.0775983,-22140.2767138,-28735.585739,8320.84052622,-721.210615836
-53286.299639,-20625.6212674,-28541.9837151,5767.30904965,-863.182019152
-53790.5621842,-22129.0726242,-30503.1815461,4795.95331126,-1650.60341492
-59913.0867861,-18908.7125975,-18962.7211453,21005.0029198,3235.8537016
-57154.39596,-21507.1233629,-27498.4924272,10998.9189157,631.057060789
-55462.9984938,-19160.0822655,-19124.6426352,19123.6252619,2601.45565305
-53055.5583086,-21612.2762989,-29718.500648,4682.72032769,-1823.52437521
-54446.9546472,-22017.7547986,-30232.2589757,4955.55628666,-1514.6115081
-53796.261335,-21657.4033171,-30075.0267393,4873.42390424,-2001.23110019
112787.113026,87410.8906876,138867.051708,-71066.6256089,-22589.804039
14910.8422205,28912.0061569,43684.5260065,-38463.9996038,-18116.7301248
38082.243918,20437.9196395,59879.0430335,-7246.50664858,-5486.59666082
-56622.9255603,-21669.1155051,-28212.103639,9934.436628,-67.8986528838
-56762.4619301,-22249.49005,-30748.7955003,5967.57804459,-1233.02239796
-56921.0332248,-21364.5071768,-27463.0413051,10841.0160928,402.991990497
94316.452064,-9781.01899522,20977.2954562,22827.2496849,7607.47419366
-53409.6902293,-21395.7093199,-28286.2622852,5504.97024727,-1564.80893853
-53532.3114729,-22137.1078174,-30877.9338574,4584.99918318,-1473.83729549
-52743.0166095,-21829.6577157,-30734.2713406,4811.16497503,-1432.91240427
-44126.6947203,-13071.5291769,-12712.7001663,8822.32179513,-4190.66926595
-46246.8737022,-15881.6229928,-20043.9654515,3609.27167355,-2553.30229432
-52629.0021982,-21759.5200515,-29004.4889534,4887.07074974,-1491.68700484
-56509.5612028,-21217.0248809,-27987.4837481,5127.40137991,-2116.18378386
-53683.3848595,-21939.4488496,-30317.3059864,5578.80676975,-1156.61246902
-56682.4837558,-21096.5876279,-26977.2057884,10066.1148442,217.993935937
-41411.6276345,-16284.4113614,-16971.5665621,5760.87821754,-2580.57379617
-9053.35112911,-13507.3792678,-16211.0149889,-1519.3334759,-2619.62290679
-52564.5583696,-19654.5278716,-25386.4579876,4013.61157756,-3577.04843886
-53580.2682807,-21936.266353,-30617.8896157,5198.56854282,-1317.61655178
-53275.7286914,-21250.9780585,-27256.9331748,5861.72433079,-1662.32899368
-53092.3572953,-22229.6020304,-30569.7019374,4566.30968802,-1265.79594294
-53221.7388644,-20310.011803,-24710.4972393,7854.74502652,-1948.3281009
-56781.1619069,-21931.6167397,-29116.2101892,7399.84570131,-1281.49523136
-54785.4488831,-17032.2368134,-17348.3407368,10560.2319074,-2872.34740133
-58834.3550562,-21774.1107957,-29251.3210262,8921.81590457,-160.923089778
-56688.4795847,-21486.4124763,-27393.0574656,10527.0364295,78.1333279812
-33856.0141825,-13500.0439962,-13448.307019,2376.13590923,-3295.3905705
-39000.6966073,-5794.07994474,4202.93655926,-848.82079858,-11323.8666378
-53354.2666222,-21941.436331,-30337.0787001,4815.79308501,-1646.08251533
-56761.5718979,-21615.8372583,-28444.3923605,9300.66780314,35.4023406863
-55487.9639551,-19647.6097374,-20112.5577691,16851.9796419,2361.49039213
-55634.2452761,-21200.0973458,-28553.2378705,6023.08750938,-1615.67496499
-54389.8416103,-17874.0165612,-19032.5018944,8511.04660035,-1832.44987472
-45628.4911153,-10735.6079155,-14760.5161975,5622.69838061,-2787.75348103
131611.255012,4888.16941568,44717.139477,-1810.58347661,-5632.25447401
-50208.8774583,-21495.0670648,-27499.0271481,6631.2501576,-1595.80811579
-54899.6929244,-21707.2677349,-30201.8955684,4931.29018111,-1174.54223863
-52823.7470568,-20329.7722671,-24707.1519537,5908.86819191,-2051.67081801
-17576.8645301,8506.31277532,16335.6531278,-8208.47273306,-5333.73737133
159411.917116,62553.5671539,79929.2822128,-34619.9587895,-13170.9322634
-53640.7430061,-16945.8964196,-22031.0202849,7947.15952964,-588.926373137
-51574.9845137,-19485.3047824,-21288.2729341,10889.6681605,62.2687738649
-56671.130082,-21760.6702217,-28544.131214,8844.7707788,118.961412522
-56228.1182817,-21545.4506307,-27307.4795351,10093.5079677,-254.287378223
19886.5674024,22629.6346458,28218.8231035,-23823.5948971,-10988.6647718
-52237.0115058,-21852.243595,-30522.1208939,4331.66471532,-1620.11686273
-53893.4284071,-21383.6224995,-29583.2185303,4338.23336159,-1837.55579611
-54438.3184748,-21491.2087496,-31070.5467961,4411.12393919,-787.225460749
-44238.293729,-10502.0409711,-16142.8418303,-4165.07542091,-7855.48112246
-58846.9229134,-20914.6579678,-27978.0632459,5553.02638837,-2111.06564278
-53204.4861177,-20935.6108736,-25378.4975658,7474.07667478,-1122.3107045
28655.5832313,64242.1363289,69170.1266446,-52021.3269504,-37093.2719662
-12581.9713771,1819.11105523,-3792.36912196,-11654.8133482,-3446.59946862
-53693.5743722,-18662.2256822,-22629.9911868,10174.1734622,-555.379224105
164466.655884,103410.013547,122310.86833,-104375.528311,-30292.7583684
-53389.563633,-21024.7274428,-27223.7379397,5255.15661531,-1672.79366889
-50368.8617394,-10582.1544231,7780.61561589,24042.744627,-973.762025469
646190.136776,319004.504608,320126.380774,-234217.541903,5978.69530568
-55131.9258783,-20615.0561984,-26933.1753185,7239.41799827,-1116.80375123
1651883.8019,616064.017313,1105970.2703,-308358.259546,172290.190817
-53846.3316484,-21394.7631196,-28210.5374544,8195.39452892,-752.399181103
-53146.0814309,-21670.9550515,-30320.6616495,4033.50049799,-1627.2845959
-3476.95071297,-13011.2180569,-18324.1919909,-4166.41303782,-1601.64000852
-53101.6759795,-21902.8262139,-29490.5694825,4784.94274945,-1449.8150617
-49973.6405216,-16356.3459637,-9408.75379138,26063.4260268,4316.93235395
929236.533186,231180.199621,579568.782077,56904.0924861,212920.024641
-16375.3380091,-4128.51551722,-4682.3992695,1393.92256378,3656.3736476
-55614.0146332,-22137.6913982,-30155.5703907,7625.79501007,-526.480479078
-53665.8195394,-22062.3758977,-30942.9972798,4817.39964439,-1219.97919638
-56169.7133931,-19688.2645085,-21717.1112299,14226.5732142,796.740083695
-56538.8235191,-21068.3567092,-26280.6536142,11669.8022694,752.710196594
-53380.8198323,-21772.8348599,-29663.5139891,5518.28221278,-1281.26692012
-52593.6625654,-21908.2564684,-29934.6062977,4374.16342124,-1714.92650195
-53902.1856706,-21896.1560496,-30263.892793,5109.05469232,-1375.75311658
-52797.0654591,-21296.0266812,-29626.71517,5369.14269275,-1225.82817425
-49754.9834654,-17805.3404318,-18950.0252255,7034.96648063,-2320.95475162
-49180.3545919,-13048.4333882,-17687.8251781,3246.79075389,-4198.25177535
-53261.5775388,-21483.2778334,-29717.159496,5107.50067337,-1650.97288797
-54033.6680124,-21936.5428707,-29995.6335514,4918.16685714,-1814.22671121
-54552.4201183,-21871.4113394,-30008.8027504,4904.05097943,-2017.98782963
-54424.2313139,-22004.0002834,-30068.1775931,5088.02175277,-1418.37805038
-56140.9579802,-21090.2376031,-28826.2853143,7490.14975367,-708.866046633
-53051.2586161,-22080.7594948,-30962.2027135,4782.52072421,-1256.69487113
-81646.4159201,-27224.3932148,-39927.139415,9083.19379311,117.201622886
-54261.4723516,-20496.7609932,-24606.465275,12433.979304,1129.29519303
-51653.3739929,-15445.0738661,-5430.9795701,23470.5979976,2711.22059102
-53751.3788705,-22002.1725413,-29960.6566372,4814.13495114,-1203.53743563
-53695.0348659,-21698.3303279,-29197.906327,5370.82714037,-1423.87764325
-53351.4584637,-21982.3222192,-30166.5678198,5050.49227119,-1386.42923437
-54239.6006487,-22250.8634896,-30501.4420738,4775.77046059,-1807.91123047
-14998.2934229,-10867.6775875,-12021.5607223,7075.46442375,1911.06661697
-56079.8897154,-21183.0866932,-26350.5948408,11671.9085242,601.084497359
-57511.72387,-21888.2415242,-29956.776531,7243.85649781,-495.081677714
-1353.36801797,39309.9800258,148720.240529,49346.4156011,-9548.74899851
-56182.0475533,-21061.6744315,-25928.4897169,11986.2329277,792.724250896
-51989.9385476,-21726.8444318,-29802.9840753,4826.46424192,-1417.73948153
-53554.7145343,-21696.3586672,-29265.9353488,5292.34873102,-1590.67226427
71784.1903589,-4183.25589579,23118.7829381,8806.54147697,-4143.04414122
-56226.3169861,-19548.2095786,-21437.1108526,18812.6979085,3060.4533449
-56135.0334988,-21358.6468871,-27402.5480151,9448.51726955,-162.912270282
-53285.9410295,-19530.6546896,-22818.0856135,12778.8103952,853.808572643
-54984.7989911,-19468.0708527,-23305.2572098,12097.5534073,3.42732077271
-55858.8642883,-22406.8255432,-31235.8682721,5325.51827224,-1168.76036408
-54538.3631243,-21597.8667544,-29641.1103067,4790.90079643,-1627.69394237
-58778.5255142,-21354.6052251,-26908.2927057,7300.93499514,-2881.21405211
391981.58717,94256.5167062,123301.892464,-114675.317331,-5567.50264884
-52485.1886736,-19600.1590552,-25273.6764356,5032.49179059,-3432.86033617
-54859.820653,-21652.377175,-30213.8752439,4995.99544341,-1182.67392733
-53139.6997833,-21850.0162844,-30063.2427661,4779.64302337,-1674.55386141
-56005.3777606,-20612.3178413,-25266.8885175,10810.8254624,277.625822343
-45392.6139299,-16284.504936,-17708.4626797,12272.1927839,4230.11995959
-62635.492094,-18369.9382965,-25670.731062,7181.1150765,-772.402367011
23572.363956,24951.9479221,62178.8533896,-10058.7365138,2756.35869069
440652.633112,213128.575457,255545.983833,-202764.87256,-52006.6904708
141173.722191,39981.5262079,124726.292947,86538.9469446,32406.3842585
-57061.9916101,-21655.5423613,-27793.3509174,9270.99063594,-59.731074496
-53545.9123937,-21602.6206987,-29819.3512967,4921.23232721,-1616.41538988
227720.770896,103974.445738,142760.155728,-60905.1541437,-6402.27799794
-1919.49802802,8273.17964879,35022.1146654,21639.750057,16063.5233389
-56740.9796035,-22120.5626653,-29369.4885604,8489.67022513,-545.53676888
-35244.9632504,-17692.2752714,-19791.4983282,4421.81478235,-1806.7173079
-53695.5514316,-21980.6546426,-30143.9873502,5544.49169379,-1193.20285987
-81646.4159201,-27224.3932148,-39927.139415,9083.19379311,117.201622886
-58331.1465206,-21435.7864213,-26417.4261432,7235.77422387,-1853.58909506
-55060.5049323,-20161.8913384,-22771.8412378,14382.6684935,1383.633323
79380.5327077,61413.044343,74893.7299052,-60460.3259513,-15856.9979642
-52188.3623,-19536.1663707,-24021.5757283,7695.511485,-1086.48564181
-56958.4808947,-21802.1740763,-28648.703927,10086.3643434,214.646278336
-52977.3920462,-20385.1957618,-27718.2037124,4652.08026099,-2844.29190913
-58962.0419564,-17754.8980874,-24749.2556487,5700.83768922,-4007.40944536
-58061.1523664,-19716.2955588,-25084.3587272,11933.1277469,1102.89990262
-52992.6257867,-20607.055464,-24935.4801581,7332.99811549,-1157.31652265
-54106.7460664,-19318.9097124,-20291.3846334,7613.74287916,-2101.10596893
-70651.4283324,-23911.1358475,-32860.3129027,11507.1321332,776.208560358
-52311.0846642,-21647.9330739,-30082.4710307,4197.63696112,-2089.18772162
-53464.6993194,-21886.5916661,-29086.7043902,4697.33245707,-1869.73214454
-47499.1484954,-18046.6082518,-22843.1851044,3138.91258565,-4134.73740803
-81646.4159201,-27224.3932148,-39927.139415,9083.19379311,117.201622886
-53633.3679089,-21212.1516082,-28647.7646227,8149.48836611,-444.509202162
-53769.1810625,-21989.1960357,-30134.6438526,5364.09997973,-1484.18661895
-54973.7097354,-22143.8670146,-29710.698963,7059.62083929,-591.658928467
-54108.3598608,-21965.8287041,-30030.6231589,4420.70204733,-1670.03567068
-53795.2109216,-21995.7572706,-30748.6849141,4513.5719968,-1461.96534316
-56133.3970865,-19480.4047695,-19555.547763,17390.6532916,1887.73994319
-48020.7827466,-20234.1651245,-24426.8452667,10666.2249668,-342.829206357
-56172.3772986,-20708.1110721,-25280.5494591,13958.5474004,1630.30206483
-56397.7850557,-21630.014043,-29007.1613751,8248.89833673,-60.0460175132
-56561.6779241,-21562.6178924,-27446.8187069,11125.3097539,879.686324031
-55458.3049428,-21125.7735545,-27687.7092463,8891.23056117,-271.247795088
-54020.438612,-21160.7323752,-28504.8167782,4862.59425881,-1754.21459243
-55826.5269452,-21516.573928,-29755.6234835,6484.65840672,-934.197176958
-55436.114355,-21790.4357455,-30091.0068824,4605.48671841,-2072.23285974
-52421.4749776,-17944.6480817,-16135.4266944,8431.48630156,-2280.38362988
-55850.9160632,-21695.0015866,-28612.2410302,6272.16836131,-1192.0147663
-53146.5682983,-21097.4490239,-27797.6455065,4864.59569483,-1494.1535184
-52570.9508359,-21165.3298613,-28964.6924511,5489.6677038,-1733.92747368
-53471.9111423,-22001.021636,-30569.7115682,4767.04301557,-1677.16555808
-52576.9875656,-21927.1131066,-30427.8638273,4857.42005947,-1595.06170217
-54713.5572732,-21084.393822,-28136.64409,5181.16497015,-1959.97768356
-52582.6092843,-20462.5719494,-27114.8003017,5477.38465378,-1460.46293164
-55679.591519,-20517.4513409,-26508.9755642,5409.10735224,-2290.0763036
-54644.2962141,-18216.6305175,-18797.0428998,11982.1358609,-1034.87227917
-51959.5381528,-16648.930028,-12306.7693195,21038.8643712,2181.90026678
-50046.3193426,-19921.5214195,-27042.40103,4400.06278644,-1837.53138366
-53092.4472352,-21812.2573118,-29929.4050544,4781.38026633,-1550.10153413
-53907.5371058,-22000.1317798,-29790.7310259,5366.45532029,-1277.12219566
-51886.2265442,-20974.2464331,-26352.2661401,6572.89708975,-1382.75917236
-51081.5659347,-21543.0869817,-30342.040416,4139.08540053,-1554.39049096
-53717.3299909,-22017.1283544,-30523.5851772,4592.34442437,-1805.53838242
-54249.1455022,-21634.0760946,-28649.6282065,6677.64731537,-753.213604708
-54042.4193242,-21604.3691023,-30599.4861264,4518.46116474,-1863.19682647
-71311.2963257,-25174.4870171,-35670.8849443,8728.28622751,-184.489854257
-57257.5931667,-22109.8337946,-28395.2567039,9966.1968863,451.132158687
-49270.8561087,-16747.852714,-24104.4622479,763.114162838,-4267.86805436
-55029.835209,-21363.3762404,-28807.7650172,7502.95454121,-848.396115331
-57584.6607168,-21220.1644713,-28520.2476443,7419.00356615,-1092.30945897
-54827.9340007,-21585.178469,-29839.3783101,4710.36320873,-1778.99699397
-53720.2976042,-21840.4808846,-31366.2281931,4478.3972631,-1506.00048857
-53976.0715763,-22149.218872,-30270.6425735,5234.90013577,-1275.54412829
-52238.9915673,-18773.7742114,-25238.872176,4583.76643678,-2453.239722
-36610.6023102,-16195.1987389,-20269.4938199,1085.93613462,-457.028552512
198602.987001,131753.433388,175136.43705,-136824.53975,-60063.3565034
-56310.6273837,-21165.7690889,-26590.9754055,10661.9830066,277.986626776
-53445.9964363,-21616.2891487,-29457.3177302,5805.63403797,-1172.89470159
-52977.6314577,-21763.1830629,-30311.131807,5061.54180564,-1507.88558964
-53627.8156503,-21331.2810928,-29106.2355565,4874.5569536,-1834.15309658
-50553.4789751,-21590.3120948,-29448.8167877,4842.7973258,-1665.17185506
-56660.1925109,-22317.7359905,-31050.954851,6256.1755253,-1045.05382608
-52662.7190691,-21689.1354995,-30200.393738,4767.92855951,-1726.94820229
-49261.6693506,-21608.6664503,-29341.581216,5383.79877016,-1297.14879911
-52992.0605533,-22151.3015905,-30243.506893,4683.52327939,-1518.30348869
-51460.6073146,-21890.6188432,-29961.0740544,4658.03296497,-1511.76058086
-53558.9117465,-21841.502517,-29444.6775324,5899.37980903,-1494.6365524
-56048.4388918,-22341.2909247,-30223.187247,6942.32910747,-684.736393688
-55639.4484095,-16935.5168153,-23963.8637047,8120.92188665,127.804979043
-52595.4560729,-18697.2553,-21921.3406049,5534.45660324,-3577.22336031
-38244.3406323,-13178.1968938,-11391.0770693,690.352526216,-6857.31925466
-55700.5069452,-21087.2130398,-26531.2162769,10722.8044486,288.087688181
-81646.4159201,-27224.3932148,-39927.139415,9083.19379311,117.201622886
-47882.5420773,-18805.7330331,-21297.3301884,14312.5306787,1694.06425212
-51203.6597643,-16712.1704513,-12790.4836347,22368.9907477,3072.09241209
-52229.6274382,-21497.3039165,-29875.631782,5331.32261362,-1376.43383279
-50321.6122386,-21483.0337112,-29003.6222207,5173.68061614,-1772.86081449
-54000.0749061,-22005.1047283,-30627.2725441,4854.9621946,-1481.31443782
-81646.4159201,-27224.3932148,-39927.139415,9083.19379311,117.201622886
-41125.280174,-18581.1324741,-23929.4511462,2934.52755116,-1639.26702541
-52443.7048154,-21700.5970718,-29918.9612464,4680.61894108,-1845.44485406
-63986.9801559,-22227.9419923,-28240.0210761,13897.9136949,1963.14614964
-56170.4700349,-20133.9146509,-22707.3122628,13246.6339018,711.277785917
-55783.6415674,-20880.6392986,-27116.213286,10540.1475943,329.295936653
-53452.3535779,-21887.1308302,-30078.782852,5669.21031681,-1502.51509222
-81646.4159201,-27224.3932148,-39927.139415,9083.19379311,117.201622886
-54143.9617864,-22573.0494068,-31405.8005358,5502.05799039,-1613.7400237
994824.643931,520087.808758,1259159.38585,734959.562193,431827.961714
-56025.3579837,-21215.1216428,-27206.6133075,9480.09599864,-274.87871529
-56320.8569042,-21828.2156928,-29462.5612036,8103.5819961,-555.774646197
-53777.3683119,-21771.4275195,-29722.0509941,5403.57155512,-1572.11535049
42792.7617058,-15106.6645391,-5018.44087318,3298.18515637,-3336.65572447
-53506.9883801,-22081.8124546,-30788.4717546,4694.77802851,-1340.31235515
-46616.1793805,-8077.100944,-1191.33090919,26589.6594618,3727.00796352
-54562.3143166,-21178.2591126,-26231.3875358,10021.7430253,668.198425669
-56939.5752222,-21506.0630302,-28095.5137303,9149.23812874,-20.502956656
-53347.4687396,-21139.7032109,-27775.4022137,5869.64274461,-1311.13770991
-52883.0169399,-21493.6581236,-29297.2371612,5917.13311905,-768.703519451
-55934.6544496,-17922.7290853,-14734.9754549,24746.4033011,5154.90056802
-49471.0861331,-21804.0781422,-29825.4621383,4381.05612288,-1391.36895374
-52814.9469167,-20351.6953905,-29755.0078035,4144.09800728,-1641.24732827
101654.509067,67234.1498749,85073.9932121,-60065.0041164,-54450.8466542
64366.4765216,57626.9825742,106036.443281,-43595.8225584,-17790.2820878
-56140.7051589,-22370.4306207,-30858.9866686,6291.10685591,-997.893272615
-81646.4159201,-27224.3932148,-39927.139415,9083.19379311,117.201622886
-81646.4159201,-27224.3932148,-39927.139415,9083.19379311,117.201622886
-52273.7568372,-20464.3033098,-28262.9179014,4035.57207748,-1939.16602079
-7448.92412457,13761.1620516,32523.7612176,-8082.02699462,-13529.591334
-54980.5169262,-20091.7548131,-23147.3298948,8924.12723051,-2013.80636188
-53513.2650897,-21584.0496054,-29998.9236158,4771.02252172,-1712.83257158
-54048.450251,-21565.7866714,-29836.7430763,4850.37334826,-1861.64329743
-51323.9034416,-17152.6905039,-16774.6895525,6308.95067292,-2598.76506574
-26100.7449045,-5004.14592572,-23640.8877088,4729.2601234,-3401.02280073
-54525.7483352,-22230.0264346,-31294.0618863,5206.06951847,-1502.6674836
89448.609262,69384.6355172,77473.0720707,-68661.4621734,-16567.8582863
-57901.9092416,-19172.360171,-21068.4460395,16547.8079598,1446.14814535
-54813.371413,-21650.7224759,-29787.4605387,4695.41468765,-2096.55090655
-55876.3753567,-20861.1510319,-26097.7116823,11805.9218641,608.883841638
4223.96075705,25230.767343,47782.383822,-26383.3904251,-30542.7342872
-54432.3694734,-21148.7958963,-28237.6334456,8611.39135382,-60.7501079633
-53311.1736062,-21125.5182518,-27372.0552706,5532.37032366,-1821.28678557
-52801.2407945,-19065.3298375,-21998.3335694,6589.58026926,-2733.20282072
-52189.4381377,-22262.627184,-30585.9126141,4601.75979027,-1704.94481838
-57658.236917,-21282.1351977,-26954.0722935,9214.16826235,-493.412439961
-53804.8158903,-22243.541752,-30699.6385569,5055.02126861,-1685.38484466
-53973.3585397,-21856.8506962,-29476.3662239,5591.10463989,-1396.19007047
-81646.4159201,-27224.3932148,-39927.139415,9083.19379311,117.201622886
-54963.8738338,-21484.1356525,-28594.6170919,5323.15764398,-1697.45716948
-38536.6172665,-10061.0565165,-10123.0783863,6690.05124629,-2607.98071397
-54382.6451732,-21849.6799882,-29384.2482952,5524.85774628,-1904.8821215
-55614.9083575,-22626.2609938,-31073.9519378,5692.74375139,-1632.57986636
-57381.4114647,-19539.9774097,-22354.107133,16149.3341474,2278.15951369
-57221.5165442,-20964.4634043,-26000.9017803,11786.2522071,626.943063672
-58756.3769604,-20433.9220983,-25218.5156932,12418.5836242,370.935559713
-45703.4751139,-19578.434792,-24757.6550823,8728.42423213,-12.0573224392
-52524.3529016,-20939.6698906,-28364.0483168,4316.81037794,-862.980827699
-52617.404238,-21714.4000195,-29958.3582905,4801.64434284,-1925.70288349
-17663.9453497,-12274.3526659,-18853.8436097,-5493.3026975,-1275.98814965
-53248.1432085,-20410.0636816,-25346.7314352,6313.61327399,-1465.43767472
-54155.9865374,-19941.0419286,-24326.4806893,6581.90226751,-1751.63086671
-81646.4159201,-27224.3932148,-39927.139415,9083.19379311,117.201622886
-50616.5938496,-21885.1518677,-29912.9249744,4728.09474797,-1698.68498018
-1860.52913781,-5311.11286455,3445.83950614,8323.71090935,6960.50465482
-36158.4578601,-9917.81147055,-10788.5346213,-1632.6505415,-3632.69359492
-53421.9894433,-21485.4024562,-29795.0997147,5257.20485808,-1618.42007535
-52694.5415879,-21572.8071099,-29873.9174904,5431.98899836,-1464.51714575
460379.899919,85998.7682492,254877.609494,75101.931146,58642.7040856
-51585.6231085,-21200.7634703,-28357.5727375,5625.10362452,-1440.01359841
-32749.0751305,8858.5283615,16437.4598539,-15515.7073075,-29925.1724466
-53100.5504616,-22077.3769448,-30510.3032548,4635.44880911,-1812.34044046
37577.8059,4365.77059738,36235.4036954,37301.1395735,17878.5165406
-67475.9101263,-23166.7559287,-30140.5735048,14626.6447174,1989.19999934
-55696.9034894,-21986.0869782,-29496.7963234,7488.08416667,-805.242594973
-53690.4231745,-22503.0010475,-30287.7610521,5342.30278306,-1750.48594273
-53789.5830433,-20883.0102248,-26733.4880688,5885.9527568,-1829.29665868
-51297.6814639,-21967.1136385,-29827.9788875,4938.24332846,-1701.08853584
65367.1584188,20111.4045838,37939.7724257,-24737.440438,3192.20191366
-55247.3852718,-21296.5438061,-28258.0189592,5617.04571351,-1984.59845969
-55756.2286391,-21163.6337086,-26403.9075355,8690.84816757,-1059.27482512
-48690.4753286,-13309.3843993,-23585.2580731,5685.93362245,1839.24937822
-53939.4580307,-21849.1205889,-30323.1856017,4694.43312427,-1514.21261084
-81646.4159201,-27224.3932148,-39927.139415,9083.19379311,117.201622886
30919.8784012,-10553.149847,-3078.24774028,3455.41629197,2748.63555651
218022.238736,126859.809457,168206.089565,-101707.997257,-79650.4843614
-71363.1775424,-23762.0891049,-32379.69656,13441.8645807,2422.90831864
-53531.3349793,-20680.5230821,-25819.065502,6884.67137306,-1488.03931999
205094.425004,248044.939384,445533.089896,-51855.1901509,-105207.160408
-56521.644665,-18772.2217339,-18923.4127039,20846.9073455,3759.80392952
-51520.0636023,-21879.7886609,-30466.7575839,4372.15563381,-1425.41341456
-46940.2287292,-18240.1830848,-23359.517424,2586.76531597,-3106.06417792
150324.772066,24883.9783148,90674.8181665,58286.992996,25126.8981068
-53621.0908524,-21979.8158341,-30672.3439948,4679.36069385,-1323.05314065
-52278.0791948,-20237.8018736,-28062.7045315,3221.10189205,-1903.50938413
-81646.4159201,-27224.3932148,-39927.139415,9083.19379311,117.201622886
-53128.212283,-21758.4460412,-30616.7829213,4295.09972253,-1810.41917518
-42220.1921983,-20611.1715146,-27989.8769699,4940.70658785,-1485.29880388
-81646.4159201,-27224.3932148,-39927.139415,9083.19379311,117.201622886
-56718.935511,-21076.9311933,-25413.5520294,12269.0597511,697.281595601
-53025.61952,-21285.4565592,-28329.3338716,5870.95080686,-1372.66951114
89838.1443853,25489.9260724,59576.9853364,-1576.56877987,8168.480791
-53530.4565024,-21747.4082417,-29748.3346636,5566.94418066,-1269.798068
-50292.6737235,-20603.4463154,-27377.1288589,4922.62027316,-1413.20115166
-54192.2155879,-20702.9778232,-27084.92903,5511.0794461,-1658.71427489
-53339.561375,-21768.6490366,-29345.1684304,5215.99534946,-1399.37198259
-53595.4685007,-21598.9377107,-29218.1967871,5704.48286359,-1382.27788486
-53306.2170021,-21701.3696732,-29318.6659206,5713.81866258,-1489.75484319
17272.4106088,-1867.13152147,12588.9094471,16074.3155232,11580.3167656
-56360.8443506,-22146.1110043,-29014.9337399,7542.85245965,-632.398267945
-52975.4277438,-22024.2914588,-29953.1729349,4092.52155691,-1751.8948521
-55635.033473,-19713.2879855,-22635.1136266,15183.0086102,2032.21795371
-54824.8407031,-19769.5680891,-22890.3334964,9799.64965423,-1159.94299838
-53763.2349403,-22110.4091549,-30748.944085,5263.50209519,-2013.39856338
-81646.4159201,-27224.3932148,-39927.139415,9083.19379311,117.201622886
1193596.73725,194058.104353,417005.986073,-138434.735272,51650.647675
-53618.131846,-20443.1539418,-24827.0585148,8141.24824947,-1076.73231855
-52219.218064,-21957.7444603,-29957.080659,4488.95073555,-1066.18143807
-56286.7388255,-18754.8133963,-17278.2952086,17749.5004742,956.276483069
-81646.4159201,-27224.3932148,-39927.139415,9083.19379311,117.201622886
-53521.506672,-20988.0562443,-28047.5647709,4982.08594039,-2081.77485885
16154.3008683,-10483.3740438,-10657.1841788,-3612.53812289,-952.319430548
-50866.4423646,-19320.9358905,-22373.649857,6555.56513227,-1676.7340728
-53187.0062351,-21731.0659106,-30043.9355734,4968.46943513,-1414.43804109
-53313.5614929,-21967.0725733,-30040.0285946,5170.14034195,-1415.18229697
-53768.6176826,-22503.4932082,-30599.9372169,5399.39801797,-1322.23500555
-56045.7351975,-21607.2241505,-28830.0129946,9006.36444937,8.52931673472
1658.60991204,-2476.30329938,16400.2796926,26481.0779308,10348.3497527
-81646.4159201,-27224.3932148,-39927.139415,9083.19379311,117.201622886
-52460.7536325,-22022.3751626,-30700.5830664,5024.04554098,-1033.17872206
279911.591602,264945.656313,685625.400441,-50202.4829114,-100359.644063
-55627.0838976,-20326.0818942,-24855.3364849,12854.9317758,1290.67149331
-56655.8332171,-20941.3574144,-26050.5799444,11261.2862785,450.605020449
-56920.03915,-22176.1796664,-29345.8813851,8393.09996553,-546.522537323
-56440.3901451,-20021.2082665,-22686.4260224,13895.7900215,913.425452
-52841.334746,-21990.6462738,-29304.5376864,5771.20681387,-1493.43407666
-17321.7312371,-11224.1484231,-9405.20216334,2800.62099714,-1027.39204323
-52197.5544653,-21783.3692694,-30081.5769608,4191.51049881,-1263.39631626
-55346.9982812,-21135.9023013,-26876.1073452,10985.1788822,525.941648554
-53654.641492,-21253.6400379,-27186.2386854,5987.48325654,-1365.74550589
-24133.9660444,11978.178239,13872.7526768,-21457.7810951,-25506.2725222
-53204.0059137,-21790.9732448,-29882.5291581,4498.07942229,-1522.72739749
-51209.6914164,-20088.6026377,-28049.8212968,2375.84092868,-3353.64915688
-53690.7998556,-21339.5246735,-29658.2955841,3658.65802559,-2284.13246216
-45875.1139421,-13798.6818743,-20003.918902,-2255.82822541,-5169.6203776
-51391.6888046,-21261.1266562,-27669.4136766,5869.58751016,-1316.70089592
-53649.6039083,-22269.3377699,-30340.6421454,4870.47971944,-1279.98607784
-52643.0082402,-19012.1806638,-20466.7623438,7248.51361876,-1749.12561925
-55874.8626225,-21172.6059936,-27746.0483032,10012.751967,626.197113239
502937.418422,89918.6149254,209378.806866,30900.3092028,11787.2376794
49706.0185717,59691.1255639,72647.2711008,-67412.2108659,-45468.6533516
-53376.5082759,-21912.6540633,-30403.4560248,4872.90864428,-1411.82820266
-4693.95038046,10486.6853808,15877.0087337,-12106.6488115,-3436.50624845
-7656.59875367,-9896.09599719,217.194335934,24472.007991,1916.79779833
-53074.7453833,-21203.3651324,-27437.4831266,5870.03326184,-1652.04272281
-70420.4607249,-22808.5588835,-32714.8697354,9098.21852987,479.74893422
-53795.2388356,-22393.4459539,-30894.9855306,5163.66486073,-1514.43011415
-53207.5085114,-21608.0825661,-28628.8551073,5794.16236533,-1620.33989726
-52194.893152,-21997.504918,-30015.9109418,4511.59590159,-1441.84145492
-53905.373089,-21703.3777367,-30437.9015658,5058.67241356,-1313.82833625
-52372.8306225,-22128.972045,-29885.1454928,5701.351875,-1687.80380172
-33795.5623041,-13300.3808421,-15628.8329313,-3741.21408936,220.855493637
-55894.4237538,-22301.8688822,-30786.4454563,6321.14145831,-825.374668775
-48786.5831561,-21319.319641,-29119.1778752,3731.90437187,267.081380783
-56012.0645786,-22769.4619092,-30566.4019199,6576.46943173,-1057.28968678
-53663.0199912,-21872.0611388,-29965.8867777,5497.20885809,-1122.02045097
-53860.3220204,-21942.1870117,-30139.7035819,4757.32128594,-1454.03404024
-53646.3160981,-21023.6111466,-28229.7439137,4918.06308809,-1776.5120131
-55334.8988474,-20637.4027878,-27640.2315062,5305.9626991,-1965.89473672
-53695.8978942,-21837.5693812,-29978.2827011,4736.39893736,-1412.22437763
872844.927781,398216.7498,557621.750273,-420652.557346,-22615.8281592
-50248.3298919,-17414.7352849,-12900.2674265,13761.27211,-1963.82476614
-54977.5102505,-21259.0225423,-28968.1109839,6306.38554136,-975.157848171
-52676.2663133,-21059.5128802,-28944.5947743,4370.83118025,-2096.75425044
1703.75031771,23784.5046828,30383.7395271,-26160.302375,-9058.18543863
-53500.3668936,-21926.9315767,-30017.5284014,4066.76774764,-1726.13104155
-60015.1089932,-11275.3134089,8124.08606471,54212.830729,15057.1455924
-52905.9791563,-21364.0873484,-28978.6250512,5274.7274494,-1241.17647098
-53074.8523503,-19615.6284216,-22502.9109752,7939.61452883,-1553.28638358
-55661.5252878,-21029.484329,-27707.5382662,8021.07599983,-802.046966186
-53328.9576317,-21317.6140157,-29161.3739217,4630.86710391,-1663.83380659
-31732.4218832,1071.80632835,38901.9343243,18296.3691804,-6481.36551972
-55953.8725033,-22766.1029792,-31367.1866579,6042.48350505,-1194.46609178
2434.00267793,-7027.77423311,-9925.54627441,-11361.678903,791.122195958
-53761.4685051,-21943.6280323,-30187.8020088,5547.54851777,-1408.12244027
-53728.9285689,-21625.5477678,-29165.8172842,4873.88709158,-2304.36103485
-53510.0362193,-21866.4858397,-30687.401193,5053.4147701,-1446.57683732
-53204.4905532,-21318.3301545,-26695.0398887,6256.76272006,-1345.79703764
-55911.7252459,-21860.4166212,-30122.0348397,7630.29631876,-579.538254303
-53198.0571082,-21816.5147411,-30817.7419343,4878.68784162,-1548.40239991
-51758.8395736,-21498.5102817,-29565.3445183,5312.53888564,-1150.87319527
-53540.0197049,-21932.6193275,-30921.3605199,4615.27429126,-1308.11885574
-55959.28248,-21506.4141601,-30337.7690323,4492.88238304,-2130.97227285
-53598.8972923,-22063.3809372,-29779.2979593,5019.71124955,-1255.84942123
-22543.3779541,-15749.7601687,-20355.3265948,-483.601080543,-4655.835238
-53710.3126682,-21845.7926575,-29576.6887351,5322.10441702,-1524.40822522
-52492.8070128,-21976.9073991,-30642.7268198,4722.30251429,-1586.11976988
-51909.6661533,-16055.3779538,-11747.9799215,9205.90334096,-3515.48457654
-53424.2293774,-22236.4677427,-31073.3921663,4721.24866412,-1243.48705426
-81646.4159201,-27224.3932148,-39927.139415,9083.19379311,117.201622886
-53859.6246666,-22056.7928767,-30422.5195634,4828.93922172,-1608.61227987
-37841.1745014,13487.7012404,66780.3753154,126453.551627,55463.2141948
-47487.9373549,-10476.2688436,-7829.9601599,-1124.21631732,-10012.1626386
-29530.6671778,-6312.5122483,-6019.37571619,-5909.79210467,-3172.8518481
-52220.0392071,-20972.5230951,-26985.3911363,5871.18372933,-1144.03705809
-53398.0434164,-21859.790071,-30234.4868689,4684.60551247,-1434.65275848
-81646.4159201,-27224.3932148,-39927.139415,9083.19379311,117.201622886
-52652.050065,-21956.947619,-29157.0196105,5319.78469463,-1680.89302686
-50566.1354476,-18029.0424933,-18986.0383269,8006.81341267,-2255.21044521
-56197.3874008,-22785.3335635,-31601.2625081,5160.35875841,-1209.33754316
-56434.9755937,-22018.6572491,-29955.0269133,6752.75413516,-1101.73037374
-53530.3490314,-21426.4550379,-29097.9680029,5435.76707989,-1395.01129786
25002.9121944,1239.5776082,7924.07780783,-9701.88911285,-607.641007245
-53930.9958505,-21806.6413702,-29417.7949496,5107.30500266,-1860.95851826
-23468.9601285,-11634.0599998,-18026.4671505,4562.83320673,9954.88201012
-11440.2582865,-8274.72683166,-5347.2901096,2445.87996499,1690.569441
-53075.0199301,-21088.116226,-27363.7414758,5445.46182995,-1634.68831438
-50420.148817,-21158.2294482,-27848.1039079,5372.01636247,-1713.2770838
-53138.2478589,-20296.5867861,-24317.5334061,8387.65578737,-1356.86496005
-53666.8562104,-21911.7231515,-30307.4248416,5249.52276317,-1358.80304591
-53590.9750692,-21534.5544995,-29165.7224949,4954.77284664,-1915.0188687
-50301.0652826,-20568.8226839,-27814.6456113,4213.1997213,-1583.23654118
-52938.456406,-21805.0832028,-30462.4574139,5303.65221642,-988.811532221
-53965.6097358,-21936.6515886,-30682.7901704,4159.24602256,-1967.80377521
-53494.3078479,-21733.1181612,-29722.252066,5140.53056599,-1742.02534378
-55575.2644489,-22385.9392174,-30695.7101141,6418.99093334,-1006.57102089
-54368.6940778,-21845.8846213,-29505.7320816,5739.10990953,-1474.25412095
-53009.8511895,-21065.5392222,-27254.1405296,5146.26342748,-1573.68803625
-53702.8006939,-21535.9581548,-29054.1424362,5221.05420726,-1613.09515042
-53799.0726591,-21754.9767197,-30124.9637361,5220.13563132,-1438.68664111
-53297.202743,-20829.5272119,-28875.3316834,3701.75988445,-1800.68079916
-54191.8829622,-21276.1207826,-29361.4486125,4524.15195129,-1950.58278272
-41382.697895,-13004.2763806,-6686.40183121,8981.81113886,-1338.27969004
-53737.5076642,-21851.8421989,-29937.2551432,4536.46896756,-1869.99851137
-54532.6420327,-21208.2514012,-29336.3416964,4646.60724324,-2110.46288149
-53451.999852,-21061.531256,-28158.7188587,5527.45604104,-1383.19506711
-43954.0388009,-19871.6537329,-23446.2922147,6608.38702273,-1504.49150669
-52498.0277441,-19024.4231095,-20210.7222274,7530.62477636,-2804.0688138
-52871.6923281,-21470.160252,-29336.2075883,5803.55961377,-1262.51368427
5950.06030998,-3535.45311688,18301.6334662,6665.03904513,2540.90293566
-53741.3820437,-22262.1659283,-30621.8566319,4741.32087602,-1385.71655649
1283866.54463,1166993.64559,2292492.73644,-614398.777738,-401404.851492
-51929.1734252,-20751.5979131,-27368.8807208,8531.72542389,-57.1463317084
-53118.0451837,-22108.8980721,-30229.8176339,4782.8105124,-1384.97266269
-55515.3702205,-21924.9998895,-29981.9275667,4669.77218865,-2081.01629239
-71796.7479015,-23403.3900731,-31499.5268293,13297.1985408,2458.36823951
-50906.5199356,-19460.256024,-24080.11971,4190.56133364,-2226.64267492
-52447.0948134,-20200.7872655,-25104.2271769,4922.71076286,-2090.80715076
-51972.5643893,-20372.597861,-25855.9602914,5486.46936997,-2187.81812766
6716.99474291,38132.2113433,47327.756392,-36589.4371327,-37506.1168164
-52299.3983917,-21369.3705842,-29787.1820973,4238.22196927,-1823.11271572
104615.138096,18285.8796479,66444.0461494,17958.2775368,2345.29204003
-53827.0788018,-20865.6150313,-29730.139317,4199.14785009,-2298.57321161
-51437.0274678,-21647.6677266,-29018.2401483,4836.53873973,-1514.5918934
-58137.8114915,-22223.248944,-28646.9387918,10233.2180471,34.7499310283
-53132.370729,-21806.3075238,-30047.2087808,4593.92606665,-1484.47723321
-53915.0717125,-21770.1495676,-29864.9136467,5338.33275103,-1402.90671566
-53972.4638415,-22037.8829945,-30218.3875757,5066.64149341,-1438.3610721
-54124.1214412,-21248.2385254,-28213.5098139,6064.20777227,-1777.75006519
-52100.626007,-21793.9032137,-30454.1953021,4805.7095716,-1610.05234904
-22293.1282419,7919.67988074,8516.4774284,-14394.0969735,-10153.4305857
-46204.1124876,-17901.7725298,-22475.7403482,6401.58765968,-1624.57489645
-81646.4159201,-27224.3932148,-39927.139415,9083.19379311,117.201622886
-52260.8023275,-21497.2289345,-29115.8126756,6960.29011398,-534.925138122
-51789.6875828,-19675.198021,-27219.530421,4961.08741807,-1864.08755356
-53424.6967213,-21560.6520359,-29691.4557108,5425.70916972,-1547.80814125
383909.237798,59470.1217608,100911.269882,-48252.9420315,17605.8058314
-53978.066778,-22213.8636695,-30271.1404627,4568.96505783,-1725.54933943
-53714.4343637,-21689.0942882,-28545.1165436,7755.5345308,-335.015057337
-49595.6037696,-21978.0009848,-29967.7406085,4406.988232,-1638.98202103
-51920.7287071,-17865.4833855,-17576.8848482,8635.6150943,-1913.66963448
-44734.0581505,-19349.2651269,-22726.4759472,8130.17722043,36.7299368463
36983.9974897,14541.4180891,20124.3663811,-37379.8238711,-2099.73465423
-52930.2507254,-21092.9817495,-28336.4800774,4909.21327152,-1681.14055433
106997.974386,71595.6653626,108359.811025,-57075.7663886,-13746.3872865
8698.61008441,41454.3172677,23172.9139749,-31220.7636061,-15216.5978507
-53618.2635843,-22238.5047075,-31223.4296712,4342.69419882,-1745.20714237
-41785.6682767,-16619.3501178,-21235.3484125,6993.95685838,-531.527891677
-81646.4159201,-27224.3932148,-39927.139415,9083.19379311,117.201622886
-29864.7193903,-9949.67063623,-6523.4713041,2198.35408865,-1448.95459539
-53648.8775802,-21290.3607659,-28632.9687903,6186.64866546,-1373.26622229
132628.011442,2550.76587996,52165.4166205,8945.53769633,16414.3140379
-53614.9570955,-21495.1906038,-29162.2577103,5171.18867855,-1557.82412022
-54033.6221425,-22529.5921072,-30487.7235084,6226.22232582,-1075.93128041
-53363.6727648,-21095.1930198,-28529.2656799,4818.36612289,-2248.60478066
-51512.4479916,-19494.4003739,-27230.9520353,2620.71663484,-3950.4778827
-10072.4651788,6445.07218477,6204.06921842,-13071.9838492,1812.14996686
-53440.3630381,-21934.0944125,-29905.5260108,5264.44884643,-1249.01990756
-53410.0359985,-21801.2397803,-30004.9910537,4843.41722166,-1420.63749252
-51329.8864061,-16249.6490849,-10522.0546014,11436.4440878,-2427.71202735
15252.3474422,52456.3588006,68595.0235426,-49455.689693,-56436.5779753
-53043.5069209,-21547.8675505,-29769.454352,5008.51675193,-1672.0015631
78792.3884904,59487.8063456,39102.26048,-54326.4372341,-15638.7175988
-54062.0434427,-21774.0725038,-29599.7729718,5123.83527593,-1676.32625064
318299.813657,99963.0529526,48732.468043,-17339.6865024,15809.9223057
-53167.8796026,-20302.2160328,-29983.8694076,5535.03688806,-1552.63012776
-52737.8956617,-21171.1502021,-29502.204644,3821.0777925,-2289.37232856
-52711.2861354,-21374.8351491,-29539.0280419,4246.11095634,-2001.21361641
-54370.4762191,-21364.4718861,-29684.9913923,4297.47297864,-2334.12437672
-55280.3314441,-21227.621034,-29203.289608,4349.58705977,-2671.29327419
-52718.5432417,-21584.8496601,-29562.7963208,4900.52956002,-1686.91125036
-53408.6351946,-21650.3011176,-29072.3074236,5532.72316466,-1587.43120747
-54076.9432143,-22252.5711143,-30912.1598896,5278.93171224,-1067.02309981
-55546.1139498,-21202.8840948,-26920.9379652,12435.661914,1058.32380699
-48351.2501218,-18628.9861432,-27024.6437825,973.067661931,-2851.46601501
-53511.384525,-21327.6329979,-28809.3242491,4733.80894829,-2011.22843262
24596.1698315,5796.0064183,12009.9995391,-32448.9389794,2052.25421608
73010.991867,52173.3647209,78564.238526,-69301.9906989,30223.7210414
-53422.3772609,-21671.259495,-30198.8482812,4628.19349185,-1654.390492
-51216.4925359,-19188.721502,-28266.4456885,6143.94391497,-710.060288967
-55141.3595608,-22850.5911478,-29694.3983356,6916.52977734,-1341.45004184
-53852.3189499,-21290.2159726,-28029.4969713,5475.69583988,-1651.91075561
-55351.0120338,-21054.9792628,-27676.490804,5815.7213277,-1799.41759251
-52391.4446204,-19610.3619398,-24711.2529411,5061.55022779,-2850.62757397
-53829.7794683,-21977.4198874,-30594.0324945,4921.04739436,-1283.67192605
-53126.8741728,-21817.3931,-29652.3782543,4618.16115699,-1353.6727528
-81646.4159201,-27224.3932148,-39927.139415,9083.19379311,117.201622886
-59845.5582722,-21265.3751556,-25611.9132115,14938.5891324,1615.88265183
-53391.5966757,-21718.656664,-29360.2582404,5547.50876802,-1265.09453359
-53550.9089642,-21622.29103,-29465.2667748,5045.07335643,-1645.74289677
-53508.2323319,-21643.9853727,-28683.9723644,5039.6490375,-1652.52758887
-54993.49505,-21284.2466077,-28592.6421787,4413.49667132,-2041.916541
-53828.6833148,-22237.4851412,-30412.2926165,5062.87896411,-1329.83335741
52961.710126,52933.1012824,49920.8482696,-57980.8475779,-28220.7650601
-52819.949189,-21618.6799566,-30311.0211109,4064.01701119,-1908.02078678
-53517.9701674,-21057.2095549,-27047.9903324,6691.82771161,-1393.15295471
-55381.2089404,-21524.0642385,-29166.5494758,4874.89360556,-1216.27375947
-52935.0301129,-21668.5514827,-30317.4070708,4664.23491944,-1379.46045713
-52900.886769,-19571.5116256,-24249.1204689,5686.6238485,-1931.05383616
-54029.3076696,-21418.3991496,-29831.8527505,4422.6718275,-1945.26700709
-6193.00885715,-3577.55925827,8173.90778374,7678.67646052,2447.72842007
-53336.4192577,-20786.8005971,-26650.6561222,5383.43321704,-1656.51674974
-53642.0339093,-20848.0939478,-28120.4517361,5271.92488224,-1971.51320628
254643.842064,79139.4924969,149676.588425,-79381.328651,49609.0879616
-53945.585547,-22017.9953403,-29905.075686,6082.68720466,-1134.92887862
-53074.0003939,-20921.9515497,-29013.7872612,3703.69580933,-2060.3175273
-40381.9133468,-1255.59048038,-18034.6432351,3056.75016527,-1631.78499495
-53466.4725714,-21121.0817487,-28176.9395852,6537.28851659,-1249.13588861
-81646.4159201,-27224.3932148,-39927.139415,9083.19379311,117.201622886
-62122.3964191,-22049.2684096,-28484.3051926,11480.59923,287.884973168
-50779.1129086,-20657.9179152,-26730.6367696,4837.43985632,-1947.35763977
203327.268738,42983.6227582,103950.096027,19851.3185925,26871.6251585
-53782.4337221,-21518.0427172,-29243.1860551,4841.83733631,-1807.2193991
-53870.2888982,-21643.7661717,-29422.0801099,4886.8129299,-1636.25838041
-5070.87702104,-21424.4663258,-21124.3245782,12144.6444216,3132.05027397
-81646.4159201,-27224.3932148,-39927.139415,9083.19379311,117.201622886
-53266.8101485,-21715.1641887,-29751.9128428,5057.54228872,-1329.8320637
-55834.9280178,-22403.5746604,-30906.7123542,5653.45513062,-1208.9939153
-81646.4159201,-27224.3932148,-39927.139415,9083.19379311,117.201622886
-51842.5361994,-20468.4510635,-28779.2782124,4539.55260761,-1640.89771968
473578.417201,175671.812857,229490.385918,-171095.260808,25091.5333223
-31737.6964346,-14232.0764904,-17252.1967728,1855.11107908,-222.242485384
6296.58364353,8492.55741794,15298.8367877,-20917.3972392,-5223.07790966
-71489.8915078,-25112.4903095,-36489.8746681,6898.3360089,-406.990007294
-53292.8649784,-21287.9476608,-29398.4802867,3865.48274494,-1563.93090299
-44923.0428777,-19532.6886301,-27111.277057,1736.76564708,223.295951188
-81646.4159201,-27224.3932148,-39927.139415,9083.19379311,117.201622886
-30246.3395179,-15096.1556615,-14834.7213707,229.731083621,-2785.04314971
-54419.7151604,-20727.8234771,-27340.7069055,5693.31414622,-2154.40037331
-55006.5390381,-21124.5911192,-27912.8156446,5657.39242031,-1890.1766241
-52976.3873763,-21295.9074071,-29651.6053352,4112.77593458,-1846.08160255
-53777.9187485,-21951.274712,-30533.276697,4779.48401622,-1720.58196579
-53684.8406134,-22190.6906954,-30221.5499373,4634.95613363,-1313.32809527
-54403.8615069,-22094.9425597,-29869.7107094,4622.37475042,-1476.87942158
782808.599504,100521.406757,244604.068324,-18374.2808048,76336.5560639
-53354.8456382,-21483.4561962,-28947.7969454,5134.76027279,-1614.03781564
-53399.3385858,-21055.7582148,-28003.9222224,5390.2772673,-1582.8304111
-55658.6956288,-21780.8239522,-28670.1863664,7465.60761206,-1059.73759862
-53688.4947282,-21751.3123825,-29737.6799979,5427.08582047,-1202.29953741
-53609.0736374,-21635.179769,-29353.4178573,5854.19187252,-1675.78198752
390188.997585,222115.732655,326808.666829,-221485.662357,-44684.2175111
-29853.1446564,-13107.3747307,-9048.86142296,12264.4405382,1460.59565695
-54155.0827679,-21162.6490665,-27388.2262316,6173.2653669,-1446.75623406
-55037.1700596,-21739.1337457,-30408.8670448,4348.71826634,-1304.06920556
-47043.6674412,-16209.0496492,-14203.6871552,10647.880955,-974.314349601
-50068.7122484,-19968.9289297,-24593.4612733,6297.32649509,-1372.57903478
-54390.3123399,-22223.354651,-30626.4154975,4418.68233203,-1827.62795437
-52560.636917,-21515.6852897,-29614.7009998,4765.53787864,-1710.1752398
-53352.3925006,-21425.9017515,-29995.7776284,4164.80341766,-1691.01313376
-53182.7902931,-21443.4563733,-28822.1335866,4361.8396487,-2002.54493413
-44361.0992258,-15427.0265534,-23080.9966276,-2063.76642853,-4041.97271676
-52121.5672055,-19953.5569251,-23862.7710278,7100.20209628,-1424.62344815
150955.920213,79275.5955066,111624.085936,-66022.3081519,-7145.83531471
-53559.0628164,-21829.4619114,-31367.4778479,4721.28568232,-1784.03524664
-54383.0887895,-20038.5327434,-25514.3942105,7314.11443312,-2207.59650143
-52455.8199485,-22207.7279273,-30729.1431341,4580.17061271,-1623.65592165
-53036.237787,-21201.3581629,-27464.852395,6080.478377,-1536.37177594
-52209.1321299,-21014.2976778,-27869.5016874,5436.04970941,-1380.79672553
-55085.3753944,-21715.2180214,-29956.5823854,4715.4702453,-2032.466445
310584.921178,113236.069616,230886.910164,-87862.8976735,-15601.4449172
-53705.7424034,-21696.6718608,-29436.4294356,4625.79410648,-1921.81116394
-53717.6539872,-21694.2290787,-30028.9471732,4794.68250036,-1731.35816885
-53574.0607684,-22152.5559863,-30027.6530284,5177.19151995,-1341.08217279
-50663.6060898,-20383.4138801,-28369.523204,3296.73058529,-2329.1747162
-51942.1775056,-19882.6434397,-27855.1547016,3075.08325384,-2776.34476534
-52648.3274606,-20725.5388481,-26453.3554826,6385.40195061,-1429.91094994
-53388.9556198,-20253.7904519,-26025.8079018,6026.48694229,-1879.83130108
-46476.6447926,-7603.8035801,-22216.1417636,2812.42687313,-3408.18088326
-24995.4313872,6667.72427082,11182.8432097,-12759.6083478,-20857.9933713
-54054.173531,-21658.2530631,-29831.5568229,4970.46312579,-1462.50491971
-55210.6401302,-21830.1687229,-29447.4231255,5022.22505775,-1665.67062687
-53491.8618302,-21969.6926858,-30973.5275987,4555.22769507,-1545.86167115
-53240.2424946,-22044.0263611,-30053.4010154,3836.43956577,-1942.69794502
115246.272333,39800.8773398,152413.958328,168040.499936,73130.4292168
-23317.8458039,-15008.4880856,-6709.14485994,15244.8411063,2173.53050995
-53520.4447026,-21687.1638378,-30615.0359357,4756.59134864,-1358.87551161
-53084.2165273,-20964.0347021,-27787.735323,4760.92348418,-1441.22012668
-51540.6014453,-21379.1655037,-29549.2068062,4765.6191389,-1415.9002324
-53543.5227425,-21846.6217941,-30379.0503001,5040.331913,-1380.66357543
-51994.3561932,-21283.2754094,-29675.8449477,3643.92085734,-588.22987605
-54262.243649,-21592.9377946,-29704.6214078,5294.30545112,-1660.14741519
-36970.7589902,-4836.27498641,-2270.00648426,3897.54947416,1849.88805378
-57212.8612485,-21141.1425801,-29254.7535876,4370.3004008,-2086.53501814
-53893.0398555,-21655.0276249,-29101.0824316,4721.72796369,-1700.56311931
-53728.3296796,-22166.9590208,-30194.9379704,4925.74671557,-1748.26612227
-35534.4163326,6985.06013644,21754.9376019,-5787.72367713,-24800.1047165
-53695.5500152,-21687.3306487,-29369.9568944,5626.89759037,-1595.13068747
1350495.48757,796141.676807,809540.288551,-741033.428353,-102591.267316
-55677.616692,-22356.3946164,-30754.4542471,5871.40714928,-1025.26853678
-43320.2083744,-13358.2449205,-15617.0198721,785.1945011,-4776.25918569
-51652.7653428,-20337.521758,-28599.7519098,3813.27193538,-1480.47117311
152846.195605,85346.4950347,104838.913722,-98760.240891,-15256.6973728
-39880.9010387,-4388.19211197,-3832.97158622,-6949.30971934,-12443.1767085
-58746.630835,-22475.3344195,-29805.1101402,6259.05538139,-838.749776699
-53679.4689139,-21769.6480924,-30116.4218796,5079.19663412,-1678.50418791
-53086.8666676,-21817.010091,-30031.5612057,4666.94462574,-1666.72457981
-53699.3465955,-22158.8866795,-30362.0486438,4914.335863,-1340.55508403
-55252.1326014,-20681.5627304,-25344.9004045,9142.92401055,-134.575792678
-53263.9811566,-20997.3970158,-27043.9061591,6153.07898582,-1383.85981182
-54750.2911571,-18543.2442882,-18843.2287126,20193.9363001,3804.15249209
-53119.8876409,-22090.5229012,-30206.7782611,4818.89171838,-1607.03901739
-52931.1683479,-21875.1453544,-30329.3324271,4929.09857684,-1545.98719732
-81646.4159201,-27224.3932148,-39927.139415,9083.19379311,117.201622886
105645.928529,19972.1889057,53250.6416805,-30012.2595919,197.127342432
-52987.2045955,-21090.5093132,-28816.9910149,4691.16020721,-2005.20526775
-52665.0281451,-20881.3074496,-28162.9587645,4636.92294703,-1550.22056261
-49586.7740361,-19566.2469556,-23572.7874633,6278.15015425,-1391.89618401
-53270.3638825,-21299.4818363,-27971.4666703,4815.24940155,-1308.87453707
-53324.2554001,-21417.2096436,-29371.9237027,4816.37934679,-1357.56541445
-53028.6840165,-20786.0027595,-26997.0422076,4904.36598656,-1990.44714901
-81646.4159201,-27224.3932148,-39927.139415,9083.19379311,117.201622886
-53487.8861627,-21900.725294,-30462.1125287,5136.17202213,-1509.12542272
-53332.2563926,-21300.3819959,-27987.0266098,5641.64937138,-1423.54036896
-53223.508221,-20865.2920793,-27019.0984192,5389.29021373,-1736.70291861
-36621.7463465,4252.98759167,3425.71008101,-10405.4014312,-20557.1870126
-52404.4250481,-19673.2430342,-23842.588748,3616.85429028,-2623.32119033
-45269.9948012,-19858.9882066,-27131.9001084,1769.3723447,-663.407904318
-53797.4191273,-21943.4946331,-30266.7897067,5390.85080726,-1477.51213845
-51978.3533815,-21155.7329383,-29121.8178503,4918.36910207,-1350.58192153
-54557.0399986,-20598.9209653,-26761.7567548,4064.25021091,-2435.59024626
-55290.8390952,-20451.4953606,-26345.8070316,3921.1045476,-2792.43570304
-53338.4195027,-21387.0594845,-28287.6355494,6954.20186384,-888.987704722
-54137.2079061,-21669.4135957,-29924.6479951,4976.3142694,-1382.92625826
-52758.3793558,-21301.6227767,-29169.1607281,4892.58876696,-1754.08456225
-53141.3111173,-21196.8493693,-27635.944546,5443.40936552,-1932.42317647
-81646.4159201,-27224.3932148,-39927.139415,9083.19379311,117.201622886
393547.476832,394487.098114,641648.564029,-199050.567243,-186221.092136
-53646.0612046,-21912.3124199,-29878.1439708,5053.57508491,-1726.5323766
-54793.7789207,-22299.6284742,-31021.8135502,5004.25243048,-1157.05687218
-53714.1397402,-21724.9829562,-28860.7115951,5569.95500883,-1471.54913688
-34130.0338238,-9671.28921463,-24800.5554923,-1819.52430545,-1663.49022715
-49125.7627832,-21624.2798349,-29984.4670228,4378.66244669,-1458.39989273
-53767.8378075,-21839.2866129,-30240.2958952,4823.84653607,-1760.1786322
-61527.2537331,-20975.6528814,-23849.0481249,18436.0965098,2601.30214303
-53088.9171887,-22124.8107732,-30624.5811012,5032.06214841,-1242.88412243
-52622.0125174,-21071.3133498,-26770.4327823,6870.909636,-1287.62274052
1669525.22298,552760.643251,732276.99697,-532593.12088,188469.424061
-81646.4159201,-27224.3932148,-39927.139415,9083.19379311,117.201622886
-51933.6565651,-21396.9228404,-29556.6776027,4833.26238764,-1720.41297233
-31144.8234165,-7979.03404892,-13179.2908113,-2054.49099122,-2546.21239123
-53871.2848572,-21930.1579808,-29592.3951902,4549.37833787,-1886.73863841
-53085.5927207,-21129.4176519,-29204.4590022,5116.67808895,-1440.96147467
-53090.5269866,-21897.6738083,-30535.5835284,4135.70842076,-1860.12248558
-52224.9846569,-21368.4062028,-29961.6843012,4854.0228794,-1612.19063828
-53946.8687416,-21908.8310475,-31040.068596,4741.16762889,-1418.04032719
-81646.4159201,-27224.3932148,-39927.139415,9083.19379311,117.201622886
-53806.7809834,-21811.7563326,-30569.0655678,4178.14409916,-1402.89896924
-52186.6606112,-19970.6169263,-24508.5648841,6083.71962299,-2351.18242905
-52611.4626433,-21675.6336596,-30063.4992735,5186.27335812,-1064.92272088
-53722.423431,-21585.8571709,-29800.6863571,4944.8587339,-1720.24798356
-54027.612003,-22005.2593504,-30583.7475577,5218.5443312,-1331.64828786
-52917.6954441,-21170.5803662,-29347.2772343,5611.18252768,-1116.55161172
-53220.5464326,-21591.0435085,-29149.2107177,6218.75293184,-1048.53476032
-53289.6746047,-21678.6427948,-29975.7709949,4780.21456422,-1446.09246152
169381.788917,172891.035092,283259.36454,-100544.83663,-86901.0120301
-52776.575276,-21947.1882523,-29693.3179186,4130.50218086,-2005.53759302
-81646.4159201,-27224.3932148,-39927.139415,9083.19379311,117.201622886
-38889.7234126,-5891.33246084,-5175.01953776,-3935.87229038,-13606.5078428
-53073.5506047,-21630.4536181,-29356.7494865,5565.92809755,-1629.55888257
-53326.2066127,-21368.7565282,-27486.7413266,5434.19941093,-1556.7954148
-53731.1777874,-21294.5049472,-27437.7088629,5197.89839953,-1746.16764872
-53929.5916588,-21898.5585879,-29928.2898792,5208.27759542,-1122.83583239
-20313.3424993,-13533.3103251,-11278.7375094,4323.44967384,1277.29595095
-52645.1336371,-21407.9220398,-28481.0288314,4905.92530328,-1700.57378811
-68874.6927835,-23600.570494,-31761.2738988,12040.5611626,1718.23836736
-52846.6321152,-21041.1779303,-27663.3546315,5481.02541783,-1925.23302515
-53004.9873061,-21841.6044944,-29539.1568483,4892.8525087,-1749.65006103
-25056.6403378,-4079.20017186,4283.2988675,-6727.0230211,-4059.31458175
-53572.6255092,-21311.3599313,-29931.7056595,5956.15997907,-1377.85696103
-53653.1998927,-21844.7517174,-30396.9338991,4550.53890245,-1778.59603813
-29046.4428845,-9230.70832577,-11965.3243466,3277.27517513,536.941246457
-53427.7994405,-20692.6708541,-26410.496373,5482.03551123,-1829.21393782
-53871.2376724,-22133.6962008,-30587.4604847,5061.14529645,-1426.06118446
-53563.2238454,-21393.266519,-29340.6967842,4674.64701979,-1857.34945467
-53779.4799072,-22263.1225519,-31343.1466465,4903.26611238,-1453.05132244
-53166.3142915,-21657.2393217,-30212.8027345,4268.51064832,-2509.855839
-53937.3797984,-21891.0078205,-30183.2147141,4641.50846382,-1930.46263335
-55846.9503293,-20789.2781347,-28059.1868952,5316.95164699,-1990.97040513
-55844.815584,-22314.8569337,-30732.0789762,5341.5415407,-1185.40572437
319549.211778,193518.134008,156550.985059,-151365.734928,-49118.7934096
-52217.0960368,-21825.6583384,-30436.3253319,4323.03331031,-1680.48554951
-56141.0486617,-21388.4806851,-27733.1137987,10987.1383513,177.954064089
-53076.8731228,-20254.7357849,-24953.0558027,6514.87983836,-1273.47277345
-53486.6161122,-21607.0015151,-29845.7462214,4823.98566494,-1270.92281724
15889.6305251,3587.69443015,6829.16004712,-23474.1900427,2983.95366298
312.036607798,9383.9944308,7573.69146157,-21778.3669512,-7900.43684049
-68957.4011386,-23593.4336156,-31696.1575267,13651.8770177,1983.57741008
-56285.5506264,-19938.828135,-22282.7370555,15094.2611464,1424.67321666
-49087.6316862,-15017.0569733,-19737.3927542,2188.85446304,-6449.08413669
7521.45768735,33115.4752427,42281.293917,-34723.8905508,-36621.0387721
124412.085671,97328.9021605,147575.682805,-66035.1891098,-60387.2720359
-55209.9451219,-22471.9233254,-30692.9492761,5218.27340717,-1262.86630025
-50473.2408497,-18478.8836352,-24010.1757537,3664.71984337,-4332.58984148
-53583.7597441,-21839.084949,-30247.5624279,5551.70776998,-1104.290656
-13158.2932366,-597.059350713,535.646888404,-11408.9136195,548.240715605
-53730.5286795,-21902.5010767,-30765.5922789,4405.13788259,-1706.59258328
-52309.8542345,-21807.342755,-29491.8947323,4963.37369975,-902.254528024
-53731.0390211,-21742.8173535,-29845.7386444,6093.21075161,-1050.94156102
-55909.4635152,-20411.8635437,-24566.2174018,14485.6700985,1754.17811285
-53738.1436134,-21937.1614905,-30525.2710084,4713.75638802,-1442.92928075
-53030.6913551,-21099.2088735,-26740.6320025,7515.33492211,-847.113916696
58163.4925254,-604.927036517,877.937188513,-15212.8468319,-3977.81066384
-49220.0368622,-17592.4130642,-22463.1535548,2149.41140688,-2390.97763783
-53260.4244442,-21830.9933598,-29691.9957766,5568.72870912,-1279.24147769
-53938.5795651,-21406.6110055,-27682.5083012,6865.02153662,-1195.64636115
-32981.4763714,-910.1572751,2519.20845269,-697.217168852,-2741.9070101
-52939.2945047,-16875.0211889,-22656.5199701,4910.73901146,-2716.22399938
-51005.262008,-21666.7892832,-30289.4222789,4509.39304871,-1297.60759522
-53882.6694069,-22035.4381578,-31223.8016186,4460.46911594,-1994.85731143
-53586.7515605,-21727.212697,-29484.5610686,5501.41308832,-1739.15031551
-53465.6059803,-21349.886499,-28684.7727465,5572.00463009,-1253.95459736
-53125.9102046,-21793.8502426,-29942.0312532,5602.95834283,-1257.5140318
-56590.0643161,-18583.0390659,-19464.357089,19389.4665192,3105.30874821
-62637.5434708,-22648.0368865,-30717.1175328,10663.5274123,770.4912061
-53138.9746083,-20419.3056485,-27553.7485388,4956.21543954,-1781.00534371
-52722.6299876,-19152.6821731,-21957.3635034,6326.89717394,-2312.96833134
-81646.4159201,-27224.3932148,-39927.139415,9083.19379311,117.201622886
-31341.6683004,14988.96596,47540.6730166,-7858.7870107,-30435.7100225
-53909.704901,-21601.184186,-29330.988213,4598.78055256,-1813.4198741
-67628.71824,-23214.9895329,-32754.5089403,7737.20211268,804.503637698
-45603.9577525,-13961.0848272,-18463.4987875,-287.975653149,4402.18458719
-59886.3410768,-21776.6669502,-27775.5930016,11940.9971597,975.687991005
-53060.8824028,-21099.4470832,-26985.6890654,9074.93105189,81.608343119
-56753.1574466,-20737.5937878,-24727.4090243,13032.4503413,431.613850232
121931.205953,249389.574837,784000.73972,741875.878628,217396.98464
-58025.1205218,-20729.70071,-26360.2907157,9495.16748157,-930.314885596
-53394.1193865,-21589.9441347,-29510.4228706,5156.9847788,-1562.13696011
-81646.4159201,-27224.3932148,-39927.139415,9083.19379311,117.201622886
-53519.2150683,-21523.1762403,-29339.0725986,5148.07958128,-1329.11098094
-54271.6150373,-21611.1089452,-29733.2903994,4995.38935966,-1754.00772493
-53623.6037742,-21784.5143315,-29971.4507013,5077.64298728,-1366.95174037
9317.55282309,-6457.25104768,13096.5262923,28440.6339683,9531.47400559
-65877.2318228,-20314.4472864,-28273.8634114,9850.15063851,-109.261288257
-61744.0620341,-21169.8006678,-26093.929031,15272.6953334,2086.76180918
-29081.1664447,1017.69095004,-13825.0084145,2299.27533065,-1780.73693208
-50375.5201209,-20622.3463307,-26780.7605983,5079.06761678,-1469.67492533
-32266.0608236,-17867.3615519,-14882.4464637,9415.86557571,-1579.16905747
-58946.9700848,-21710.2119018,-28450.9034515,10419.1085162,-8.50945563429
-57197.5369241,-22016.0149797,-28424.6401873,10327.3962164,477.561933742
-51639.4051609,-19105.9727708,-26334.9744892,5034.01529752,-1366.67987243
829108.854741,288973.963929,431630.298006,-250751.886027,-67118.406037
-53258.8886276,-21562.0437232,-29309.6052375,4320.02835199,-2092.428891
-55009.084661,-21704.210417,-28757.4152617,5333.33879071,-2072.57178451
13057.8690223,5486.28884451,2460.30178465,-19708.0593222,3719.89110522
-49438.7828061,-17399.0775264,-18619.6035361,8430.33739962,-688.749757289
-53155.7706332,-22105.5015539,-30716.312073,4355.38121698,-1657.8544243
-52132.1697612,-17799.0407872,-19379.5090544,4682.61532571,-3748.5426576
-49580.1736391,-21299.0618053,-29226.5673478,4823.08671798,-1258.54914232
-53611.1821198,-21731.8160989,-29577.1598374,5690.68849199,-1285.35708997
-51406.0055849,-21394.618364,-29984.5959313,4484.31216451,-1649.62067344
-55956.4396395,-21960.0250269,-30686.75007,4693.04223086,-1151.88262626
-53743.7797462,-21718.66054,-28777.598239,6047.04457344,-1225.10795879
-49115.0471916,-19653.7809422,-24661.6964469,5447.30919266,-2004.6343394
-51808.2921642,-10701.5691587,1645.42059915,21998.4821873,10554.4739964
191029.089253,88955.2508592,159079.568557,-35393.736577,778.592847382
142487.39989,63928.0672799,119499.461897,-38224.2062149,12512.7780292
-53172.6599315,-21121.4184104,-29024.0866356,5025.62787237,-1622.86596803
-52554.5513869,-21662.3403412,-29344.6816667,4572.77177439,-1713.30341127
-53125.5121439,-20732.584183,-27030.5431757,5937.66281151,-1705.53959526
230122.339596,164012.997745,200015.357053,-150052.747825,-63859.5194615
-53889.86716,-20788.4852538,-26901.8545618,5785.39150074,-1807.68001228
-53565.5669468,-22005.6144753,-30804.9779522,4722.53750624,-1554.15139157
-50592.3844047,-20520.1377517,-27251.4806964,7759.84229215,-494.802567312
-56393.2412369,-21878.7717622,-28590.7609907,9091.04227591,-196.994856531
-51537.3624442,-12444.7768747,2352.01992291,42534.2809982,10076.2883348
-56468.1476489,-20972.8445969,-26432.6188124,11349.3984709,261.54539078
596995.455536,218500.255391,177392.240055,-128020.642097,34191.2092733
-55976.3499239,-21377.7672042,-28219.7644799,10129.512322,410.486997177
-53242.6555286,-21830.3284216,-29368.1446222,5019.74528005,-1758.81245385
-61373.2659582,-22179.7589251,-28847.5373952,12846.4230596,1761.41255643
-49017.2722829,-19791.4299795,-23514.6470354,5382.90700967,-2157.44758198
-55918.5664331,-22281.4729953,-31253.4093219,5319.79157398,-1442.91529242
-53200.0371995,-21414.741288,-30321.8712376,4507.45643568,-1902.24844742
-81646.4159201,-27224.3932148,-39927.139415,9083.19379311,117.201622886
-52844.2321271,-20619.901112,-29822.9477632,6020.07534494,-727.252055425
-53427.0468602,-21789.5495319,-30282.1865653,4644.6718833,-1436.73710637
-15475.6915404,19837.6868407,54863.2291225,-5832.29167753,-18174.15827
-55664.6699929,-17573.2149927,-14077.0763271,23712.7427234,4191.00919223
-81646.4159201,-27224.3932148,-39927.139415,9083.19379311,117.201622886
-56175.2778275,-21859.7149328,-28603.954479,9834.44320168,-212.211840216
-56337.6898118,-21105.0683634,-26840.6639153,10508.0434673,342.178074984
-54379.8515387,-10495.4793015,8873.24144378,50633.6790533,12541.5454859
-56520.8344357,-21294.0689055,-26053.1794336,12330.5364764,531.524851822
-56570.2758289,-21747.0769335,-29270.4052663,8518.86972421,-44.6952370867
-53450.3860488,-21839.2433176,-30196.4060007,4775.61631276,-1257.69137819
-52129.8016817,-21275.5538959,-28325.2062689,5331.12114125,-1487.59633576
-41847.5176765,-16652.4458015,-23256.8293887,1581.52762368,-1515.51627814
-53660.7467935,-21825.3252739,-30611.5984926,4731.84332713,-1443.55113948
-52216.5798004,-21424.5228255,-29467.9565331,5316.63049999,-1325.8544579
-56907.3966132,-21717.8801066,-28161.0738833,9150.32235908,-33.9722732268
-57904.2767125,-21624.1325934,-27302.7994314,10617.0972939,-27.9247161488
-64604.2402676,-21477.5633979,-27329.9660412,14214.99234,2159.98133861
-64950.0670879,-21413.0036588,-27354.6378735,14107.4964277,2042.28032317
173385.028684,22022.2603208,57168.7048841,15744.6859349,11107.2886112
-53671.0679204,-21555.9667104,-29542.457324,4777.6910174,-1350.52295705
-58483.7785934,-21622.4162786,-27850.0051263,10969.9882066,343.155290296
-57500.7798158,-20366.7884194,-25808.7551919,11891.6088935,1015.6969313
-52985.4805802,-21059.2804802,-28077.5798209,3931.59491507,-1901.01190459
-53861.5038789,-21107.3506455,-28447.653825,4183.22666666,-2036.58729828
-54011.4247923,-21559.055315,-29018.8838852,5185.12332927,-1713.44913828
-52885.4072763,-21899.4087862,-30426.3594094,4965.10449248,-1278.12088149
-55911.1534025,-21917.8178292,-29498.3233649,5562.65358063,-1372.25111263
-58169.920617,-20505.2119386,-24766.605953,14774.3845673,1950.46024449
-51250.8227684,-20259.4972423,-26377.5080002,9318.84282024,555.95048738
-53678.4134558,-21788.4496409,-30951.5530258,4876.39501405,-1442.04498111
-53643.7524645,-22004.0836447,-30260.5530803,4862.52170702,-1436.61641599
-51772.9046713,-21114.999894,-29344.2942318,3595.26547338,-1501.60566869
-81646.4159201,-27224.3932148,-39927.139415,9083.19379311,117.201622886
-54128.1745087,-22153.4304955,-30601.7436656,5261.93108347,-1258.48279918
-43438.0347492,-17597.6519138,-23054.86365,1386.15196984,-817.432918099
-55965.5779378,-20966.2268021,-24459.7413457,13927.1450351,1019.26268954
600793.874445,494879.357898,1000046.2552,361182.684551,43117.526906
-53735.6878353,-21975.1514901,-30461.2210537,5179.69068695,-1378.14521933
-53620.6665356,-22132.0237812,-30012.6271712,5391.06930908,-1082.85262332
-53694.6690483,-21657.2512714,-30208.1665045,4865.95735425,-1786.10558521
-54122.9105091,-21674.3084602,-30161.1205996,4799.88801683,-1896.44365995
-50056.1586833,-21488.6870882,-28641.8018569,4278.92682226,-1478.75196841
-50306.8671664,-21653.8218378,-30296.1748785,3535.07012165,-1742.58114934
-55995.1822522,-21356.341974,-26223.5668576,12949.2991443,1263.99069319
-57843.7406513,-20330.8525883,-24445.7062885,12905.2799443,1026.39068825
-56990.0340952,-20946.1313632,-26408.8955464,13324.4970679,1677.23690924
-60990.1112405,-21014.5341702,-23173.1414163,17921.2833103,5121.23224446
-53475.6915045,-22004.9956636,-29683.197277,5003.76056487,-1247.03994674
-49930.6101713,-21727.257858,-30378.1890191,3920.1923937,-1279.86807315
-51301.1066108,-21546.1440392,-30125.1406078,4022.51740688,-1580.07429878
-53906.4847541,-21866.6351787,-30551.7701032,4999.86598526,-1540.32720337
-57459.0852275,-20955.4690485,-25057.7348254,17505.6042084,3426.41236913
-42064.7900005,-7510.20538152,1370.04622626,21387.6009498,5389.26842518
-53466.3058067,-21328.7491998,-28501.1073834,5448.72783103,-1245.58405177
-53754.7981728,-21861.5960977,-29782.4723969,5106.85046211,-1527.19620687
16780.2157994,53161.2084798,71455.9255065,-49198.749325,-47592.2969468
-53483.1368731,-20944.2895165,-27555.3458543,5716.36709783,-1368.24010147
-53893.85499,-22372.5249266,-30212.0756374,5094.2357815,-1266.49483177
-55210.125846,-20988.661979,-26558.241003,11942.5920684,1183.39207553
-56958.2210414,-21511.2037659,-28886.4077245,9417.20800992,210.527744411
-53498.7834774,-18459.6886021,-21260.1643583,15435.2943265,1641.78822732
-56588.8780963,-19202.3209765,-20344.1257595,18033.9417668,2209.75010808
-81646.4159201,-27224.3932148,-39927.139415,9083.19379311,117.201622886
-56686.5941403,-21449.7411429,-27856.4334674,9892.65558411,44.3337766621
525997.916436,234320.887921,444150.689265,-125655.26127,27105.0679038
-55937.2409292,-22044.1633165,-29014.0552393,8519.45643809,-300.179544756
-53507.2666371,-22025.9358394,-30783.2669277,5022.44881294,-1485.50944744
-53147.8941726,-21356.4533543,-28672.154509,5655.58036188,-1472.16846277
-52670.2623563,-21434.7587028,-29105.3765531,5225.09060031,-1258.56621203
-52971.988573,-22045.3480391,-30992.5436126,4675.62845201,-1197.13947929
-53752.9262656,-21780.9296433,-29239.772255,5857.69341038,-1665.85120135
-56306.4926264,-22581.7022419,-31223.2248693,5273.90621786,-1634.54032986
-53843.8610668,-22197.4838493,-30461.8809379,4802.37585861,-1641.30014321
-56490.6135661,-21329.0987024,-27192.4526999,11632.4820126,431.238659791
362694.008865,50125.6983317,125786.985909,5063.90959298,27342.3159534
30178.8087262,7662.60489832,41986.7222208,33354.5000157,12998.1291344
-56679.5861775,-22059.0456321,-29397.1607856,8720.56998669,-139.55885025
-81646.4159201,-27224.3932148,-39927.139415,9083.19379311,117.201622886
-53272.9868117,-21421.4646462,-28087.7265044,6815.20807834,-1144.89503873
-56605.5809991,-21436.3635672,-28092.7971919,10451.4684313,289.386946742
-52238.7925229,-20632.1301744,-28307.3909893,8320.22181781,-259.229193041
-53453.4814963,-21340.0367119,-28559.4668258,5779.58861463,-1375.97818306
-81646.4159201,-27224.3932148,-39927.139415,9083.19379311,117.201622886
-81646.4159201,-27224.3932148,-39927.139415,9083.19379311,117.201622886
382135.973542,77255.2376345,248267.726974,29314.4947407,25837.4644934
-56785.4147164,-22145.4015397,-30739.1761778,6219.62782929,-1164.35735556
173565.649523,77697.0399834,167658.628529,27101.3374448,52803.9181157
-54230.3645621,-21848.8123345,-29991.8231871,5753.4800925,-1248.78191311
-55700.803656,-21279.9111152,-28270.9780242,10053.6005113,370.32704957
-55798.1407439,-20923.4746506,-25030.8840494,12579.3825552,905.322285194
-54285.7482691,-21500.6899923,-27711.6104519,8572.00174587,-386.470122868
-53749.4284542,-21584.5642146,-29207.5387459,5302.02602903,-1698.38926473
-53663.4535014,-21469.1079143,-28082.2865098,6124.53183261,-1239.52317466
-51088.2704741,-21616.5128852,-29396.7821319,4769.84408028,-2011.46018575
-49194.5836736,-18296.6925944,-21741.0453023,10033.6164215,211.03700158
-13160.4018773,-7176.50375326,3488.4708519,21223.2152117,6211.19336171
-55510.6695388,-21257.4987713,-26791.7959444,10821.0867942,978.560076397
-51346.5270489,-19769.6151033,-27351.9709548,3232.54634424,-3281.98250905
-32312.088736,-6372.77991988,-12711.9965535,-10408.1617388,-6097.62765618
-53814.5942707,-21942.8060211,-30424.0898587,4986.90681199,-1250.58440655
-56206.3700825,-21430.067043,-28353.7899477,9170.95046976,-270.911036083
-56268.891244,-21393.0568382,-27402.9489271,8837.25471713,-737.904878985
-53998.0208637,-21473.6778626,-30216.4653835,4524.15876376,-1455.43360522
-59048.8364244,-22287.5572326,-29945.4521323,9022.02778225,-369.767469869
-52317.2144991,-20438.3615191,-27706.1046485,4146.30535188,-2883.46297953
-36521.4899253,-12386.5964025,-2771.22147829,27817.7662489,7283.34246772
-56921.1529254,-21951.2963975,-28025.3212482,10351.59753,362.08759737
-20252.6608653,-12896.606151,-5322.72748335,189.691297335,-1664.46350418
-61842.8179936,-21492.0556048,-25681.2726508,16960.9691524,2985.59308742
-81646.4159201,-27224.3932148,-39927.139415,9083.19379311,117.201622886
-56836.0485064,-21758.9916349,-29385.9565318,7168.52119686,-814.792031835
-52638.1924426,-21020.1809057,-27533.6068828,5124.58568932,-1391.32478843
-57076.885641,-22103.6573719,-30333.9482369,7140.83000954,-680.904650301
-56380.2398518,-22060.9644613,-29298.5580576,8549.51895502,-293.849684319
-53624.460056,-18069.7753066,-18557.8977575,17315.1914826,2452.91066611
207447.279363,37310.0422471,84583.5723757,-32761.0803805,17936.6604101
-56282.1907189,-21616.5879645,-28278.1095018,9505.06452778,140.892054285
-52628.9478995,-18171.3577555,-19615.9437656,6199.31132758,-2434.17434294
-48830.2502004,-19666.097139,-25895.2327718,5019.84456284,-1993.93660368
-57507.819995,-18847.3687585,-19411.3238131,14712.3785598,2146.18559508
-56140.7494996,-20728.342278,-25842.9268107,12279.0309549,557.576907917
-53621.1574726,-21834.2896624,-30333.8001277,5171.54521024,-1415.45716344
139644.392121,45723.5133721,58663.2050783,1701.07853409,31694.515872
-54262.2598401,-21730.1173492,-30014.4919645,5479.43864544,-1421.36022636
-51822.7171329,-21850.0707435,-30126.1011818,4931.19179995,-1515.29240475
-45427.7758994,-20888.6304895,-28602.4547391,4757.80531434,-1532.21421031
-57096.3958716,-21712.0657484,-28478.8645169,8786.10542184,-339.492901959
-57756.5597079,-21190.3632624,-27309.8034365,9627.75273225,68.7689426898
-55251.0434251,-21061.5130638,-26317.3294209,10626.2380759,-10.0608435827
-45219.5301714,-21083.1165115,-29648.8248432,3874.42002754,-1609.58244278
-55716.5731719,-21690.3786015,-27222.3835879,11134.4150889,336.833148426
-56850.4360253,-21164.007208,-26672.854378,11612.8592091,769.691630083
-53250.7245669,-21861.8501834,-29518.2229884,6870.45444489,-617.368494709
-47470.3408853,-14697.8875705,-20203.864357,1486.74138556,-5083.03336616
48717.9031118,57295.3129446,72607.5674249,-57129.6743326,-23229.3701693
136498.823746,84194.014429,152465.079131,4657.48867579,10381.0467165
-49524.1422295,-14609.3803547,-9812.72579527,8096.77751361,-4025.42255827
-56436.6543756,-21983.2198265,-29151.6749112,7550.51025376,-883.380808566
-57212.9587379,-22350.4261311,-29944.1758939,6968.8538852,-1404.06688234
-56611.1231734,-21828.2839246,-29102.3536319,9160.44846189,-226.538100275
-53900.389368,-22011.4829938,-30534.02079,4952.6531017,-1581.08256819
-601.706022658,-11503.6111579,-11635.9099622,3403.57759649,9030.64968367
-52169.2657075,-20375.0162912,-26365.7336221,6117.36327864,-1309.28228966
-53813.5055141,-21601.3932883,-30265.4834085,4847.62134518,-1681.08502442
-56351.4049789,-20103.9061256,-23647.7551783,14807.0126462,1903.02978075
-31897.8550689,1047.88018402,-3912.62166247,-7686.21712451,-13784.6541161
-43068.0945208,-20312.4675376,-26954.4728008,3719.75941889,-1848.86538988
-53398.5189452,-22109.2613342,-30639.5076984,4715.50504858,-1307.9235451
-23889.1571966,-10419.620226,-7618.21595376,-3787.76667575,-3088.35701302
-53586.9246793,-21254.4103691,-28149.6556673,5657.71842594,-1425.94179229
-21124.236672,-4198.90309419,-845.61544004,-9818.93136267,-6579.44762917
-59266.5369561,-21930.6254171,-27755.9441418,10474.2308031,713.899107184
-53165.7106133,-21593.7183073,-28083.8550221,6296.17190942,-1407.0752203
-48558.3282103,-21930.0779777,-29815.8767454,4646.92495974,-1668.36612422
-53351.1326653,-21923.5880101,-31010.3221533,4552.31141643,-1584.0726964
-57273.3390386,-21043.2671764,-26959.2229428,11548.754855,501.297351479
-53084.6062033,-21447.6190565,-28580.2421777,5568.96155778,-1232.87582886
-52840.1019819,-21587.0851092,-29845.7209194,4446.5998871,-1737.32190653
-53356.9696164,-22121.6034007,-30839.7184154,4494.05733442,-1267.68142354
22514.8086023,3650.2262954,16484.7227375,-12316.9262533,-5793.92532718
-31929.8386141,-15879.7527082,-20994.1122433,-298.060783181,747.160335499
-53457.9333359,-21757.2465181,-29706.3236634,5296.03142831,-1383.04377441
-32937.3334908,-1771.89685923,30953.4439058,23308.1909554,2054.04470414
-38338.9129215,-5532.03383125,21584.375878,28721.1272892,4250.06393835
-57930.6072442,-21949.450172,-28525.2861787,8346.56538692,-1149.88383332
-50651.8014085,-21382.2553891,-29364.8274806,5175.82559681,-1460.26487226
-52126.6793467,-21970.5523801,-29892.3088217,4990.18505537,-1357.40093061
-53572.6084906,-22056.6665949,-30469.5290295,4903.68353958,-1465.48226626
-53926.6916351,-22019.362699,-29954.2775354,5257.84838105,-1389.29891519
-52918.8970979,-21752.9211238,-29372.0401593,6270.65122926,-1327.95909967
-52563.5705106,-20578.5772717,-26882.6091116,4489.02584893,-2348.13764273
-53483.4390744,-21825.2507909,-29666.8213037,5365.23192848,-1624.11712149
-53409.9995824,-22017.8026512,-31028.4938811,4970.79839317,-1621.59389714
-53458.7087451,-21445.3260912,-30081.2800899,4535.21305449,-1701.78561796
-53566.1916012,-21905.368274,-30669.8460332,4236.52196049,-1976.73851898
-51810.9432393,-21587.29463,-29015.876114,5249.13852472,-1739.30787335
-41191.2062479,-12114.9214412,-10188.1920966,3388.85294047,-2844.01321132
-52836.3208553,-20493.8888989,-27398.3683493,4119.75683701,-3071.78423973
-54101.6785643,-21039.2460476,-28288.923034,4557.95216408,-2634.76706305
-56312.5948843,-21447.3026659,-27842.4122264,9505.281943,-129.151239389
-53180.791797,-21504.9667119,-29449.1539003,4888.18885477,-1456.58012593
-33045.9986972,-12559.3171604,-17562.401266,2424.38964928,-929.304578744
-81646.4159201,-27224.3932148,-39927.139415,9083.19379311,117.201622886
-53907.3532105,-21154.7327763,-27534.7558675,5976.83030495,-1475.3597056
-53896.2737757,-20778.0025454,-26468.0946078,6216.71572812,-1250.35227172
-53567.9463294,-21385.4702369,-29733.9598903,6052.88420655,-1137.28231515
-53356.7067406,-21500.4954453,-28151.060034,6434.42341919,-1302.61688375
-54030.4584319,-21169.8349924,-28252.3178995,6037.94623134,-1653.16666663
-11590.7966902,-2045.2898439,20298.182705,55257.2460768,28045.402885
-81646.4159201,-27224.3932148,-39927.139415,9083.19379311,117.201622886
-57018.0475118,-20978.6314256,-26280.411504,12864.2460902,947.167085323
-54213.3153933,-21758.8294972,-29626.1940447,5781.73297824,-1597.03232211
-53139.6726459,-22021.2189667,-30681.9849764,4902.87691811,-1398.15766121
-53813.8953491,-21527.2536169,-30167.6964627,5140.64929347,-1514.23461096
1910597.92633,579720.463397,1034671.95419,-638791.733987,218256.612966
-53523.5189361,-22059.4179332,-31029.6639815,4437.09744111,-1308.8739674
-53641.1384988,-21881.9451725,-29453.9892531,5003.61981934,-1256.65540511
1316538.17095,238503.387569,455232.204982,-429424.698033,312942.841742
-53849.032175,-22359.7326734,-30404.3760369,4729.95480271,-1351.44775807
-53158.5090861,-21773.1256434,-30358.2375797,4904.62089409,-1489.39776033
-81646.4159201,-27224.3932148,-39927.139415,9083.19379311,117.201622886
-81646.4159201,-27224.3932148,-39927.139415,9083.19379311,117.201622886
-53726.800123,-21857.5068851,-29061.470253,6315.13619452,-1153.87187473
-51300.4577488,-21279.8316815,-28765.1518232,4947.33932109,-1350.08273587
-53540.6061704,-21982.2982796,-30505.2693863,5164.72146122,-1153.76905776
817197.006117,7933.75323939,139558.519368,102577.565182,-2646.34467738
-54665.9010024,-22091.6292242,-29846.4578945,5234.9432679,-1397.72377185
-53397.387198,-22005.8668058,-29958.1697012,4511.65617564,-1587.42111721
-47626.8245377,-19487.5051162,-23593.4813691,4842.79176405,-2141.11708169
-50789.5869832,-17777.4364863,-22011.4568625,2441.8172523,-5579.42237903
-52378.2142931,-20913.7856169,-28504.9817965,5464.18962454,-1787.94369726
-53049.2896175,-20911.4327249,-26355.9294977,6505.74852389,-1350.63220464
-53446.7619471,-21187.0075602,-27386.6315259,6275.52189333,-1452.88641507
-54933.5420883,-18829.2604058,-19979.1205255,5380.73806028,-3277.29328843
-53454.8339992,-21612.9324107,-30343.3196813,4709.04768163,-1241.46831429
57994.7999229,2480.20056837,28811.7045838,38939.4866658,26887.0302496
-50194.8129693,-21678.7768488,-29939.3394647,4192.20090508,-1354.26142933
-57262.0027077,-20687.4066066,-24160.8564886,15227.4851873,2019.38837217
-54779.5264455,-21075.5664958,-27625.197314,5685.62472116,-1970.84441851
-55461.8731747,-22271.8230902,-30422.2989126,5661.26325481,-1263.85443896
-53696.7668932,-21755.800986,-29670.1296721,5152.05244347,-1436.37956582
-53526.4203035,-22185.4802629,-30534.8934965,4803.17157747,-1541.61003814
-53738.564882,-20826.6523705,-27440.5867043,5288.5387588,-2047.02309841
-53476.7566252,-21450.1101943,-29071.3027076,5097.36556846,-1366.45141845
407407.448683,466058.476793,651703.988202,-358944.612419,-334467.167148
-49285.9185761,-19363.501285,-24701.7166733,6850.77952253,-754.12361079
-81646.4159201,-27224.3932148,-39927.139415,9083.19379311,117.201622886
-43888.3243152,-20221.2935935,-24267.8099313,5584.37171247,-1611.45383837
8836.14628662,7835.37936513,11973.7131043,-21175.6553753,-2715.89696127
-53627.7071778,-21730.0727389,-30144.8939836,4708.09315614,-1454.9897597
-53404.2439852,-20415.9634832,-25339.8662917,7031.67699237,-1417.28804098
-54224.0695791,-22181.5357887,-30028.2037919,5434.48224317,-1487.66411548
17696.8961194,-1704.96370957,3574.55612015,-14660.4241992,7942.74369925
-53408.3757888,-21788.2962221,-29658.9029009,4842.79576368,-1489.6314668
-53786.6713165,-21765.3950808,-30022.8334031,5314.3839671,-1274.46636609
-53849.7078435,-22014.9985031,-29651.0821921,4949.78896614,-1634.24055479
-53567.0650372,-22383.0066193,-30982.9512582,4543.68386555,-1296.74477282
-61409.76041,-22036.1436001,-28539.3970503,12514.6818645,1644.92156325
13836.7962418,-3742.09468959,2585.96128419,-10944.1947869,-3141.67335589
-53972.9948518,-22169.696191,-30911.2002853,4457.67978952,-1831.40624275
-53642.6628609,-21718.1553171,-30834.0144713,4341.71935268,-1859.02447441
