-0.000318823898142,0.000866433920731,-1.20801294818e-05,-0.000176199614893,-0.000267369068158,0.000318560195823,-0.000415468669183,-0.00164177047187,-0.000535331071149,-0.000801344451719,0.000643926701081,-0.000242928348581,-0.000461232866018,-0.000362033444515,0.000402518078077,-0.000470529302779,-0.000273954994845,0.000239386801554,-0.00143492609005,-0.000368542479376,0.000800419264806,0.000198269328039,9.63059590599e-05,-0.000343367375687,0.000631568566896,-0.000300578430258,-0.000421526519145,-0.000574953509675,0.000259561566889,-0.000362855406009,-0.00237758446477,0.000501786283865,0.000333743994617,-0.00063268090013,0.000726135714752,-0.000333107231533,0.000424114612597,-0.000595159517373,0.000491256351439,0.000383377444619,0.000288682659321,0.000520782578341,0.000361883653027,0.000519842628534,0.000210733697543,0.000407376799099,-0.000212020205779,0.000128080936243,-0.000413065236412,0.000522041562983
0.00124483523052,0.00193132757488,-0.00246022868124,-0.000596254831198,0.000487946530679,0.000684705900738,0.000872356850273,0.00856085834896,0.00158781846179,0.000542247294796,-0.00111088241543,-0.000340376788133,-0.000602321690012,0.00626155009336,0.000218839194052,0.00138039042849,-0.00160854363481,0.000343163786254,-0.000348756957412,-0.000387263611743,0.00159450443787,0.000743645218774,-0.00297252826925,-1.75055477163e-05,0.00038425176588,0.0216621873799,-0.00030955573969,0.00179097980642,0.00034316288367,-0.000270841272213,0.000214039604432,0.00206254346242,0.00136909945703,-0.00286563044353,0.000971749213257,9.33319300486e-06,-0.00123778380402,-0.000871232831998,0.000366881290338,0.00118566650472,-0.000168076380629,0.00158461949651,0.00182158369324,0.000537053642293,-0.000219194757015,-0.00052407393614,-0.000753035009685,4.87275700005e-06,-0.00155285308365,0.000367738439961
-0.000243823306061,0.000839958472272,-7.6015086774e-05,-0.000358358025589,-0.000426341306681,0.000231589145588,-0.000460757540345,-0.00161772465021,-0.000367387651958,-0.000695761310447,0.000563450466311,-0.000323086518887,-0.000317119873431,-0.000346260851785,0.000433456687767,-0.00032176711277,-0.000311121238817,0.000318162882657,0.000900828620981,-0.000229771328881,0.000687006489294,0.000150721580685,0.00026329737569,-0.00025219194058,0.000333200833394,-0.000500432440955,-0.00025832310031,-0.000491879773634,0.000264279401051,-0.000265606829639,-0.00126389620461,0.000372536017003,0.000353809079001,-0.000618471042038,0.000511216437754,-0.000319917080257,0.000400519104822,-0.000535552519669,0.000295389364777,0.000440106684529,0.000289640811511,0.000582532565187,0.000367912156882,0.000366611463843,0.00034704165803,0.000558366843869,-0.000468462048186,0.000126884028677,-0.000373793372024,0.000555978552098
-0.000233185944776,0.000759384211207,-6.16369576014e-05,-0.000291833938281,-0.000563293905196,0.000292439778721,-0.000511797063978,-0.00140033599004,-0.00032969888137,-0.00062222918662,0.000564806665006,-0.000266718146006,-0.000301717926594,-0.000350564968065,0.000446427491228,-0.000282075062602,-0.000442210055605,0.00032126368245,0.00104177603331,-0.000235507132133,0.000908885841717,6.28601998454e-05,0.000261626050693,-0.000177362618481,0.000370514200162,-0.000571307727582,-0.000416283627931,-0.000495264460546,0.000273798382779,-0.0002262064471,-0.00104266352272,0.000283329371026,0.000231891872111,-0.000553582945315,0.000579582919362,-0.000260220140669,0.00047640487901,-0.000559245995834,0.000397430136169,0.000291595809685,0.000200876082087,0.000477752110204,0.000416784804182,0.000391628283045,0.000372482331026,0.00044633204989,-0.000323209686306,0.000124624236729,-0.000433101936094,0.000575419609983
-0.000240893695403,0.000838934890793,-0.000118788762548,-0.000263128380553,-0.000537796373715,0.000222967190179,-0.000441683733472,-0.00140246864835,-0.000319277431172,-0.000661714104225,0.000441435718697,-0.000245115266602,-0.000418992945189,-0.000312755077279,0.000391959655556,-0.000449109658665,-0.000343884002496,0.000302928632952,0.00102662346089,-0.000333394891074,0.000873139387037,0.00019743455382,0.000235893387879,-0.000288825763183,0.000472750118524,-0.000453023543079,-0.000264196275721,-0.000484818558484,0.000260595642621,-0.000246375075695,-0.00122693130997,0.000249748661422,0.000325188634474,-0.000673807052549,0.000506661528974,-0.000245981843728,0.000454209007049,-0.000487187619774,0.000342786786504,0.000391467060379,0.00035227465405,0.000669045601898,0.000196317523103,0.000363354033138,0.000377274792751,0.000461559856221,-0.000362592488193,8.83919076055e-05,-0.000458606890187,0.000660230586079
-0.000192880760008,0.000953422103519,-6.79307838067e-05,-0.000304854070464,-0.000553289777496,0.000320520004854,-0.000562981629497,-0.0013611392665,-0.000330372722355,-0.000845719927011,0.000467360100328,-0.000278981968794,-0.000374185604278,-0.000238933776591,0.000441976911438,-0.000394955350343,-0.000382052074228,0.00027794311326,0.000993119806848,-0.000325915057608,0.000946349449204,-4.48457622851e-05,0.000268285183008,-0.000268525669541,0.000445933364114,-0.000638533786071,-0.000347834754518,-0.000461924287335,0.000268477844617,-0.000245839631319,-0.000974463616769,0.000235271227885,0.000272268722915,-0.000604771344895,0.000628248648864,-0.000334244880002,0.000436913852319,-0.000543795855238,0.000373231506795,0.000586904818621,0.000296095372347,0.000486500867164,0.000313694521429,0.0004210992884,0.000461533431792,0.000590957505476,-0.000524841985181,0.000129880297558,-0.00037591098082,0.000760505672393
-0.000193511463626,0.00104477389513,-0.000147610956579,-0.00021367419494,-0.000438902907831,8.89942984951e-05,-0.000290155273763,-0.00171294403628,-0.000576616493262,-0.000593516151161,0.000501567909358,-0.000212630345956,-0.000348551470153,-0.000444555526664,0.000604587618337,-0.000607015647589,-0.000208040283315,0.000221622105152,-0.000972229792581,-0.000303235365488,0.000543251140054,0.000394323866601,0.000314600494441,-0.000171192791119,0.000430042400107,-0.000522033167976,-0.000422646003896,-0.00036906207871,0.000261627805987,-0.000389242147628,-0.00234651969209,0.000395452526164,0.00052272778191,-0.000387375599271,0.00083163611426,-0.00021767551473,0.000174235727335,-0.000432658632701,0.000360694204839,0.00022820689943,0.000249159706509,0.000651832990664,0.000320691967627,0.000267441284727,0.000120769507538,0.000407043812434,1.09254668559e-05,9.01024764239e-05,-0.000438001764143,0.000555407715754
-0.000264636585908,0.000911721605356,-2.80168820355e-05,-0.000375348876935,-0.00040235681878,0.000354370185238,-0.000417996463113,-0.00116850270956,-0.000371062840692,-0.000578392264045,0.000537446278606,-0.000243380443361,-0.000333171627822,-0.000324911193133,0.000456401367771,-0.000433071657256,-0.000309534512641,0.000340075160216,0.00108677100883,-0.000299872682017,0.000880153867701,0.000113575648041,0.000202346695931,-0.000280449873599,0.00046765748752,-0.000590668035631,-0.000334060386044,-0.000652669809925,0.000262729680683,-0.000259026391256,-0.000995298004074,0.000290437806891,0.000337653465393,-0.000740044965058,0.000682262727895,-0.000359013777069,0.000550990139679,-0.000692579531825,0.000315899804618,0.000489909564624,0.000288230794779,0.000593470024457,0.000257263137649,0.000517721864985,0.000387653124406,0.000540136276805,-0.000449078270309,0.000143291904344,-0.000521703329397,0.000582500246714
-0.000261719144877,-0.000758904552219,0.000287894044002,-0.000267294784043,-0.000189798779256,0.000244714350227,3.41167502456e-05,-0.000156540596024,-0.000374233390927,-0.000357412583752,0.000736324983986,-0.00036087316879,-0.000451168716082,0.000176665096776,0.000374938042272,0.00169421353816,-0.00035603253441,0.00016096412349,0.00121627077379,-0.000375229249562,-0.000318190576155,-0.00061289399977,0.000289019260247,-0.000268011394188,0.000709673487491,0.000247188567088,-0.000174328216612,-7.26114053722e-06,0.000248176056605,-0.000265936213476,-0.00136546611637,0.000130320317755,0.00026702984306,0.000226167612802,-0.000238428501342,-0.000468161906259,0.000353545252727,-0.000458271636294,0.000473303044658,-6.09076175802e-06,0.000111036201486,-0.000351212650808,0.000564554597977,0.000399649627763,0.000544734477609,0.000202144959479,-0.000292654158443,2.4641581075e-05,-0.000360206664552,-0.000400259627749
-0.000248068275324,0.000810287695413,-0.000101663444535,-0.000279575387049,-0.00049112108728,0.000258745656664,-0.000578402757742,-0.00126186784361,-0.000339997860259,-0.000577594878082,0.000389170081783,-0.000282681602724,-0.000304830711532,-0.000321720904882,0.000413405113664,-0.000364607459817,-0.000325347343426,0.000269335145246,0.00103663685546,-0.000337038526045,0.000738055352888,4.44121590694e-05,0.000287362914233,-0.000222458993047,0.000459956420878,-0.00048846529194,-0.000329218793058,-0.000455258363616,0.000272889687135,-0.000253608021599,-0.00128224511667,0.000355081522298,0.000327332928848,-0.000634159064101,0.00055920309771,-0.000299693747603,0.000464525619784,-0.000485972850007,0.000445738364853,0.000506623220658,0.000293495786068,0.000674085461043,0.000284314772924,0.000386115730531,0.000423661608841,0.000500082926807,-0.00045146547541,8.27394490848e-05,-0.000402118429792,0.000659589483086
-0.000261670312597,0.000724426931721,-0.00013096320366,-0.000409152314664,-0.00061598684927,0.000153354309125,-0.000422446195791,-0.00152371348345,-0.000315283492304,-0.000648603529368,0.000406317420892,-0.000276244833563,-0.000383810979555,-0.000329303332334,0.000370547215566,-0.000383651961419,-0.000478668264393,0.000306719907892,0.00102103562638,-0.000236245372472,0.000704988622454,-8.92405069288e-05,0.000230902617407,-0.00034535465193,0.000467957456313,6.17457276814e-05,-0.000280022540259,-0.000647604069562,0.000265813780212,-0.00026095569088,-0.00122117140531,0.000281776500804,0.000336058103071,-0.000485144967189,0.000510647320442,-0.000242191361423,0.000455200691352,-0.000506575638685,0.000420890893812,0.000646765306379,0.000215145262575,0.000393613911706,0.000355437632843,0.000476044457722,0.000443424140955,0.000597043036552,-0.000569363972989,0.000103169464988,-0.000511484507325,0.000522161804687
-0.00024547843414,0.000844962608732,-6.89386241454e-05,-0.000333451989986,-0.000533152059997,0.000339210415895,-0.000538244108117,-0.00141589262801,-0.000379091765375,-0.00082461441557,0.000506437513478,-0.000308095278653,-0.000335730615277,-0.000278551102634,0.000479775820824,-0.000449699000466,-0.000271779151279,0.000344952398487,0.00100352808897,-0.000309978573676,0.000779271317167,2.96857189716e-05,0.000234546730825,-0.000294851906742,0.000430111890884,-0.000376537609816,-0.000222931623804,-0.000560885847809,0.000267014567091,-0.000242352710474,-0.00114146282852,0.000345315900555,0.000309663856694,-0.000681237822893,0.000571111657795,-0.000302962206864,0.000421084473079,-0.000474284790836,0.000481152299073,0.000483503482824,0.000330146133257,0.000475373527867,0.000375396234496,0.000395544678134,0.000432399993938,0.000516650590052,-0.000394352203671,8.07235522552e-05,-0.000363913780128,0.000667326278778
-0.000277240655558,0.0013060134426,-0.000180217670457,-0.000156071185596,0.000189199810021,-0.000426378864874,-0.00187315334235,-0.00169064426357,-6.3804998634e-05,-0.00198732439146,0.000446907456698,-0.000852015671676,-0.000528074675021,-0.00039152669469,0.000542828771939,-0.00152254512062,-0.000203259211537,-0.00022095451225,0.000699350050158,-0.000185395180859,-0.000382108802737,0.00107177667369,0.00033257756518,0.000929020764997,0.000491423706567,-0.000398239916516,-3.07108447282e-05,0.000207606148424,0.000298003988606,-0.000349424874756,-0.000465802961818,0.00104317792883,0.000260488423105,-8.65968426215e-05,0.00108276234083,-0.000236410099713,0.000293515498375,-0.000493648897372,0.000566708789214,-0.000698942382182,0.000456998403769,-0.00132685906073,0.00018754625129,0.000834995670465,0.000380060126941,0.000522802832855,-0.000941811618637,0.000156848304852,-0.000407013357981,0.000168050550686
-0.000247608494599,0.000991446015602,-8.58145057582e-05,-0.000303769095431,-0.00043362023003,0.000165310237117,-0.000807091918511,-0.00141378482193,-0.00030258816951,-0.00102079735732,0.000608345527074,-0.000408650295363,-0.000345320466605,-0.000443196467125,0.000460519674023,-0.000823714766315,-0.00031478328275,0.000193776942256,0.00100159103204,-0.000271706728731,0.000562652492953,0.000414788893249,0.00032154857447,6.22700485389e-05,0.00046115295892,-0.000562184393439,-0.000354950620308,-0.000302132591788,0.000284888194124,-0.000236495379399,-0.00113521877672,0.000370437087434,0.000353269003536,-0.000507667808412,0.00080472333717,-0.000334225397485,0.000500868257944,-0.000542873837434,0.000463406788518,3.2486312833e-05,0.000343546922904,-0.000113968442859,0.000257475975127,0.000460839844999,0.000424850480532,0.000522527458782,-0.000615703870545,7.18934506553e-05,-0.000411159030632,0.000368805193845
-9.09736104486e-05,0.000910229753239,-0.000108482618781,-0.00037844622578,-0.000367448765118,0.000511353995965,-0.000346943213464,-0.00136434853416,-0.000358556499473,-0.000546610729951,0.000541266984977,-0.000252360946707,-0.000300906149688,-0.000235733619584,-0.000221060634964,-0.000513284516488,1.07831911992e-05,0.000315157954481,0.00117117519294,5.45566131065e-05,0.000846145135288,-0.000812497206898,0.000272058715463,-0.000329350220468,0.000474531626722,-0.00059268881422,-0.000477471138103,-0.000159210260662,0.000281643095811,-0.000242882504666,-0.00125656190022,0.000404861840868,0.000359956650774,-0.00063347384359,0.000582798055399,-0.000399671026135,0.000515639862119,-0.000524675985827,0.000366237843169,0.000243436512651,0.000248391268998,0.000597022286846,0.000330909019385,0.00061479234614,0.00055240727604,0.000588808208021,-0.000153190068939,7.52494345184e-05,-0.000475112360975,0.000714273513917
-0.000249854787734,0.000976233373426,-0.000102503802476,-0.00019765463795,-0.000404933354227,0.000184980388138,-0.000492413539135,-0.00150509146305,-0.000545554643746,-0.000506511641281,0.000523955000827,-0.000300647609349,-0.000368965737199,-0.000392907670444,0.000608242212809,-0.000140098307655,-0.000349307060074,0.000277044646415,-0.000224951678366,-0.000294773277881,0.000631016024062,0.000327323869365,0.000302494256227,-0.000257677499478,0.000383475239026,-0.000543403949228,-0.000471701913473,-0.000492137906752,0.000267428163239,-0.000349999078789,-0.00195823077138,0.000344841808417,0.000436796184918,-0.000701383343015,0.000763555584805,-0.000254109924514,0.000276387918957,-0.000511191793421,0.000374015118961,0.000323606100684,0.000241856036039,0.000431108991863,0.000218408967008,0.000306061490635,0.000107997369024,0.000458460322148,-0.000215638244679,0.000133855964356,-0.000375083495314,0.000674863331359
-0.000245609764646,0.000821076395764,-0.000166070774907,-0.000333220693644,-0.000448586421287,0.000224796670275,-0.000599540468823,-0.00152776772001,-0.000295439946438,-0.000669904204177,0.000397044039444,-0.000299367430507,-0.000323421401402,-0.000324412532261,0.000432347491421,-0.000344642688715,-0.000383109493122,0.000306771862413,0.000976341409442,-0.000157985117464,0.000747900589417,0.000255773210862,0.000299804746056,-0.000236740730368,0.000470579597813,-0.000352228756204,-0.000327565198599,-0.000637606606099,0.000285166544014,-0.000247377661387,-0.0011378783099,0.000300827462557,0.000301725037627,-0.00071206084673,0.000620931028751,-0.00029168046238,0.000461157070132,-0.000435843874177,0.000432495234024,0.000412797237975,0.000284236677066,0.000431061934901,0.000369998080714,0.000383982147932,0.000444082197763,0.000556421404632,-0.000499660227276,0.000136865628912,-0.000412997743582,0.000745564443481
-0.000196713026785,0.000958168612111,-7.96184027005e-05,-0.000357572862695,-0.00044157690932,0.000403592942696,-0.000488028025742,-0.0014514053401,-0.000329250483428,-0.000850521068858,0.00052953406775,-0.000290664494123,-0.000442794356711,-0.000238031995763,0.000408332311863,-0.000292668862279,-0.000573664811227,0.000315190196229,0.00110052645067,-0.000321875980784,0.000791638970278,6.80634700166e-05,0.000216005275259,-0.000287412144274,0.00046614445325,-0.000586109516757,-0.000356803007151,-0.000567409959366,0.000271530331083,-0.000233141972045,-0.0010196184535,0.000333044284927,0.000264122669196,-0.000622582149829,0.000569947467571,-0.000383298124394,0.000442520505833,-0.000526708627753,0.000397314642312,0.00044618527811,0.000225594358684,0.00038705515896,0.000422858533683,0.00049258402376,0.000428724186134,0.0005333613659,-0.000286066595962,8.84178814369e-05,-0.000399978413249,0.000662141983278
-0.000209245517666,0.00165981065413,-0.000240376765181,-0.000336383863147,-0.000386265602543,0.000387285032104,-0.000830185755689,-0.00188815146191,-4.63401807259e-05,-0.000588387504115,0.000417446068228,-0.00029080129155,-0.00033281613608,-0.000367149852844,0.000581320562208,-0.000613784403314,-0.00065203958085,0.000379732616127,0.00034121572749,-0.000342266028283,0.00139922108854,-0.000588627410031,0.000147707381267,-0.000353422170323,2.63277193686e-05,-0.00105884571402,-0.000308715072023,-0.000774534404909,0.000284589116616,-0.000329003300812,0.000649932342099,0.000308394891753,0.000226422649599,-0.0014319164886,0.000887413734823,-0.000240745995016,0.000597333689344,-0.000536749050457,0.000449512919809,0.000896491791001,0.000297826416866,0.000434892223463,0.000489154845663,0.000543685639774,0.000226510536831,0.000744895354974,-0.000735212718198,0.000303848536433,-0.000416260214456,0.000960254413979
-0.000194193797134,0.00131531442593,-0.000138955949732,-0.000337725842717,-0.000233867968521,0.000364932166326,-0.000663087185478,-0.00208794807728,-0.000318320699822,-0.00075631389782,0.000487392566407,-0.000219423382267,-0.000461963785366,-0.000398122533504,0.000277639268868,-0.000445906074267,-0.000468708029135,0.000353184393234,-0.000931352184307,-0.000416366852945,0.00111428329625,5.91524963479e-05,0.000147209731809,-0.000348961988962,0.000297614342064,-0.000810690811489,-0.000557718175122,-0.000884240544857,0.000259100753289,-0.000349225014624,-0.00113212421879,0.000379978654227,0.000125842493668,-0.00106808147361,0.000463674920625,-0.000346129002317,0.000234464837285,-0.000683200855857,0.000538308763267,0.000457027567264,0.000251474135089,0.000785073827322,0.000417868105289,0.000710787387289,0.000529771745457,0.000599363155211,-0.00065309852146,0.00016310904951,-0.000399695972097,0.000796702348976
-0.000232029496651,0.000920374837168,-0.000152008069778,-0.000208514280031,-0.00052618756853,0.000237065996851,-0.000461491939702,-0.00133179272453,-0.000568021993259,-0.000570059358262,0.000402873952963,-0.000207239452292,-0.000318807072979,-0.000404762504639,0.000605507806149,-0.000171720612742,-0.000201288086509,0.000270101639385,-0.000101687418157,-0.000243773855988,0.000705923953848,0.000343369653381,0.000213913370966,-0.000248808796922,0.000409834588201,-0.000517195608759,-0.000390003888344,-0.000502611989832,0.000257452552098,-0.000352045179819,-0.00210166041293,0.000329293622417,0.000440939705212,-0.000713299627542,0.000711947587131,-0.000113570049062,0.000202304974334,-0.000403014826122,0.00032086086979,0.000274119993518,0.000380137776151,0.00065695007773,0.000269234338304,0.000243711265329,0.000103383822731,0.00045094725963,-6.91695641794e-05,0.000130372583712,-0.00037814804546,0.000575116087684
-0.000235189883194,0.000967426904465,-9.26087515978e-05,-0.000303412165682,-0.000575035235042,0.000277784424912,-0.000465228019706,-0.00147003001064,-0.000364642209674,-0.000557608293205,0.000427344736255,-0.000294200596475,-0.000362738349906,-0.000299398913304,0.000443039147044,-0.00015921752461,-0.000465644330671,0.000309918539282,0.000987905354754,-0.000174982228566,0.000749080104603,0.000137793958304,0.000205313114283,-0.000284527324772,0.000484747314326,-0.000584091527693,-0.000322976073172,-0.000566842903609,0.000260660470307,-0.000214932138377,-0.000944763329346,0.000345584317086,0.000255880143598,-0.000774500085945,0.000537004988528,-0.000282890946746,0.000496817286481,-0.000496262138701,0.000334112721959,0.000455696092272,0.000214981147611,0.00043554659827,0.000265889966011,0.00048939177917,0.000333423452727,0.000561075764147,-0.000468947540847,0.000146279033669,-0.000355071847011,0.000672573826411
-0.000238195866567,0.000957461979325,-0.000120123573334,-0.000352077372763,-0.000485326263381,0.000339837862726,-0.000435614244768,-0.00161322947937,-0.000279048814752,-0.000736883255474,0.000502905019467,-0.000258999360611,-0.000394531985553,-0.000317424563079,0.000477781620383,-0.000273748250404,-0.000458417452113,0.000347868247991,0.000948674600672,-0.000182472178453,0.000736473592852,-0.000104262776174,0.000320930184284,-0.000289718320117,0.00043216882977,-0.000676102347193,-0.000317904651185,-0.000585172267773,0.000266636877836,-0.000243353962909,-0.000910624009768,0.00038932508559,0.000293089126715,-0.00067840178441,0.000645587751367,-0.000298650274492,0.00047982304948,-0.000559740802813,0.000429889887113,0.000491299522228,0.000328357154316,0.000461650648655,0.000262134465587,0.000397816906306,0.000412396977357,0.000623916986065,-0.000639982307814,0.00020173522562,-0.000325013965071,0.000673349806581
-0.000227270687702,0.000929351332399,-0.000142995783943,-0.000323680718882,-0.000587091206045,0.000236353189943,-0.00044710761157,-0.00160579015316,-0.000318991638109,-0.00068512585971,0.000414519174721,-0.000289213487754,-0.000323206949818,-0.000314364592382,0.000617144557261,-0.000351490740105,-0.000381956372433,0.000334359440088,0.000928496575433,-0.00020252851454,0.000867200079671,-0.000171207074944,0.00024820638112,-0.000321868449779,0.000273789358953,-0.000607305854507,-0.000231716306427,-0.00054442547541,0.000271149007932,-0.000258575727927,-0.000963416619384,0.000274943236348,0.000330624708381,-0.000774999188191,0.000587623538048,-0.000284437797403,0.000514872830764,-0.000557070423042,0.000376870291,0.000486632790957,0.000307615871688,0.000433612749222,0.000364050546785,0.0005306434927,0.000483470921911,0.000478725589506,-0.000480563810808,0.000113392417608,-0.000423640821717,0.000515377809748
-0.000236217196198,0.00109711972844,-5.43229042769e-05,-0.000356386096731,-0.000502332178142,0.000396297738009,-0.000826030649081,-0.00172775523307,-0.00025270557865,-0.000794001471665,0.000446023084982,-0.000278906924381,-0.000318346718278,-0.000289536583546,0.0003803776893,-0.000457380693794,-0.000541483299767,0.000361755024241,0.000780755184446,-0.000191038417117,0.00108397312571,-0.000123521055998,0.000176342527333,-0.000308872781896,0.000322524560487,-0.000696481907741,-0.000341819360875,-0.000691524453992,0.000272304509573,-0.000249351295427,-0.000375150316738,0.000243497858348,0.00035763454832,-0.000953148079821,0.000745962574929,-0.000255710193586,0.000602839994006,-0.000455933918288,0.00060280915632,0.000608496813994,0.000270149147548,0.000714993930789,0.000336776277553,0.000498325185648,0.000388149341766,0.000659999808965,-0.000840371515787,0.000152518090653,-0.000434550254069,0.000674736479788
-0.000206399307561,0.000846615022186,-2.81262007481e-05,-0.000285922584836,-0.000431645918448,0.000296915142244,-0.000538885183573,-0.00136187014518,-0.000348042267842,-0.000511645285879,0.000470131634459,-0.000260570564943,-0.000429870480685,-0.000370908371397,0.000408013888543,-0.000290009341781,-0.000338533479336,0.000263627389768,0.00102470167863,-0.00031388096469,0.000905569070173,0.000207698192895,0.000192223334029,-0.000289174410788,0.000421457002742,-0.000664920163134,-0.000339389969657,-0.000583612510585,0.000267724034563,-0.000246882189822,-0.0012101008696,0.000233446795738,0.000333581234811,-0.000610389731315,0.000504367621613,-0.000279923665627,0.000456456123286,-0.000564747825288,0.000303438704194,0.000395354915167,0.000210143009636,0.000586940554855,0.00032243362689,0.000278922124735,0.000415712165179,0.000580255270943,-0.000305446683462,9.06570790585e-05,-0.000475470516143,0.000640131716171
-0.000231896658592,0.00145263507594,-0.000146178543385,-0.000386199171626,-0.000362114307184,0.000434294314537,-0.000731483128228,-0.00183296647532,-8.6527886289e-05,-0.000853955354379,0.000469345996237,-0.000297789184894,-0.000405430611453,-0.000379904918377,0.000519825008619,-0.00044010300378,-0.000566745816724,0.000393162940639,0.000642370038569,-0.000185555625204,0.00111047510597,-0.000469344213804,0.00022771194232,-0.00025063319848,0.000238521529988,-0.000774665939638,-8.09887851377e-05,-0.00083850544773,0.000293429919342,-0.000303241806626,-4.32808979812e-05,0.000507453539255,0.000203298324403,-0.00104064047509,0.0007164636931,-0.000270958130475,0.000681581151748,-0.000545947336651,0.000424721182172,0.000805280793433,0.000332815930643,0.000561660039836,0.000359038367663,0.000594897385219,0.000485985177594,0.000653807996988,-0.000529614288348,0.000162381847516,-0.000372092186345,0.000756950345617
0.000102495371216,0.00255571003661,-0.000286237299559,-0.000459625973054,-0.000255465689781,-0.000175346547366,-0.00212958789058,-0.000963442601308,-0.000460192509114,-5.416459467e-05,0.000482127950565,-0.00102586311589,-0.000928470711745,-0.000244380419241,0.000864448952938,-0.00243568171917,0.000532394215171,7.8942121198e-05,-0.000945724700157,-0.000703785704748,-0.000227047954679,0.00160539023019,0.000590110123231,0.000319933987031,-0.000554103184829,-0.0017624491684,-0.000810675950927,-0.000621329446763,0.000258016359533,1.06450744283e-06,0.000178025412769,0.000623208302109,0.00049064186925,0.000665699386474,0.00146441904892,-0.000800302526404,0.00119407604948,-0.000475258006081,0.000330260092191,-0.00356080640643,-0.0010361556085,-0.00111772560478,0.000415581176755,0.000722671957315,-4.6133815134e-05,0.000641071856139,-0.000651183017521,0.000296266697702,-0.000605246011202,0.000541853772355
-0.000247867237791,0.000935333812682,-0.000136181261376,-0.000344844131659,-0.000164280916321,0.000294797723568,-0.000475790692875,-0.00156509899425,-0.000304873102308,-0.000715756620177,0.000368061509563,-0.00025398785059,-0.00035038589029,-0.000365643908648,0.000435403295973,-0.000438363704243,-0.000467447769398,0.000264450636686,0.00103155618389,-0.000234085440147,0.000878768364504,-7.05241698001e-05,0.000160320562133,-0.000265167615861,0.000472620225972,-0.000600754139051,-0.000135256316957,-0.000722149410586,0.000265173133256,-0.000183196319619,-0.00111830419083,0.000263091464466,0.000270675619115,-0.000552354916153,0.000412901653072,-0.00030559490474,0.000476259735765,-0.000523987747549,0.000436898309651,0.000549185641018,0.000339947312438,0.000509673826941,0.000246263924694,0.00042836533156,0.000284970110882,0.000452919466659,-0.00047740186931,0.000231189040421,-0.000242810306346,0.000442678718138
-0.000302789011601,0.000973517077474,-6.1247787891e-05,-0.000362289842141,-0.000462942585353,0.000324135607056,-0.000454277392076,-0.0012605808013,-0.000321603858619,-0.000505718143254,0.000558179017649,-0.000270764310446,-0.000350923021396,-0.000379799754009,0.000469350738304,-0.000431195812773,-0.000535805227055,0.000341578228725,0.000936100836289,-0.00024585980417,0.000933323461937,-9.52679209781e-05,0.000295235076626,-0.000260272232532,0.000250663049213,-0.000567570932166,-0.00028029193471,-0.000593684479526,0.000276295700875,-0.000279139010083,-0.000909161123621,0.000306050665963,0.000299054964263,-0.000754545787047,0.000660699892073,-0.000227348987624,0.000477616430213,-0.000548727508857,0.000505042899267,0.000556794427158,0.0003395190803,0.000591146987806,0.000353329326371,0.000460535980645,0.000541333745281,0.000460140908655,-0.000401147730731,7.71410649139e-05,-0.000483087744248,0.000681890409864
-0.000202283590966,0.000937072546465,-1.19075623609e-05,-0.00033781807608,-0.0003285577564,0.000256374171166,-0.000556420528181,-0.00138380484072,-0.000364533215912,-0.000598770879465,0.000596439453683,-0.0002510584615,-0.000367484177614,-0.000307865548208,0.000410281983535,-0.000309118891314,-0.000378880178158,0.000323865383481,0.00101490453854,-0.000227201624761,0.000711909289026,6.6630751033e-05,0.000246929306393,-0.000311877387885,0.000386148112772,-0.000586923575689,-0.00035361794286,-0.000604395008113,0.000260852425538,-0.00024298312465,-0.00118899419314,0.0003542550111,0.000351485371491,-0.000669044384509,0.000567346356986,-0.000231073159687,0.000518450859396,-0.000446866047181,0.000425330434808,0.000445436880163,0.000208158833931,0.000528449285953,0.000363960093014,0.000283223634502,0.000430300563105,0.000520735037662,-0.000469174824688,0.000195686685333,-0.000382464172461,0.000688023883384
-0.000246225937937,0.00094284899399,-0.000146772137105,-0.000348051715943,-0.000481096817432,0.000258765474552,-0.00052012925426,-0.00127394965459,-0.000347212560381,-0.000667049995416,0.000415613228786,-0.000338657259192,-0.000380251081544,-0.000343349878526,0.000493536688614,-0.000480679142968,-0.00040078381673,0.000304574836827,0.000998409922572,-0.000323737578881,0.000883234960593,0.000138374893866,0.000166594838945,-0.000296166729804,0.000464639058019,-0.000521143757663,-0.000387903254042,-0.000541778893773,0.000274377609207,-0.000244329490533,-0.00111697782906,0.000252560124041,0.000280085569035,-0.00056027835685,0.000636540995019,-0.000283751309886,0.000478363353478,-0.00046874166242,0.000419672932118,0.000480515540296,0.000234032916078,0.000303434175902,0.000338831724868,0.000491184828566,0.000323768658127,0.000507390894688,-0.000442610140416,0.000128443792556,-0.00046099787532,0.000653678912774
-0.000297302187887,0.00120656228023,-0.000227419166472,0.000172462352217,1.04548392502e-05,0.000165181506435,-0.000282162591835,-0.000907882859294,-0.000331768808335,0.00136429402493,0.000355824498251,-0.000272154577744,-0.000236826483977,-0.000599395774048,0.000208845222558,-0.000849769678022,1.983508891e-05,0.000341315049228,0.000173731043192,9.59810503465e-05,0.00047864955957,0.000482389437825,0.000463878392585,-9.58960811149e-05,-2.6165857362e-05,-0.000686833136607,-0.000412744952838,0.000331943452225,0.000278448508247,-0.000278353020825,-0.00159268926083,0.00060125180161,0.000400444344674,-0.000811438041481,0.000835656154658,-0.000247907440806,-1.73819658374e-05,0.000221495494629,0.000245751603742,0.000339303189399,0.000583844052774,0.000510970814701,0.000181759474272,0.000117330179676,5.19138166288e-05,-0.000397709924474,0.000412422728293,0.000113417688593,-0.00043773308296,0.000785525623753
-0.00360958922588,-0.0123944645298,0.000264508864597,-0.000252431031423,-0.00403396711655,0.0033392462268,0.00137484878797,0.0506162923976,0.00511907322292,0.00608937840423,0.00216559595339,0.000420705882388,-0.00107995502816,0.0044367306024,-0.0178174017254,0.0064783891656,-0.00334172085897,-0.000432514421522,0.00369494754316,-0.000885895760502,-0.00311061241519,0.00136706544378,0.00198654190768,-0.00236207665261,0.00346418284004,0.0161831152899,0.00324367103975,0.0128822068489,0.000375777096681,0.000248477507916,0.00411981081535,-0.000159112217397,0.00170413820675,-0.00085445339693,-0.00531548769411,-0.00124047912747,0.00142697488154,-0.0021625299991,-0.00882377823865,0.00223466685921,0.00320004391697,-0.00286814425404,0.00505493128452,-5.15381339586e-05,-0.000520707357872,0.00112600214064,0.00293696910573,0.000939496505353,-0.00271239032669,0.00269098182353
-0.000245708732998,0.000945944894968,-6.79965644118e-05,-0.000307791394278,-0.000435307438182,0.000349120525037,-0.000421870978581,-0.00153552961725,-0.000269010018766,-0.00085827173525,0.00059283182274,-0.000327134142532,-0.000371226340053,-0.000294048828355,0.00047326822675,-0.00047633877316,-0.00043291220594,0.000312756326024,0.000773067909831,-0.00021846311437,0.000813670410605,0.000166635758402,0.00028575802824,-0.000283155697419,0.00045726385977,-0.000561392032682,-0.00040686265751,-0.000539591809337,0.000260017569685,-0.000274933999331,-0.00118519786846,0.000300566336267,0.000282500896644,-0.000451785983367,0.000492938267119,-0.000365964611571,0.000588234474912,-0.000570013922037,0.000476803615067,0.00050534874204,0.000309902479696,0.000461921356363,0.000373894377415,0.000573970371391,0.000569112247376,0.000507749464916,-0.000552572066807,0.000155610889684,-0.000414822319237,0.00067890006753
-0.000567090913298,-0.0010129740906,-0.000140362851493,4.93584876687e-06,-0.00206878902983,-0.000492838618338,-0.000366838256217,0.00408235169843,-0.000302321993706,0.000121719684316,-6.34175951837e-05,-0.00054936916985,0.000138361402589,-0.000677618316013,-6.36427757119e-05,0.000248512821118,-0.000379068048296,-7.07590522256e-05,-0.000566509333997,-0.000286786379545,-0.00053860187847,0.00115232208878,0.00016295071382,-0.00049899809171,0.000545654186424,0.000182857824311,-0.000698739967632,0.000133911515124,0.000309298343299,-0.000471397265363,0.0010307421996,0.000167423273469,-0.000137531052829,0.000735742295252,0.000762599410684,0.000177988205127,-0.00198725966815,-0.000632307667644,0.000548997639668,-0.000373336177659,-0.00109789410153,0.000884449885837,0.000666776650851,2.89575344149e-05,-0.000268322580764,0.000924933449057,0.000465942745511,-0.000527972903257,-0.000904090879088,-0.000153572303676
-0.00123421317596,-0.00139854486617,-3.53483116975e-05,-0.0009595257772,0.000747995231935,0.0010189294366,-0.00010459334751,0.0175863318209,0.00335119930307,0.00264951468794,0.00215305653276,-0.000761924232529,-0.000369832868962,0.00214765998621,-0.000256976076097,0.00122564954671,-0.000107845426937,0.000597625769068,-0.000752782160762,-1.93753108621e-05,0.00166531194143,0.0016618192861,0.00096366343899,-0.000422963462962,0.00121626511878,0.00388249438626,-0.000483666820738,0.000547298618782,0.000169131826785,-0.000672526815655,0.00335000788522,0.00083915177987,0.00108428653633,-0.00201812752313,0.00111298525493,-0.000571250302343,0.00126562473685,-0.00270639794158,0.00136164569606,0.000155134793014,0.000299876702656,0.00416311170596,0.00134307043266,-0.00111943012836,-0.00170278630748,-0.00182113355583,-0.00132190968561,-0.000422949601082,0.000164584676832,0.00052510689263
-0.000224588556098,0.00105761290006,-0.00025517321476,-0.000162309100636,-0.000774604798133,0.000249078582362,-0.000195349134378,-0.00126590466046,-0.000390749657133,-0.000438558388629,0.000350537222776,-0.000357897509191,-0.000389838980524,-0.000371761788932,0.000434934521926,-0.000669632412798,-0.000569938900756,0.000340489431733,0.000605217633701,-0.000337138442679,0.0010497532952,0.000119924244728,0.000159298145667,-0.000297046870788,1.02087173335e-05,-0.000352502797838,0.00171320554068,-2.31289314787e-05,0.000258031898623,-0.000227018472213,-0.00165093100481,0.000123128622146,0.000298262628949,-0.000462161736379,0.000685913232339,0.000250701751654,0.000328450819666,-0.000713231130959,0.000302103529958,0.000625842326466,-0.00101215942045,0.000607727005007,-0.0013279253215,0.000389306687157,0.000372236504984,0.000535288311268,-0.000582241796023,0.000282780046047,-0.000270290261658,0.000765735643133
5.63623399353e-05,-0.000941452025212,-0.00176102578853,-0.000629921855548,-0.00177562931993,-0.000794668908842,-0.000924061536471,-0.00330861685115,-0.00054125310062,-0.00026125294873,-0.00145993647717,-0.000218321330817,-0.000858127550914,-0.000607996630152,-0.000297601793779,-0.000920493865796,-0.000439579181087,0.000658784559616,0.00012313889883,-0.000477166373881,0.00149542006876,-0.000314039606131,-0.000185148001721,-0.000482318309436,0.00018077074556,0.000144772789439,-7.73642590909e-05,-0.000556070456046,0.000295441694023,-9.68815887176e-05,-0.000232610557753,7.80800152972e-05,0.00062835084542,-0.000341664325632,-0.00702996845688,-0.000610838162775,0.000558056999446,-0.00136076891105,0.00121796665348,0.00132591695057,0.00165496887174,0.00127334160155,-0.000152700692881,0.000275431168528,6.66471980673e-05,0.001126861625,-0.00135215767626,0.000442380405182,-0.000595526653136,-0.00241558089127
-0.000204011375043,0.000941179524293,-3.8996786986e-05,-0.000390473864268,-0.000479226393676,0.000209712580981,-0.000542431961375,-0.00149452017238,-0.000275155166932,-0.000726014659892,0.000587128038248,-0.000302007922263,-0.000302856504072,-0.00030384930171,0.00046107317346,-0.000443981468968,-0.000394687085116,0.000354897492988,0.000939504586254,-0.000228968697276,0.000860214791102,4.79262872317e-05,0.000279538599283,-0.000293234611356,0.000469149168071,-0.000556368761805,-0.00032593503513,-0.000621743481147,0.000274253424687,-0.000257145342312,-0.000990710690872,0.000367489361307,0.000312886634282,-0.000610092241437,0.00054259863674,-0.000332820451909,0.000588333810031,-0.000439643573341,0.000502544606896,0.000401728426279,0.000369502620104,0.000483712537165,0.00033266902368,0.000360572952302,0.000364006870572,0.000379246337164,-0.000519709795347,0.000127496677747,-0.000388297077412,0.00068256820734
-0.000240676164408,0.000970154168834,-9.17189829469e-05,-0.000323573691366,-0.000475014127605,0.000331869986006,-0.00043741689743,-0.00143233982324,-0.000352206156099,-0.000663807978738,0.000547919259757,-0.000235885957037,-0.000355171187295,-0.000351879953968,0.00047397396475,-0.000436242053478,-0.000381107284749,0.000287475253364,0.00101703471719,-0.000246162198561,0.00091295216416,9.56482374921e-06,0.000333331164195,-0.000306148295759,0.000442081903371,-0.000586403578302,-0.000287195064676,-0.000465883843075,0.000258328395224,-0.000245254428322,-0.0011918529599,0.000317041451936,0.000350364944953,-0.000700115930198,0.000591032534009,-0.000319138295481,0.000526229147199,-0.000452649887289,0.00045713214486,0.000491115027227,0.000250058566424,-0.000104818526023,0.000333354893437,0.000421563032139,0.000441880856002,0.000549689401301,-0.000447029794381,9.50726272807e-05,-0.000434299039611,0.000581589039926
-0.000223368181961,0.000679833815734,-9.74420341623e-05,-0.000356378886701,-0.000322418401791,0.000278092325865,-0.000422112041047,-0.0013974330295,-0.000298986729008,-0.000616318456179,0.000549493370686,-0.000339288744455,-0.000297499203756,-0.000264134840943,0.000415295878131,-0.000377262505146,-0.000391048129884,0.000338942880365,0.000993650785999,-0.000284949091197,0.000703712001927,-9.41664601679e-05,0.000144026729598,-0.00023812419194,0.000414306129855,-0.000516708599684,-0.000273034298235,-0.000566966386759,0.000274710371199,-0.000264995171918,-0.00122539577757,0.000389819109043,0.00031270409372,-0.000664602685538,0.00059592066566,-0.000359097945472,0.000383913151271,-0.000465912158551,0.000507830404702,0.000560823177028,0.000330877237863,0.000304269599033,0.000366900353724,0.000510486091172,0.000486201778063,0.000553820043599,-0.000477575354255,0.000119384096347,-0.00038001387184,0.000474880524896
-0.000293560300468,0.000942979865438,5.77470592874e-06,-0.000373594541825,-0.000406480513953,0.00042138590182,-0.000547562533271,-0.00184814717454,-0.000321317077957,-0.000924711506339,0.000685350612497,-0.00023695511225,-0.000428851436375,-0.000356275777145,0.000318643630859,-0.00034310309037,-0.000459505223294,0.000405826920712,-1.18862687461e-05,-0.000340043637452,0.00108741854274,-7.44235467505e-05,0.000235986213114,-0.000282783372361,0.000498366395086,-0.000527108241008,-0.000382475185044,-0.000771103264383,0.000271045177583,-0.000265350216583,-0.00104872182894,0.000417019529971,0.000325605100405,-0.000742876298763,0.000656227591281,-0.000356602951784,0.000667116189907,-0.000549512347295,0.000475107446859,0.000584950455689,0.00023464573171,0.000435549163822,0.000380492898934,0.000512602383049,0.000512498841485,0.000584750148871,-0.000556882376162,0.00018187066858,-0.000404831030903,0.000502880055438
-0.000233772514999,0.000749157925789,-8.55988040435e-05,-0.000378000451624,-0.000373317119464,0.000245124465753,-0.000440077717645,-0.00105648140335,-0.000199238464218,-0.000634181326052,0.000529986133576,-0.000240286619962,-0.000433272255106,-0.000263654718639,0.000447249800614,-0.00037889952046,-0.000415285701642,0.000305955683717,0.00102663780569,-0.000321020510052,0.000653579430567,-5.37997774199e-05,0.000152308224869,-0.000388338899849,0.000347672405994,-0.000333782297727,-0.000334985926662,-0.000568279367891,0.000271460447654,-0.000258466094631,-0.00108037668284,0.000397383898758,0.000284957499195,-0.0006166573745,0.000419699247374,-0.00021598009657,0.000456536510472,-0.000625031470389,0.000431083046793,0.000524887324929,0.000332393692565,0.000299871718595,0.000341452075608,0.000427554747208,0.000202562737589,0.000426896681219,-0.000423213033273,0.000191614688378,-0.000404902625735,0.000735371274668
-0.000222455219726,0.000914745829804,-5.08504962362e-05,-0.00034965613401,-0.000421169644365,0.000194718204759,-0.00049048022332,-0.00119789005301,-0.000264083573852,-0.000490406866549,0.000591524556263,-0.000313989892095,-0.000408249192735,-0.00024458849496,0.000426806994629,-0.000443854009222,-0.000475992757522,0.000310361097506,0.000975044924403,-0.000193602254245,0.000857321006684,2.57249153417e-05,0.000196814990328,-0.00027278630168,0.000358934230282,-0.000601019433923,-0.000340118336663,-0.00056955705764,0.000267494625085,-0.000249695757494,-0.00108872749141,0.000315492609611,0.000283418035642,-0.0007726623943,0.000481386683131,-0.00029982018731,0.000624540067746,-0.00047396898949,0.000468843689956,0.000446330829827,0.000329652410792,0.000543913822628,0.00035577598906,0.000400995735054,0.000403904519254,0.000462886935946,-0.000587570628597,6.48010174974e-05,-0.000524765038451,0.000689377013856
-0.000382387131985,-0.00276264034079,0.0170034397195,-0.001195332038,-0.00478939806138,0.00111060942729,0.000973068556883,0.00693705836443,-0.000728469101161,-0.000639183429134,-0.0112829240844,0.000299003980505,0.00430330015508,-0.00171175006844,-0.0049993073351,-0.00423937918175,0.00189187373655,-0.00188645196161,-0.00116150702655,0.00625046255941,-0.0043052349294,0.00540620955343,0.00147626112216,-0.000375988595134,-0.00393600135495,0.0119531091308,0.00577257169116,0.0018597200544,0.000353941113413,0.0034333371725,0.011846618519,-0.00135694017457,0.00327289013181,0.00971518030817,0.0033115008033,-0.000602911719898,-0.00342558470583,0.00519446445312,-0.000144014623106,0.000124614431613,-0.000622444285217,-0.00130838473311,0.00113645403566,-0.00168286778762,-0.00271214646173,-0.000752635551188,0.00171063544821,-0.0013573965589,-0.00165722330098,-0.00119098838805
-0.0002203860774,0.00112196748326,-0.000170336328321,-0.000379447915611,-0.000257084388694,0.000329180080751,-0.000903737782521,-0.00192881916864,-0.000214186056429,-0.000995835235903,0.000520105926817,-0.00022885593887,-0.000118371845614,-0.000355397725269,0.000512221733325,4.53144929523e-05,-0.000511757546001,0.000399884615052,0.000974518127375,-0.000112695415917,0.000810112216004,-1.09993449785e-05,0.000132402908654,-0.000257823323261,0.000308841290377,-0.000693257726593,-0.000265022066638,-0.000803992010759,0.000261268998083,-0.000241026737535,-0.000356060203732,0.000652124511537,-0.000164388970218,-0.00047466905492,0.000709616010732,-0.000261398562445,0.000633559195681,-0.000504372334378,0.000539433585867,0.000442204077505,0.00025496668504,0.000576481180295,0.000479398312255,0.000271898243305,0.000236978638359,0.000432913028123,-0.000741365339879,0.000165199248564,-0.000431129858496,0.000835275528167
-0.000275672478457,0.00104315523108,-0.000104121400633,-0.000334968069038,-0.000538685269624,0.000275348170215,-0.000585739059247,-0.00161203000722,-0.00028733045571,-0.000520779174735,0.000533715563205,-0.000209070842067,-0.000347810043488,-0.00036219388742,0.000456069606497,-0.000364247388028,-0.000465261871177,0.00038659335643,0.00102923336053,-0.000248154310118,0.000960026930425,5.0218134874e-05,0.00026466950615,-0.000289816499483,0.000351944752648,-0.000563688533635,-0.000369088804707,-0.000603908997063,0.000276108208823,-0.000276617081087,-0.000586814674275,0.000318796120067,0.000296875730978,-0.000928855818904,0.000673930623099,-0.000174929633826,0.000602076077643,-0.000482624664159,0.000430318305066,0.000665804139362,0.000338936494599,0.000573453080568,0.000340918039535,0.000499156742985,0.000385971200003,0.000627169382985,-0.000623836150642,9.55713271083e-05,-0.000353440366011,0.000646444905277
-0.000215609687013,0.000933024752057,-0.000115451026116,-0.000377227992623,-0.000409431111563,0.000368285741484,-0.000525768613123,-0.00152939146007,-0.00030012606911,-0.000676140700272,0.000416969757207,-0.000321479288933,-0.000334477339609,-0.000273885611707,0.000477572287533,-0.000308138038691,-0.000398130823078,0.000309526194453,0.00089406344071,-0.000212667107992,0.000768878138563,2.04768824392e-05,0.000255494889203,-0.000288055732643,0.000370731424751,-0.000462694083669,-0.000301942036013,-0.000648328624283,0.000266926538703,-0.000278912312382,-0.000986831667023,0.000403532322812,0.000280515414166,-0.000647620654349,0.000657816052536,-0.000272917323385,0.000486172052032,-0.000569629546659,0.000486882657349,0.000551045852163,0.000288854529038,0.000426051732432,0.000327445104085,0.000461451817131,0.00042763172237,0.000470800543396,-0.000505578869744,0.000128862595892,-0.000420637114343,0.000571297292832
-0.000232343424755,0.000942334082892,-0.000108629106944,-0.000377725428765,-0.000396061531485,0.000408936572139,-0.000540384071362,-0.00131899248162,-0.000323216515703,-0.000658453590494,0.00043372289341,-0.000309916378933,-0.0003243593783,-0.000257891539622,0.000494451145254,-0.000299699641035,-0.000409758774011,0.000289735993545,0.00092882091787,-0.00018106712216,0.000861904633075,2.5156344979e-05,0.000268348800453,-0.000308148540814,0.000370712164714,-0.000492809250496,-0.000321740280204,-0.000590024705587,0.000259291555386,-0.00028852058613,-0.000985893484964,0.000415724046671,0.000349003838643,-0.000765690302682,0.000645595537404,-0.000268807210747,0.000446197615189,-0.000550960710476,0.000424933169707,0.000570250243177,0.000274027826115,0.000465216326514,0.000325272901927,0.000496537677067,0.000376577263865,0.000534568203783,-0.000500216263181,0.000148747040588,-0.000399951146953,0.000575541574134
-0.000260786863929,0.00101090205553,-5.26049624353e-05,-0.000358213148659,-0.000492142758361,0.00036760115511,-0.000508077030589,-0.00151254502496,-0.000293849577025,-0.000767550921907,0.000517747406808,-0.000271301362343,-0.000313123554952,-0.000324120863654,0.000490778546957,-0.000315784798921,-0.000501044811174,0.000338048155121,0.00107616135784,-0.000254257227599,0.000925254904058,5.94599134306e-06,0.000264550743226,-0.000321857647481,0.000435576463071,-0.000706937180468,-0.000280564991402,-0.000608054978916,0.000275045625271,-0.000269832646382,-0.000705787522304,0.000301065807108,0.000291455550815,-0.000759420201632,0.000669679312958,-0.000334378554304,0.000585049686878,-0.000555941393835,0.000469500214559,0.00047563860178,0.000231181319843,0.000472917895986,0.000404901421167,0.000557437453183,0.000373106215385,0.000542857552262,-0.000600320886014,0.000157288821085,-0.000450890062621,0.000622195342458
-0.000245267434703,0.000950626004691,-3.99904984685e-05,-0.000358393686648,-0.000537718375345,0.000132873775228,-0.000541358821429,-0.00142353708175,-0.000360972874874,-0.000433916228496,0.000466298693126,-0.000277789511371,-0.000286282948308,-0.000378512926144,0.000401115494141,-0.000373805779326,-0.00053116162893,0.000256252735855,0.00104256740911,-0.00023707937388,0.000694063961595,-2.93126995798e-05,0.000285704455219,-0.000281588917022,0.000455736254111,-0.000577176090151,-0.000225338431498,-0.00050900359639,0.000263709373388,-0.00025390556974,-0.00124698795462,0.000304523557164,0.000339263571917,-0.000492121128458,0.000647020837958,-0.000320231899598,0.000456629075294,-0.000447477802618,0.000394806039007,0.000320393486251,0.000241858651719,0.000447158880339,0.000339702608781,0.000398722712506,0.000411759253246,0.000526047254337,-0.000366506700219,0.000102132820362,-0.000505319951863,0.000653153236229
-0.00380188583594,-0.0146934170265,0.00308977316872,-0.000980650884689,0.00164795948189,0.00234458671297,0.00798216825257,0.0492930553751,0.00645131699175,0.00392482254492,0.00287527482858,0.000614901416415,-0.000989236468219,0.00507039028967,-0.00572936547914,0.0104172277123,-0.00119858471373,-0.000397192181723,-0.0138692532119,-0.000374629088885,-0.00425313414735,0.00259984431222,1.49635506861e-05,-0.00241320085478,0.00220465429787,0.0173593457318,-0.00280582321987,0.00289708284135,0.000176740745325,-0.00092530371795,-0.000358431314379,-0.00229925600617,-0.00229400019751,0.00476681222872,-0.00258519611966,-0.00137796068201,-0.000239895947534,-0.00323991353716,-0.00049956539577,-0.0024214184224,-3.35381546796e-05,0.00147251152454,0.000283119240495,0.000503964269873,0.00156171956584,0.000110984822691,0.00212840047108,-0.00031268997664,0.000651647994139,-0.00800119487312
-0.000270594642106,0.000930600451861,-5.71187498128e-05,-0.000371028917203,-0.000348344772325,0.0001894374279,-0.000700160244529,-0.0017504698229,-0.000298805149613,-0.000892556243906,0.000599867620396,-0.000323022731815,-0.000353627481989,-0.000387937662236,0.000472465810342,-0.00059873873277,-0.000413816206938,0.000295750660215,-3.15395295942e-05,-0.000183050347407,0.000894619688198,6.41148550921e-05,0.000271726729481,-0.000289882709276,0.000561971236637,-0.000507012296944,-0.000392480711885,-0.000599764016595,0.0002729022137,-0.00024998277197,-0.00145129969871,0.000338068656803,0.00020904481962,-0.000617257040846,0.000428612835663,-0.000339456110739,0.000462136467017,-0.00045433569437,0.000519980567809,0.000397164519964,0.000372195452981,0.00050719650103,0.000340906594121,0.000559594002135,0.00048014851726,0.000520530958066,-0.000489798359797,0.000112978800453,-0.000451918011383,0.000491477172117
-0.000222245978159,0.000851238174221,-0.000118003395203,-0.000276683743581,-0.000362082738233,0.000238645265606,-0.000458934089136,-0.0015635776364,-0.000349880911824,-0.00067890021,0.000521621806691,-0.000257848595821,-0.000395046384876,-0.000372046628362,0.000477071479902,-0.00040053699646,-0.000385175347968,0.000284907250882,0.000710256037158,-0.000394750588582,0.000843439607349,0.000180884053485,0.000252826409105,-0.000319593253878,0.000511654984192,-0.00044425800695,-0.000329109773065,-0.000643934094711,0.000255696788973,-0.00027210569628,-0.00129019453621,0.000399724297178,0.000312377370149,-0.000789649231158,0.000592943720231,-0.000289665725439,0.000494218341002,-0.000520274539107,0.00033553210441,0.000335373593145,0.00032390213255,0.000435486588078,0.000393902939891,0.000463465603728,0.000335494729726,0.000505730932046,-0.000485305053228,0.000166354030727,-0.000437315963346,0.000659109908906
-0.000261523421617,0.000822658587666,4.01074944207e-06,-0.000335388954018,-0.000514820142555,0.000281451468918,-0.000511018826693,-0.00136664807934,-0.000315802533992,-0.000669375111473,0.000587202621521,-0.00025642126817,-0.00027394388473,-0.000298681542796,0.000426416353174,-0.000491239239182,-0.000300740848684,0.000225312200101,0.00100831916589,-0.000230248061568,0.000828869021171,0.000206067681025,0.0001657643959,-0.000268102467863,0.000531392924322,-0.000471963738691,-0.000237321852595,-0.000457048581953,0.00024921374455,-0.000248625883451,-0.00120004041076,0.00026896120374,0.000325779349259,-0.000559411028207,0.00055724982376,-0.000178506059814,0.000497493230993,-0.000434360403003,0.00037429271215,0.00051624324969,0.000265015981587,0.000612843738242,0.000325423041896,0.000361349800424,0.000417702523183,0.000391218904105,-0.000373325803028,0.000121134201168,-0.000381508560437,0.000719374081742
0.000667372936331,-0.0212432312559,0.00126378583918,0.000673750364702,0.0027442728842,-0.00405638338438,0.000245038285986,0.00919707872392,-0.000812455692381,0.00198806164754,0.000971001558496,0.00393673181598,-0.00324963604553,-0.00271721999961,-0.00132238415451,-0.000658560021102,0.00136492705685,-0.00128416361847,0.00107856059745,-0.00386963681396,-0.00927691563821,0.0016981152398,-0.00249695217952,-0.000491396792746,0.00604019095079,-0.00313709680647,0.00252595494615,-0.00292671468412,-0.000718294571259,0.000502323906955,0.00453458571561,0.00259107265848,0.00186831684722,0.00670060851757,-0.000677295666306,0.00226589415766,-0.000824549842892,0.00895939330206,-0.00321203351512,-0.00293224821474,0.00184798242924,0.00082833623075,-0.00059491445514,-0.00148809778282,0.00170837908004,-0.00477281797303,0.0027705694489,0.000308902063062,0.000839930631147,-0.00755846142419
-0.00022799264736,0.000831037565168,-5.46915704281e-05,-0.000355608562051,-0.000397317586536,0.000177945044638,-0.000564306501521,-0.0015110159875,-0.000363392614554,-0.000733215998948,0.000599298253174,-0.00029732479523,-0.000340266736448,-0.000371917788918,0.000479797088464,-0.000340225269663,-0.000362972027866,0.000279850717788,0.00107141121717,-0.000255324357856,0.000804173771589,0.000133426107235,0.000368546283931,-0.000258399009559,0.000464283563461,-0.000594081952811,-0.000317205372362,-0.000430701467435,0.000264751428929,-0.000223771274347,-0.00097346828664,0.000352505814573,0.000296649319778,-0.000689096204635,0.000536173036664,-0.00028607493166,0.000463483527893,-0.000526018751476,0.000300703520438,0.000448245811037,0.000309307928809,0.000449976047619,0.000401825501179,0.000399756345707,0.000368953506906,0.000521737284693,-0.000580381335308,0.000122713939169,-0.000482131954689,0.000620871213501
-0.000215361947022,0.000945153775162,-4.22033224277e-05,-0.000310288965502,-0.000494832910664,0.000328714424002,-0.000568048238506,-0.001615076514,-0.000318092326511,-0.000743344726296,0.000557915087392,-0.000260455872281,-0.000419337756083,-0.000314457201448,0.000464447141765,-0.000441474165429,-0.00044491675249,0.000291841134352,0.00106799965972,-0.000192565141961,0.000822457811783,3.34168770349e-05,0.000254145161406,-0.000312655186495,0.000355631475006,-0.000649044469367,-0.000236747806145,-0.000590966174065,0.00027086686327,-0.000245481057258,-0.000863292138781,0.000367680082604,0.000335492761016,-0.00073928105751,0.000558332396213,-0.000338691932783,0.000519550716594,-0.000608390971114,0.000458917703796,0.000514635523976,7.8573340152e-05,0.000590225321599,0.000328475678537,0.000431217855742,0.000532723966143,0.000486503768098,-0.000619071346311,0.000152847112877,-0.000359515776566,0.000655488013212
-0.000235571976169,0.00105895020263,-0.000200212841934,-0.000335101189956,-0.000325604004924,0.00032425072799,-0.000755670176413,-0.00155404479053,-0.000271220937495,-0.000797811833617,0.000430484276808,-0.000253848303189,-0.000344103638925,-0.000345456968013,0.000471660189015,-0.00041611731225,-0.000380998519445,0.000347781773066,0.00103997468493,-0.000199860381053,0.000991263805,-8.01931739415e-05,0.000199513864184,-0.000234989961064,0.000180794802106,-0.00069284553385,-0.00027605789209,-0.000754136216053,0.000249957192506,-0.000242836970319,-0.000595597347471,0.000229676389732,0.000374010415978,-0.00078749610881,0.000757394412381,-0.00032893348311,0.000503253132682,-0.000520726633318,0.000516306978954,0.00046350494685,0.00033930824566,0.000432229782725,0.000422587645866,0.000546802565391,0.000532250311807,0.000620773530427,-0.000589759757975,0.000240895312075,-0.000364026360077,0.000651960928722
-0.000258789365521,0.00109156745895,-4.47305472629e-05,-0.000342345615949,-0.00042780280141,0.000315250937954,-0.000686885809979,-0.00229929700421,-0.000457115480002,-0.000987700459102,0.00065690718767,-0.000310314985476,-0.000536458008664,-0.000409458862563,0.000551397945449,-0.000338996982214,-0.000461024907511,0.000356041595247,0.000950267940374,-0.000404754520339,0.000961831328055,6.56424420595e-06,0.000346681855701,-0.00034723164168,0.000766444682028,-0.000546912188473,-0.000358802936147,-0.000740785821233,0.000271638853545,-0.000492397712085,-0.00207079323099,0.00043840621193,0.000299686209027,-0.000799587568248,0.000607871930468,-0.000395370491921,0.000555563679062,-0.000619906194092,0.000518302412009,0.000533481642205,0.00038464324366,0.00048234303537,0.000410877440782,0.000578079662812,0.000539134357908,0.000543896928751,-0.000530759773915,0.000159689670974,-0.000453211707343,0.000751066906175
-0.00032180206708,0.00107914306446,-3.32250784233e-05,-0.000538173844072,0.000264559388216,0.000546862079397,-0.000879652036821,-0.00145870887113,-0.000253871953464,0.000584525824408,0.000693382484527,-0.000457241194032,-0.0006399087126,-0.00030169704504,0.000681396259858,-0.00109576807393,-0.00051542334781,0.000473291649278,0.000845241175239,-0.000565843234548,0.00086443319084,0.0005721565685,0.000614822320868,-0.000396280737692,0.000430612517949,-0.00108870074743,-0.000603111448805,-0.000507884585774,0.00028540270114,-0.000193537659285,-0.000643854775722,-0.002230796523,0.00036360047007,-0.000421337137573,0.000461072737529,-0.000464014386413,0.000936372121991,-0.000291200051536,0.000746817161667,0.000117868012535,3.55261746146e-05,0.000122517971176,-0.000226168268076,0.000505640822453,-0.000146038726059,0.000737346210915,-0.000230207004185,0.000138295785723,-0.000396138281904,0.000885640693548
-0.000238881478088,0.000980809558378,-0.000134512487694,-0.000346361787091,-0.000536873250789,0.000214971730374,-0.000624836963058,-0.00125395764143,-0.000312970128389,-0.000700008130443,0.000439494130827,-0.000245493633092,-0.000344471366646,-0.000301294467657,0.000526135581941,-0.000273309086243,-0.000383524354226,0.000325410967334,0.000986373981087,-0.000172199717843,0.000888199281322,6.6442324407e-05,0.000204455432208,-0.00030565825788,0.00037546974157,-0.000500647486791,-0.000294475318811,-0.000469148217837,0.000267795723826,-0.000293539615886,-0.000911228384351,0.000362377618138,0.000315053109814,-0.000816813503091,0.000668011825004,-0.000247015605269,0.000507481225224,-0.000478295963664,0.000442535975259,0.000500419681088,0.000287502629791,0.000516636831252,0.000299138014455,0.000481265545495,0.000348044967008,0.000576358819073,-0.000554829337073,0.000104007641159,-0.00044788025256,0.000742092819826
-0.000258789365521,0.00109156745895,-4.47305472629e-05,-0.000342345615949,-0.00042780280141,0.000315250937954,-0.000686885809979,-0.00229929700421,-0.000457115480002,-0.000987700459102,0.00065690718767,-0.000310314985476,-0.000536458008664,-0.000409458862563,0.000551397945449,-0.000338996982214,-0.000461024907511,0.000356041595247,0.000950267940374,-0.000404754520339,0.000961831328055,6.56424420595e-06,0.000346681855701,-0.00034723164168,0.000766444682028,-0.000546912188473,-0.000358802936147,-0.000740785821233,0.000271638853545,-0.000492397712085,-0.00207079323099,0.00043840621193,0.000299686209027,-0.000799587568248,0.000607871930468,-0.000395370491921,0.000555563679062,-0.000619906194092,0.000518302412009,0.000533481642205,0.00038464324366,0.00048234303537,0.000410877440782,0.000578079662812,0.000539134357908,0.000543896928751,-0.000530759773915,0.000159689670974,-0.000453211707343,0.000751066906175
-0.000264215115545,0.000783735302701,-0.000108829822634,-0.000281238247756,-0.000418050146851,0.000217184845274,-0.000533257075468,-0.00158362488348,-0.000351357597485,-0.000767821688528,0.000480865889119,-0.000263398236498,-0.000331862097809,-0.000216925333357,0.000452767803054,-0.00046448575385,-0.000263501445363,0.000329649070004,-4.22468070354e-05,-0.00025900564724,0.000706043461956,0.000101788242923,0.000345841436147,-0.000284284761104,0.00053028386736,-0.000442424933298,-0.000376155018365,-0.000594898181361,0.000276068340469,-0.000290074959027,-0.00147012740937,0.000424921031113,0.000335284977816,-0.000765984817751,0.000673308752473,-0.00028964260876,0.000498309997891,-0.000511851829039,0.00052184235788,0.000436691771449,0.000295082122486,0.000431595373608,0.000320451278482,0.000515050241725,0.000107138813939,0.000235343156508,-0.000397081517542,0.000178311043382,-0.000466449284799,0.000677546634493
-0.000237744358239,0.0011055387458,-0.000143912912201,-0.000311311335257,-0.00044385136183,0.000332800404792,-0.000448221591685,-0.00172386041936,-0.000325360043799,-0.000492927792245,0.000537178238517,-0.000173458820262,-0.000239852820074,-0.000381775436507,0.000457518038664,-0.000401702893223,-0.000380906958055,0.000312901197538,0.000904249767832,-0.000173428469467,0.000976554479724,6.70918758908e-05,0.000275787085755,-0.000339234760965,0.000285874468127,-0.000623574679923,-0.000218843718233,-0.000804743312854,0.000280795967779,-0.000282294591358,-0.00051911453552,0.000356031488455,0.000300049636894,-0.000968569482308,0.000706780829393,-0.000336439236679,0.000526492059815,-0.000605196983453,0.000393712090543,0.00057409314352,0.000283732303276,0.000463939345974,0.000475845334788,0.000409751713247,0.000275026755104,0.000534432108506,-0.000526432890761,0.000138606944579,-0.000407829173888,0.000738983187016
-0.000268403360743,0.000888076768952,-0.000178026798771,-0.000330017207437,-0.000515152751456,0.000283097278388,-0.000490083810682,-0.00145137327,-0.0003353967437,-0.00049292167072,0.000496147208275,-0.000304002989058,-0.00033363634148,-0.000281702861218,0.000447860455137,-0.000334935002402,-0.00027638644194,0.000270785443989,0.00106110783373,-0.000251251992488,0.000829295552259,0.000134177087897,0.000202944330742,-0.000300928829291,0.000579745039984,-0.000266693234348,-0.000453945693533,-0.000508119081824,0.000216092456806,-0.000242207449677,-0.00120604052238,0.00023652054322,0.000350392798808,-0.000578885988446,0.000637611425426,-0.000270596087796,0.000512007706012,-0.000397747507387,0.000439209731569,0.000505316416868,0.000294214803117,0.000385687677872,0.000330729125168,0.000372099272994,0.00029707908902,0.000558762605476,-0.000460889586802,0.000134222061248,-0.000443330052143,0.000665666024021
-0.000146621311124,0.00107213234447,-8.07054881231e-05,-0.000327158366694,-0.000517012484319,0.000325774792741,-0.000495521255015,-0.00162830361517,-0.000292578170087,-0.000873901366957,0.000633884592204,-0.000293355375533,-0.000352840931595,-0.000322859985464,0.000457419717106,-0.000376316118875,-0.000497931555469,0.000290535457354,0.000897922506904,-0.00019926221958,0.00108325620353,-4.52953834558e-05,0.00033155376668,-0.000312974343044,0.000433579900133,-0.000588375258425,-0.000365467636575,-0.000680291138862,0.000259504761918,-0.000262465264128,-0.000572495768016,0.000376236353866,0.000287690278699,-0.000836763996073,0.000603055082852,-0.00027111807537,0.000452657252628,-0.000557425822081,0.000357794835682,0.000589008198943,0.000338127278102,0.000571080448309,0.000438906566068,0.000309126944482,0.000426875472768,0.00064015514857,-0.000613971370203,0.000164239751243,-0.000350430732012,0.00067467622896
-0.000216978641637,0.000951489059002,-2.013430934e-05,-0.000321250796628,-0.000433472809882,0.000284439427436,-0.000530814901006,-0.00137747647549,-0.000303755135548,-0.000648936990832,0.000584735144433,-0.000284324871968,-0.000332840025889,-0.000345818119982,0.000458949284745,-0.000354951355463,-0.00045253519143,0.000358541730642,0.00100336941988,-0.000274560106427,0.00090887318795,0.000161251327214,0.000170324643397,-0.000279035133349,0.000425665007918,-0.000542032219543,-0.000319738219533,-0.000516774804,0.000259669175781,-0.000264167392569,-0.00105971702564,0.000407421127039,0.000356607350612,-0.000848062067982,0.000548759131054,-0.000228715204843,0.000469113556421,-0.0003862596826,0.000358794322009,0.000435590117916,0.000255790928971,0.000556005945223,0.000305563846178,0.000359652359099,0.000428771095686,0.00051881697724,-0.000431941468718,0.000180063095369,-0.000405736105267,0.000681446990825
-0.000250382586739,0.00091574956626,-0.000154816188608,-0.000302904213931,-0.000526964601827,0.000274825840737,-0.000464736168408,-0.00146604994713,-0.000379100638587,-0.000642423581775,0.000405667075317,-0.000307769248816,-0.000266324438668,-0.000374872568569,0.00042046768015,-0.000462482504826,-0.000420007396913,0.000271157096337,0.000952267327922,-0.000294756755359,0.000761829537097,3.28406304636e-05,0.000140888331723,-0.000237501868858,0.000502663950981,-0.000470418979045,-0.00025896586888,-0.000598971558794,0.000266831912135,-0.000252684056018,-0.00119180904032,0.000287406879021,0.000333705193279,-0.000699529451944,0.00055020125346,-0.000201855022109,0.000428377881154,-0.000428582439594,0.00039401564529,0.000507469812393,0.000297056654763,0.000631923991229,0.000298066532474,0.000336557417546,0.000356277168023,0.000442949802144,-0.000369814621068,0.000212725828993,-0.000408548256498,0.000440064995252
-0.000243381828425,0.00114758307963,-0.00016340769784,-0.000404062859478,-0.000100666607445,0.000525702230916,-0.00067023533573,-0.0018019321762,-0.000286374074724,-0.000711132028855,0.00040584096892,-0.000251901250211,-0.000325058992429,-0.000405862419991,0.000311236356429,-0.000460487017056,-0.000396310427861,0.000389481141451,0.000837500651409,-0.000232068034359,0.000955613173281,0.000136135475038,0.000244518223981,-0.000331583912144,0.000190251470024,-0.000745014516512,-0.000294357604255,-0.000704251673453,0.000279850878544,-0.000274138322466,-0.000154693624746,0.000235000239227,0.000281880814442,-0.00100648232038,0.000784640482446,-0.000297267432919,0.000622488234313,-0.000502228096615,0.000504787712198,0.00058831036222,0.000262004100334,0.00062573796074,0.00030700970329,0.00058365691242,0.000403438680273,0.000626138823954,-0.00077799756348,0.000230510856994,-0.000429569020656,0.000863837696525
-0.000258789365521,0.00109156745895,-4.47305472629e-05,-0.000342345615949,-0.00042780280141,0.000315250937954,-0.000686885809979,-0.00229929700421,-0.000457115480002,-0.000987700459102,0.00065690718767,-0.000310314985476,-0.000536458008664,-0.000409458862563,0.000551397945449,-0.000338996982214,-0.000461024907511,0.000356041595247,0.000950267940374,-0.000404754520339,0.000961831328055,6.56424420595e-06,0.000346681855701,-0.00034723164168,0.000766444682028,-0.000546912188473,-0.000358802936147,-0.000740785821233,0.000271638853545,-0.000492397712085,-0.00207079323099,0.00043840621193,0.000299686209027,-0.000799587568248,0.000607871930468,-0.000395370491921,0.000555563679062,-0.000619906194092,0.000518302412009,0.000533481642205,0.00038464324366,0.00048234303537,0.000410877440782,0.000578079662812,0.000539134357908,0.000543896928751,-0.000530759773915,0.000159689670974,-0.000453211707343,0.000751066906175
-0.000275958564625,0.000818401275248,-1.45951022371e-05,-0.000331316307653,-0.000591270627352,0.00014886463506,-0.000569681629444,-0.00157342640366,-0.000337367943813,-0.000598493264096,0.000551703615563,-0.000332057317172,-0.000306626241136,-0.000293696648049,0.000463237270601,-0.000521007886599,-0.000422396423484,0.000328324985074,0.00111694595593,-0.000277845125388,0.00068197172935,9.57732665039e-05,0.000355482566729,-0.000235026304555,0.000526090988251,-0.000368613217822,-0.000318330012888,-0.000507321200144,0.000250164786448,-0.00024526372855,-0.00116798342399,0.000239581720955,0.000321107183007,-0.00031823766714,0.000591191562579,-0.000342802316639,0.000539143516137,-0.00056571946845,0.000414273598376,0.000468434586001,0.00026235403931,0.000625812745308,0.000247538658963,0.000275804409299,0.000486126633063,0.000599693395075,-0.000542565294289,0.000102570917756,-0.000360161977514,0.000485512375046
-0.000475010377595,0.000840533760513,-0.000365226818513,-0.000390981593216,-0.00107928147175,0.000602957375705,1.23100643691e-05,0.00631865065244,0.00121096117492,0.000603669467852,0.000671197448826,-0.000324250519739,-3.15357576935e-05,-0.000166539201498,3.26593481201e-05,-0.000169104103121,-0.000612765494359,0.000340867825329,0.00148182167555,3.81372446137e-05,0.00162035211699,0.000749977018804,0.000388760283588,-0.000149123084659,0.000486639738781,0.000327415055619,-0.00108938996835,0.000123442071684,0.000295103883069,-0.000336409549879,-0.000280032071425,0.000430535700852,0.00063408091696,-0.00125963542029,0.00161544822082,-3.33989377186e-05,0.000466032598538,-0.000747840373951,0.000279205204302,0.000640360710753,0.000274216629654,0.00186623342582,0.000526341578076,4.9698141151e-05,0.000377280153032,0.00116032471697,-0.000328252774108,0.00034593893067,-0.000428597989128,0.00115967166412
-0.000572537454832,-0.00644901899969,0.000982591118589,8.25039815868e-05,-0.00223698424323,-0.000112570385933,0.000824676128041,0.00113041093565,-0.00172652858592,-0.000328306604063,7.18696981004e-05,0.00130165870015,0.000854644539144,0.00313442142432,-0.00184404285616,-0.00408916724157,-0.000149444827298,0.000482549120261,6.45044113915e-05,-0.000602558096136,-0.00102745049769,-0.0003570702716,0.000513223175127,0.000856507245111,-0.00461429168777,-0.00129755989748,0.000988969016898,0.000414101820407,0.000257927613693,-0.000339698934487,-0.00170290403345,0.000904448008018,0.000417207741896,0.000718770799706,-0.000134925966654,-0.000341920199866,0.000697246340555,0.00205798124382,-0.00328063800324,-0.00165722993402,0.00103993684252,-0.00409642932658,0.000125241589631,0.000525421777701,-0.00357775753704,-0.000617576471612,-0.000700591316326,-0.000499246189119,0.00172980257161,-0.0140271998665
-0.000196178912817,0.00129176757058,-0.00011165596903,-0.000396467740985,-0.000720427491338,0.000122365260239,-0.000473525858988,-0.00168280252856,-0.000566947466944,-0.000801008472421,0.000455803867319,-0.000337070491428,-0.000356366575916,-0.000336929750485,0.000438485842338,0.000553469070786,-0.000218946163493,0.000310363135461,-0.000953793063644,-0.000330248552613,0.000831738628006,0.00096280939759,0.000490354147127,-0.00055580511891,0.000669048402707,-0.000829178501818,-0.000709821672604,1.38860673118e-07,0.000278714186146,-0.000362217149211,-0.00155776002856,0.000380217576762,0.00026795956534,-0.000956652603199,0.000485822075382,0.000295849625531,0.000599751553153,-0.000851951652511,-4.13822755468e-05,-0.000761495350141,-6.95178612946e-05,0.000903477028375,0.000777462545512,0.000629815422616,0.000363559986928,-1.1139314403e-05,-0.000707974406126,-0.000318277942196,-0.000377583825093,0.000864997683593
0.000116166907139,0.00242019200756,-0.000493956415184,0.00100106939831,-0.000594652818311,0.000276846250489,0.000114883944083,-0.00484247268866,0.000684529963509,-0.00108277109257,-0.000261726795743,0.0017065962481,0.00212430383172,-0.00108698178214,0.00187332937031,-0.00438576312409,0.000240970331502,0.000872453635521,-0.00278287169545,-0.000349626187449,0.00203109830633,-0.00171864479944,-8.71823637479e-05,0.000416979979274,-3.54719830736e-07,-0.00425470145268,0.00502143721549,-0.000588455080064,-0.00054057314286,0.000469276652521,0.00439954086337,-0.000508367251595,0.000188927982938,0.000547240580138,-0.00126711159597,0.000174897826543,0.000893347142038,-0.000391769243353,-6.36781292226e-05,0.00237184095156,-0.00729650443861,-0.000656927193931,-0.00336236153176,0.000168705848167,0.000267097821824,0.000552527121576,-0.00189171701607,4.76837394336e-05,0.000447846296922,0.00310549523843
-0.000253603130403,0.00101649587033,-8.6462783521e-05,-0.000343438501597,-0.000503763480323,0.00032312469044,-0.000649124948068,-0.00154406169906,-0.00031929745933,-0.000810109937268,0.00046154449463,-0.00028496181566,-0.000263016345033,-0.00035599323773,0.000325166707169,-0.00044709060159,-0.00038177716623,0.000276337937282,-0.000229600646664,-0.00023114444792,0.000834441838039,-1.95044638847e-05,0.000192112854157,-0.000358239224659,0.000462540605544,-0.000491077724794,-0.000279505511936,-0.000527567267133,0.000280068388953,-0.000299471901085,-0.00130431587533,0.000383279041015,0.000350986416961,-0.000545265650975,0.000739851530917,-0.000313158961326,0.000495799810553,-0.000492638424157,0.000364442363398,0.000579326272668,0.000252723666361,0.000390538555237,0.000331940054527,0.000468664568848,0.000390166899235,0.00061908970771,-0.000509916572631,9.23522702763e-05,-0.000434455519852,0.000703572928255
-0.000258799974213,0.0009400362071,-4.45746555987e-05,-0.000367894160572,-0.000552596919889,0.000230365460164,-0.000418390530323,-0.00128867640737,-0.000330739070879,-0.000747289382887,0.000543888555548,-0.000277188771471,-0.00032315406731,-0.000229447700587,0.000459454928731,-0.000469129189471,-0.000441886700697,0.000319471272312,0.00098440141224,-0.000329170436068,0.000866127565285,3.02114541616e-05,0.000225420465958,-0.000193747196115,0.000527083735871,-0.000580528379581,-0.000443486182116,-0.000581512416739,0.000282597144759,-0.000267575225294,-0.000944972217685,0.000212135087283,0.000351894828852,-0.000757353158808,0.000680813199003,-0.000346833483231,0.000514341819678,-0.000431095680858,0.000539461926812,0.00039182644542,0.000302304928499,0.000538771135375,0.000324304734307,0.000458407227049,0.000233864422511,0.000564705095807,-0.000554324547125,0.000144732178943,-0.00034399642477,0.000797358986892
-0.000245101906454,0.00121955639024,-9.97425525268e-05,-0.000389922654076,-0.000365146084376,0.000265195239115,-0.000626783113171,-0.00127863850745,0.000267655800359,-0.000640879318836,0.000597063763729,-0.000284012774746,-0.000393641309346,-0.00035938204859,0.000453320673776,-0.000492526198933,-0.000605919375706,0.000350565688245,0.000727623349624,-0.000190001219796,0.00122640625936,-0.000210288293792,0.000234936805174,-0.000313752432407,0.000198855466701,-0.000533829722377,-0.000410267673515,-0.000764762663244,0.000297280775399,-0.000284162064931,-0.000135893243687,0.000367653921229,0.000305180763586,-0.00111500260205,0.000910282927163,-0.000276796807547,0.00056851733969,-0.000557235108607,0.000449116992124,0.000734147116071,0.00038258198483,0.000734471891403,0.000358214362373,0.000569085158817,0.000467857996298,0.000628212789692,-0.000664474332896,0.000203309825041,-0.000435584726496,0.00103152906437
-0.000217027644793,0.00102183257324,-0.00018386532047,-0.000344701079738,-0.000452354801421,0.000280878753708,-0.000492232086373,-0.00174502651802,-0.000349563389781,-0.00066522578519,0.000475221855709,-0.000228863731546,-0.000351713406096,-0.000405668778241,0.000469148433995,-0.00041538809156,-0.000448214554196,0.000347152456477,0.000571104019088,-0.000250568976106,0.00098191043447,2.23080884857e-05,0.000223561186693,-0.000355126863309,0.000454957767324,-0.00073645890686,-0.000325330275505,-0.000662767979717,0.000273806725822,-0.000292834455317,-0.000796854540261,0.000360194283355,0.000289543182091,-0.000902580975206,0.000569154210224,-0.000318539513717,0.000416460425443,-0.000525855572225,0.000371806943521,0.000556528892209,0.000333663681981,0.000610841066325,0.00039632007753,0.000475849005383,0.000238545109733,0.00056612544081,-0.000433202274515,0.000187797808839,-0.000359828837809,0.0007011860812
-0.000643300438849,-0.00495518436024,0.000183955421511,-0.000742029479937,-0.00208323224938,0.000230005759844,0.00272283621104,0.00288107283976,0.000150835807694,-0.00099676383623,0.000813444426985,-0.000558214381632,-0.000604386566943,-0.000956609817895,0.000126371415229,0.000532759861336,4.36852026767e-05,0.000241282364117,-0.000980070964573,0.00142528506365,-0.00212030999718,0.00169920907967,0.00142233532796,-0.000140420410951,0.000618530032822,0.00335458613034,-0.00046998784786,-0.00108731288703,0.000182456530431,-0.000487736388503,0.000266477742069,-0.000828648748744,0.000674197429818,0.00216332572426,0.000431623523329,-0.000533739257381,0.00106255551588,-0.00102751932685,0.000936730308981,-0.0011174828814,-4.5494431943e-05,-0.00152262170443,0.000281345797839,0.00102464076808,0.00067693385028,-0.00426605379486,0.00085887253603,0.000225087215811,-0.000180681784676,-0.00261344408518
-0.00021925163791,0.000902778327298,-7.51582987177e-05,-0.000336379117478,-0.00036895986754,0.000265294369199,-0.000510191531126,-0.00167028542451,-0.000334880062245,-0.000804647015805,0.000459743982909,-0.000257276675655,-0.000383279090199,-0.000318284563408,0.000389903876448,-0.000488613797499,-0.000400270480741,0.000350465562427,0.00041583669942,-0.000281006458386,0.00089512411745,7.09593218933e-05,0.000231016307353,-0.000314495830015,0.00044976467638,-0.000593579796512,-0.000418029971114,-0.000699706828568,0.000267966680769,-0.000283430310255,-0.00112117806681,0.000463059048416,0.000286775582955,-0.00074678054739,0.000599042639275,-0.000311795547445,0.000614687600679,-0.000568427191928,0.000468175055433,0.000426477773737,0.000234008248548,0.000512827458466,0.000359515154965,0.000460065336654,0.000363219999757,0.000662620588383,-0.000511130065517,0.000149394971909,-0.000395759139635,0.000781418051394
-0.000241701037756,0.00141716097522,-0.000127161285445,-0.000303176323976,-0.000387675353028,0.000407970752591,-0.000916354279925,-0.0022151250893,-0.000220481227915,-0.000717853405781,0.00056358078731,-0.00021910636691,-0.000283597228332,-0.000438560981417,0.000403803640688,-0.000468032345085,-0.0005974022587,0.000352404215347,-0.000742913216242,-0.000384160759845,0.00109154040552,-0.000330464323609,0.000248726161354,-0.000321580797246,0.000216417824453,-0.000712781655105,-0.000347165173844,-0.00074649336917,0.00028241686461,-0.000341031524457,-0.000583530565216,0.000337745862403,0.000339808141078,-0.000999199552206,0.000828047818572,-0.000317136971351,0.000620786230563,-0.000446527900593,0.000484456266255,0.0007768415233,0.000383388037542,0.000500212347505,0.000409135414375,0.000539323161662,0.000371806160626,0.000461965422209,-0.000722776726664,0.000209432164969,-0.000411680214158,0.000947661906792
-0.000249996876331,0.000822943287273,-6.65226429495e-05,-0.000274393308667,-0.000562716022072,0.00021319442852,-0.000617834236759,-0.00157804659449,-0.000355923820581,-0.000555759415977,0.000510914513913,-0.000284436251451,-0.000334252436881,-0.00030887808087,0.000474619014228,-0.000450601518805,-0.000354970601711,0.000318246438715,0.000480823099567,-0.0002953829471,0.000791162194788,3.82569446675e-05,0.000317005551545,-0.000306895872499,0.000492353426011,-0.000585672175316,-0.000375523545207,-0.000510902663463,0.00026570384238,-0.000278830660988,-0.00141914931072,0.000328488581456,0.000337334479888,-0.000570965423186,0.000565187941957,-0.000322548641678,0.000405594764067,-0.000567286619224,0.000331154139674,0.000564135416114,0.000233387292659,0.000526708622181,0.000310111103242,0.000366754973614,0.000322995277325,0.000478027033149,-0.000335365483814,0.000137307153681,-0.000404818080745,0.000551288465313
-0.000257858460139,0.000875674259099,-1.52334729115e-05,-0.000322351749384,-0.000457378242487,0.000275743032148,-0.000554629785889,-0.00150722494043,-0.00039087356236,-0.00065148441839,0.00058732891256,-0.000286522059656,-0.000320255691541,-0.000399946716488,0.000399200189109,-0.000465394682601,-0.000408344929283,0.000296993840502,0.000101423396844,-0.000261633265043,0.000993772829599,0.000191209711575,0.000169191152558,-0.000332961209815,0.00043266083803,-0.00037430167426,-0.000309789170813,-0.000511619508133,0.000264234892499,-0.000277887088657,-0.00146549340684,0.000389556688992,0.000275700621508,-0.000724810813624,0.000574988957671,-0.000347082622775,0.000431244807689,-0.000512406547956,0.00037011861057,0.000402860799521,0.000268399521449,0.000600950286131,0.00027246379861,0.000389376767654,0.000348193079541,0.000488562810874,-0.000322235378143,0.000141990886303,-0.000444905166943,0.000679531210052
-0.000250040754123,0.000961848210164,-6.11118612405e-05,-0.000349187511699,-0.000600952264114,0.000239908424859,-0.000528074815073,-0.00146617095967,-0.000318317409691,-0.000789716935528,0.000511149123836,-0.000281849959676,-0.000332659485781,-0.000365270148135,0.000353497719561,-0.000496123797043,-0.000408520489184,0.000314061227222,0.00102611124124,-0.000258844635944,0.000808510609847,0.000185149819708,0.000281367919301,-0.000247325351957,0.000390600915273,-0.0004254781157,-0.000299866702174,-0.00056110287068,0.000278803784401,-0.000246943184685,-0.00101429761585,0.000273464029087,0.000307296559185,-0.000658108581536,0.000605197482882,-0.000293760102472,0.000452042845893,-0.000511013401782,0.000445157434301,0.000355807630613,0.000265819979112,0.000568500416011,0.000242733822536,0.000431150498265,0.000463205382421,0.000593340754764,-0.000627100441701,0.000166138031113,-0.000369116078483,0.000698618305524
-0.000251135295659,0.00116700588851,-0.000196585145704,-0.000403138245518,-0.000371800812344,0.000376308092277,-0.000618060647234,-0.0018515717637,-0.000237382234046,-0.000803168171056,0.000487037675938,-0.000257045360569,-0.000330449968322,-0.00036061276649,0.000461726004188,-0.000374186130976,-0.000482795758796,0.000335173976487,0.000815498927586,-0.000190297747917,0.00104956009934,-1.37876060813e-08,0.00031010317742,-0.000387916657455,0.000289423097978,-0.000795260948538,-0.000340977748787,-0.00069620582035,0.000283220973707,-0.000282864312955,-2.17715069471e-05,0.000447973380311,0.000325620183083,-0.000823352491298,0.000833679067037,-0.000313952034334,0.000564511790178,-0.000608134446891,0.000488874010077,0.000626491558336,0.00031475338848,0.000547626039169,0.000368527791412,0.000533271692891,0.000424529945002,0.000594326341211,-0.000725529616293,0.000192008141571,-0.000437848384894,0.000869975034382
-0.000230281609788,0.000800889827497,-3.63315263688e-05,-0.000332183871338,-0.0003777061871,0.000368222192096,-0.000716622454898,-0.00171893585117,-0.000338074220082,-0.000965629128193,0.000559332727327,-0.000317745581667,-0.00044059631116,-0.000312584764292,0.000344984781011,-0.000308845704804,-0.000390297316116,0.000302512695199,1.00873084081e-05,-0.000252788620827,0.00075271796921,8.57354759517e-05,0.000270042320547,-0.000310124187656,0.00066878180915,-0.000461576344472,-0.000434145075447,-0.000722763660368,0.000264376231236,-0.000299611464534,-0.00161556325689,0.000369036784569,0.000333830529959,-0.000532389258765,0.000680474309257,-0.00036136614721,0.00051157714711,-0.000601411151894,0.000557800033387,0.000495657205211,0.000256926023621,0.000275553805979,0.000325705106931,0.000517068124872,0.000712023207232,0.000459129749682,-0.000526489751246,0.000153626869383,-0.000457507553623,0.000610395044336
-0.000192706089552,0.00109060245911,-6.54961189795e-05,-0.000378879478748,-0.000371906279061,0.000255942995283,-0.000488680994946,-0.00171684286141,-0.000276869939072,-0.000734996719649,0.00055909899157,-0.000265602714465,-0.000336030807005,-0.000347388385385,0.000457755210143,-0.000443636909108,-0.000432511055832,0.00033413857492,0.000988227859948,-0.000253255093781,0.000987664897407,2.69187695901e-05,0.000298258908695,-0.000297936053785,0.000344122307759,-0.000618315396259,-0.000320480688793,-0.000558338071209,0.000269855004249,-0.000266475372932,-0.000654741144636,0.000420644103339,0.000302265132997,-0.000678537129308,0.000740603186367,-0.000328996096965,0.000471881330419,-0.000541144711583,0.000442339818157,0.00058097454547,0.000338183448154,0.000397103743744,0.000372555796001,0.000457447123482,0.000432820463547,0.000581643912552,-0.00057196808776,0.00025983280308,-0.000404044328045,0.000552797245811
-0.000254486889085,0.000783775175671,-3.74997219789e-05,-0.000371178426725,-0.000436392076219,0.000328071589506,-0.000722439046394,-0.00167657925665,-0.000276056883237,-0.000875072873319,0.000624489224044,-0.00021328766819,-0.000408642552431,-0.000254705692433,0.000359908570627,-0.000548821876962,-0.000397498973319,0.000329896917595,0.000434137886021,-0.000246201482246,0.000775280010107,-2.83224152938e-05,0.000158312696516,-0.000315065842357,0.000511539279026,-0.000554761773014,-0.000337599921903,-0.000512232963781,0.000283593921403,-0.000266237172568,-0.0012608566159,0.000332945974873,0.000307498986566,-0.000501753318282,0.000783710270275,-0.000329119084655,0.000580021856016,-0.000338647760133,0.000425299168934,0.000553411643836,0.00023937836658,0.000363152154667,0.000269493871925,0.000322506355863,0.000537681444402,0.000500459551037,-0.000553191970632,0.000131322066622,-0.000471934885543,0.000617774373778
-0.000258789365521,0.00109156745895,-4.47305472629e-05,-0.000342345615949,-0.00042780280141,0.000315250937954,-0.000686885809979,-0.00229929700421,-0.000457115480002,-0.000987700459102,0.00065690718767,-0.000310314985476,-0.000536458008664,-0.000409458862563,0.000551397945449,-0.000338996982214,-0.000461024907511,0.000356041595247,0.000950267940374,-0.000404754520339,0.000961831328055,6.56424420595e-06,0.000346681855701,-0.00034723164168,0.000766444682028,-0.000546912188473,-0.000358802936147,-0.000740785821233,0.000271638853545,-0.000492397712085,-0.00207079323099,0.00043840621193,0.000299686209027,-0.000799587568248,0.000607871930468,-0.000395370491921,0.000555563679062,-0.000619906194092,0.000518302412009,0.000533481642205,0.00038464324366,0.00048234303537,0.000410877440782,0.000578079662812,0.000539134357908,0.000543896928751,-0.000530759773915,0.000159689670974,-0.000453211707343,0.000751066906175
-0.000473486053383,0.00029066104749,-0.000181254781272,-0.000435987779159,0.000943150605277,0.000331800993757,-0.000285110737305,-2.21584286742e-05,7.04809019289e-06,-0.000720830912391,0.000444421781138,-0.000231197460674,-0.000508063910517,-0.000311102921793,0.000345891096054,-0.000192196807324,-0.000445631883492,0.000317366089074,0.00118884986989,-0.000261303708366,0.000525713508806,0.000216947087688,0.000390759482892,-0.000399014877584,0.000581242428999,-1.02712274392e-05,-0.000339233102912,-0.000391912083002,0.0002690463246,-0.000264532947141,-0.000667535414268,0.000718506924796,0.000351594648885,-0.000470883787346,0.000466479810904,-0.000336534050332,0.000541444314802,-0.000796795168886,0.000357363977943,0.000321408396459,0.000307122434337,0.00046716669743,0.000409475103325,0.000508962095728,-9.62715086801e-05,0.000478841203496,-0.000467247387023,0.000351772149349,-0.000273454982175,0.000434665751344
-0.000232346824054,0.000843996997263,-7.47391623162e-05,-0.000285598070084,-0.00034425615065,0.000309869922574,-0.000293698829104,-0.00137447976757,-0.000345901961418,-0.000615247491881,0.000447804029978,-0.0002610532406,-0.000297364540198,-0.000339837782624,0.000401369005911,-0.000442048924739,-0.000515383079728,0.00033247108888,0.000983878321949,-0.000167964112033,0.000956706780513,0.000115322157454,0.000300272210055,-0.000247940026028,0.000306197557078,-0.000668352993372,-0.000197941717221,-0.000449339966987,0.000263712928133,-0.000253112846938,-0.00129247289586,0.000259986336605,0.000355632391394,-0.000677952158101,0.000517113999668,-0.000297980217709,0.000453284986354,-0.00047867258195,0.000236366792373,0.000466055420518,0.000281679574688,0.000517432558494,0.000291936211775,0.000339965200279,0.000450793753067,0.000534545792859,-0.000464317571322,0.000127595371482,-0.000480162409177,0.000382143113336
-0.000219324555437,0.000918093660918,-0.000118812059931,-0.000323653811083,-0.000424760056065,0.000360462313857,-0.000625627747235,-0.00128593219848,-0.000325987762107,-0.000602598354562,0.00048560827427,-0.000253367376206,-0.000344494712462,-0.000316677632423,0.000324524068841,-0.000473025755259,-0.000360225780566,0.000342834523337,0.00107697164629,-0.000326616111819,0.000729395977183,0.000102244494992,0.000268542572269,-0.000274085028912,0.00042742490669,-0.00051891261364,-0.000301249786807,-0.000442923958912,0.000263676820652,-0.000231250683527,-0.00130771554765,0.00033645129266,0.000289551771108,-0.000706694971877,0.000516542656665,-0.000295817504698,0.000501461146216,-0.000561430295398,0.000391528649619,0.000491627024062,0.000295660945737,0.000540586222271,0.000305060610436,0.000463402989122,0.000346281754363,0.000595000173743,-0.000400025765562,0.000146963849357,-0.000352284819523,0.000469926623981
-0.000242478736719,0.000995721757661,-0.000221979721066,-0.000318127148238,-0.000538421401724,0.000292663654194,-0.000499566424879,-0.000422880223811,-0.000291108167056,-0.00040198098102,0.000343156403824,-0.000225316013938,-0.000211759639477,-0.000395206202786,0.000475158348987,-0.000524954301163,-0.000437977911445,0.000344628801572,0.000845269301262,-0.000150217513609,0.000992621073087,-0.000171273300157,0.000264382974746,-0.000343643396846,0.000374071836258,-0.000586179728055,-0.000198427519282,-0.000779227977937,0.000263634158825,-0.00029960922445,-0.000720456646089,0.000384676283953,0.000409387600587,-0.000968943689978,0.000671048447853,-0.000194142713975,0.000442020743485,-0.000404976279996,0.000412625059866,0.000604888204308,0.000397538830646,0.000574601229917,0.000425419285494,0.000434042923294,0.000309149815375,0.000661866241987,-0.000530731821416,0.000227357210275,-0.000365961177404,0.00072654384519
-0.000229868025602,0.00104904672905,-0.000139526719157,-0.000330671768664,-0.000454432109225,0.000275941043589,-0.000550991323922,-0.00160483200242,-0.000375741528338,-0.000775730449039,0.000458634372588,-0.000241077990249,-0.000368518115428,-0.000317910948284,0.000460182053229,-0.000401727051187,-0.000413280569035,0.000313611765036,0.000941335397366,-0.000289910398378,0.000855386839684,0.000204882049206,0.000257455284987,-0.000296137901828,0.000434789980163,-0.000678895142311,-0.000340057141828,-0.000402692329772,0.000258991299732,-0.000254322246238,-0.000804097532343,0.000356509932945,0.000363172967802,-0.000678783427605,0.000497616081741,-0.000313001255495,0.000585458290109,-0.000498416231316,0.000521012674171,0.000479258176276,0.000263932633872,0.000472081926725,0.000327845612475,0.000532784950894,0.000541269238854,0.000560423561757,-0.000709757916483,9.28246897875e-05,-0.000449835038767,0.000682341430089
-0.000219318558205,0.000789402307613,-0.00019179478359,-0.000322525104233,-0.00043204258512,0.000146651641585,-0.000495174414972,-0.00135820793288,-0.000312976355368,-0.000622201095146,0.00038264107661,-0.000263812061994,-0.000375203696238,-0.000339608276714,0.000426236667279,-0.000421287419038,-0.00043229308484,0.000305450033988,0.00102053654785,-0.00028231472208,0.000933973124365,0.000101800857593,0.000248768649042,-0.000290248293104,0.000470512575314,-0.000497618149828,-0.000425901961761,-0.000607435822697,0.000258668756976,-0.000238772772056,-0.00117404005934,0.000393732435815,0.000325353367397,-0.000482381344717,0.000527612780647,-0.000288202427815,0.000447908412661,-0.0004375834101,0.000495171517358,0.000393935732083,0.000341973222227,0.000615038736016,0.000337815022032,0.000363736592169,0.000411739548189,0.000599572222686,-0.000452102793627,9.29830689776e-05,-0.000468523736291,0.000637165931952
-0.000281394003547,0.00081492619816,5.01782041528e-05,-6.8352382405e-05,-0.000387212363174,0.000354684892902,-0.000565552348691,-0.00169610181122,-0.000351593062441,-0.00087216294062,0.000718474562603,-0.000226341650826,-0.00039630045962,-0.000304940243925,0.000427720706489,-0.000291462218639,-0.000468011472715,0.000324654499148,0.000432328013325,-0.000307644405081,0.000856984549782,1.78805153213e-05,0.000108560250534,-0.000265565954808,0.000439434498796,-0.000368056019553,-0.000343094308066,-0.000632056977074,0.000255208038249,-0.000266223042118,-0.00134297258033,0.000320124148228,0.000299382294,-0.000683442304059,0.000672538415952,-0.000359707520101,0.000682254666184,-0.000415492693299,0.000570664440068,0.000525671932257,0.000184478794349,0.000595483437692,0.000409009809919,0.000504766233023,0.000466955027762,0.000539571940342,-0.000694397250452,0.000133972485584,-0.000365639465389,0.000708353681023
-0.000219262591561,0.00115154207756,-0.000129289115093,-0.000303561687333,-0.000429836202999,0.000369311334276,-0.00061248714707,-0.00181422944982,-0.000353032790154,-0.000536667152166,0.000526611370054,-0.000265253895136,-0.000358971647344,-0.000345748276598,0.000495793744174,-0.000419604987406,-0.000542850212341,0.000280277837665,0.00034675951749,-0.000354155541389,0.000814233832184,0.000166995903966,0.000252292633832,-0.000323489954945,0.000244310641278,-0.000672732134852,-0.000349704417691,-0.000633378521702,0.000257331957122,-0.000324444744945,-0.00119904984172,0.000391347141828,0.000279856674983,-0.000792375303198,0.000575137233466,-0.000215383634996,0.000384347859599,-0.00056650253085,0.000418855937467,0.000403882203717,0.000254918005087,0.00051969095477,0.000399710569864,0.000357131302268,0.000266522359529,0.000527593382619,-0.000411401186172,9.60660795866e-05,-0.000418997378413,0.000763999087009
-0.000224579612395,0.00117502403488,-0.000106647218918,-0.000399700395879,-0.000440448105957,0.000304037556513,-0.000734400341216,-0.00188350599282,-0.000267183267529,-0.000900921820972,0.000573307072423,-0.000247989138926,-0.000320025558521,-0.000317976744649,0.000416604083826,-0.000493368757479,-0.00044830988129,0.000313742989343,0.000256755048355,-0.000278289536972,0.000879105636899,-0.00015545421033,0.000265678786643,-0.000337368902464,0.000586616400555,-0.000622816304364,-0.000388085627801,-0.000640123948386,0.000280997186482,-0.000281387489529,-0.000853007705107,0.000362641903173,0.000343953481497,-0.000609565615708,0.000849669623107,-0.000358466189501,0.000586314906495,-0.000588428346111,0.000561044505123,0.000621455235723,0.000287361863114,0.000312933375654,0.000384637220878,0.000617084364592,0.000433438987473,0.000543117391907,-0.000634859460792,0.000176896330607,-0.000427732674221,0.000617888231322
-0.000234172991716,0.000840244100341,-8.86306158882e-05,-0.000353855540027,-0.000505914584869,0.000354935631309,-0.000605417199056,-0.00155773760124,-0.000348388868001,-0.000638018145838,0.000506634884943,-0.000192483264961,-0.000366061044397,-0.000445127147631,0.000330492022106,-0.000386303917858,-0.000403987739041,0.000269964380105,0.000467590268443,-0.000307520224847,0.000834294659229,7.62688740559e-05,0.000184941450462,-0.000332120849875,0.000338529341805,-0.000495420211527,-0.000212809580443,-0.000721868906584,0.000265888860274,-0.000282222890952,-0.00134689199133,0.000307171041173,0.000288424215673,-0.000742498248782,0.00062370343962,-0.000314772129334,0.000492717806823,-0.00052305970722,0.000433665244103,0.000434871369186,0.000351994684144,0.000392174572196,0.000254330258508,0.000367320416313,0.000463105157193,0.000461749474171,-0.000468639381434,9.1428445068e-05,-0.000448969149767,0.000595038454402
-0.000233615230127,0.000931206271328,-0.00014661785127,-0.000359003921985,-0.000412160689234,0.000330844988941,-0.000641276789927,-0.00158365376026,-0.00038176795169,-0.000606574098731,0.000533919502237,-0.00029450960972,-0.000345012291958,-0.000315082420773,0.000409658875497,-0.000487562754042,-0.000393791734505,0.000347993825737,0.000837275113714,-0.000298912845808,0.000971210676143,0.000145167777329,0.000275832276581,-0.000307221731291,0.000534411668315,-0.000487719883866,-0.000278259180869,-0.000695437558068,0.000277673944811,-0.000264008404913,-0.00101384080663,0.000368719825377,0.000321356872039,-0.000654485287775,0.000661917295918,-0.000301189880474,0.00047538198311,-0.000550594419374,0.000442392722803,0.000407449077127,0.000365137744488,0.000461282878527,0.000324471967385,0.000662487126244,0.000526172677893,0.000527369290037,-0.000523749269976,0.000196069446632,-0.000392199810754,0.000556969907546
-0.00180451029918,-0.00746740051355,0.00265302715414,0.000137691928735,0.00567179661964,0.00255229995062,0.00207624232598,0.0129424817223,-0.000819659603525,0.00279235680087,0.00101324842269,-0.00077020560963,-0.000179372983948,0.00203548752894,-0.0110385022754,0.00537442810467,-0.00143818276234,0.000286890920017,-0.00149091285358,-0.000442791901683,-0.00816167041323,-0.0149091893756,0.00206469526065,-0.00138769291239,0.00522810183892,0.00736175238329,-0.00058939141048,0.000597907843449,0.000198198239006,-0.000236073563579,-0.00752914469558,0.000272521809945,0.00137916465929,0.00227362554953,-0.000406055008289,-0.000865051228251,-0.000161741717114,-0.00420786785896,-0.00333209635072,-0.00467203206273,0.000409367231648,-0.00216018200016,0.000118314144026,-0.00426832979572,0.000147440811823,-0.00157255450908,0.00375356340698,0.000550726324105,0.000522847514686,-0.00515112295077
0.000187854687976,1.39589382014e-05,0.000484707827682,-0.000444068695815,-0.00151885836108,0.00078798838973,-0.00143544223609,-0.00202663502021,-0.000311776098251,-0.00021308288774,0.00059944408873,-0.000238720695749,-0.000569998629359,-0.000603184701799,0.000609420207527,0.00117622468979,0.000654761004456,-0.000191007089461,-0.00247124355015,-0.00014418280338,0.00115776131701,0.000439052188988,0.000775658596939,-0.00039952117296,0.00112323588965,0.000152024724059,-0.000901878891216,-0.000813374279502,-0.000470508458555,-0.000136677581778,-0.00112043061201,0.000742297667652,0.000430056058412,-0.000565335628349,-0.000687741933197,-0.000674383262552,0.00136433356463,-0.000925007443901,0.000293966722772,0.00070939937201,0.00113825287192,0.000592133542718,0.000374273625732,-0.000790591432273,0.000503461395688,0.00126916713826,-0.000166630508333,0.000130614253891,-0.000831991537009,0.000854638390135
-0.000252628765427,0.000921017392766,-9.98651963172e-05,-0.000377209076852,-0.000274236239306,0.000330585967986,-0.000634432915631,-0.00175169578569,-0.00028131831208,-0.000607180063332,0.00060570540333,-0.000269493841126,-0.000439614252999,-0.000391895621504,0.000334757597525,-0.000371504841529,-0.000504024245866,0.000334503444642,5.87766995736e-06,-0.000268277743057,0.000846572174518,6.86519040774e-05,0.000244901447549,-0.000297909360065,0.000475546175391,-0.000500368641778,-0.000496879358608,-0.000673526405363,0.000263414429324,-0.000281339537442,-0.00130659340346,0.000440627479713,0.000256042821702,-0.000635023653624,0.000565268410196,-0.000376710370934,0.000518085136755,-0.000541128383191,0.000516195967244,0.000448572348517,0.00031837491499,0.000444633761244,0.000331520370922,0.000463522624111,0.000550929503836,0.000568920189777,-0.000532577938744,0.000194894407535,-0.000432630455745,0.000547856806432
-0.000236571126473,0.00105709904658,-7.65272938206e-05,-0.000330911846794,-0.000472800464061,0.000416801612214,-0.000485203167251,-0.00169840150738,-0.000320582797029,-0.000582524143167,0.000471511813405,-0.000182082529649,-0.000314643485304,-0.000402422983324,0.000399885427818,-0.000390782139812,-0.000459071037923,0.000288398569027,9.5183776219e-05,-0.000292783186184,0.000947144181493,-0.000110143946265,0.00026191580241,-0.000304812012382,0.000294373779895,-0.00068160506702,-0.000246440352484,-0.000637077045611,0.000268906455672,-0.000309305195599,-0.00109228270719,0.000277228261503,0.000304926849422,-0.000873424722579,0.000659133662844,-0.00032544023444,0.000394500775949,-0.000571519669688,0.000418571561333,0.000519642655124,0.000332835847515,0.000583877366329,0.000324643105366,0.000352051340962,0.000210199689622,0.000541521683893,-0.000435342618583,0.000141829605505,-0.000471201726659,0.000726344293658
-0.000241669588649,0.000785881924061,-2.14926649681e-05,-0.000343531838906,-0.000364407572722,0.000325729595316,-0.000616654270917,-0.00160274313301,-0.00028705405051,-0.00093285108574,0.000542585696214,-0.000293510752115,-0.000451737162891,-0.000371121083513,0.000381297723826,-0.000358030426039,-0.000474654980734,0.000362113072546,8.13532704049e-05,-0.000257089939271,0.000881963256843,0.000140536252932,0.000197176256834,-0.000321834657301,0.000442143946631,-0.000593183269659,-0.000383604287417,-0.000550883856633,0.000254319458538,-0.000249510681322,-0.00134185774658,0.000286319742495,0.000302109101591,-0.000673498823884,0.000696454513966,-0.000371903125552,0.000607201204212,-0.000571631834055,0.000470921713071,0.000397096103975,0.000331356581129,0.000450917244605,0.000395815769648,0.000615281054193,0.000423874577668,0.000498192310129,-0.00066171654171,9.70094641537e-05,-0.000546204081349,0.000649395838334
-0.000376565282663,0.000550690614892,-7.98115212753e-05,0.00110430468201,-0.000619025770268,0.000554885247941,-2.00940576392e-05,-0.00135198885937,-0.00043182888544,0.000839372656027,0.000659510916792,-0.000265275267126,-0.000349698431202,-0.000497321759389,0.000670748490574,-0.000564607915205,-0.000253515104033,0.000160332054163,0.00029693631309,-0.000406559584578,-0.0010400659507,0.000130425891862,0.000474619889323,-0.000355005136311,0.000131870529939,-0.000159433385604,-0.000485973365825,-0.000403014207708,0.000119166777769,-0.000306638456035,-0.00169535050258,0.000595689329866,0.000233041256368,-0.000235611396744,0.000689112254313,-0.000382579234971,-3.29855638186e-05,-0.00049120455938,0.000414110220026,0.000374866991494,-0.000844755003094,0.000484258701073,0.000279576870511,0.000399690509496,0.000483592880184,0.000315426209637,-0.00026915880375,-8.75897843129e-05,-0.000249026802076,0.000984016409492
-0.000232410192402,0.000807302007209,-0.000204434475155,-0.00028420218845,-0.000416312841846,0.000355058759889,-0.000443238987038,-0.00152218293468,-0.000346649663882,-0.000565791992061,0.000421407155798,-0.000266778745547,-0.000338827311016,-0.00033686268763,0.000505642571999,-0.000319101040798,-0.000309711972566,0.000322770719475,0.00097152557222,-0.000248317675665,0.000721872647975,-1.39120871087e-05,0.00034916926628,-0.000300242453582,0.000301773217918,-0.000588870632576,-0.000392331642936,-0.000518803369023,0.000268514476516,-0.000248375093832,-0.00110067649537,0.000177259492195,0.000307279345688,-0.000615981745818,0.000481961443532,-0.000288480567623,0.000454449659137,-0.000486735295401,0.000333518147588,0.000535622590585,0.000334580394944,0.000514023059692,0.000434001768336,0.000489314933759,0.000469466008524,0.000648390982823,-0.000490583718872,9.81851406757e-05,-0.000497770029423,0.000611705062418
-0.000257246615987,0.000903570981061,-0.000140035123125,-0.000312999099425,-0.000394585684782,0.000288791365731,-0.000375457078334,-0.0016060843577,-0.000272105773587,-0.000920907629051,0.000392605743143,-0.000226474083129,-0.000408109465146,-0.000402426022027,0.000480556708507,-0.000358614890938,-0.000421162166376,0.000326442183169,0.000956428988007,-0.000195584161582,0.000908116486525,-0.000121402613768,0.000264647365534,-0.000305415306393,0.000376317564847,-0.000615464837479,-0.000388491838122,-0.000611094343282,0.000271865064553,-0.000262692949832,-0.000851068922231,0.000384494903633,0.000315413391005,-0.000594435417285,0.00059529144108,-0.000352877874136,0.000389728035001,-0.000489398346469,0.000407822640685,0.000413524492387,0.00027990916666,0.00020285927191,0.000345968691294,0.000437136833686,0.000391205664182,0.000661779161093,-0.000518252596315,0.000141726887786,-0.000409402313671,0.000700031214919
-0.000384544625177,0.000770595846172,9.99399899131e-05,-0.000722789559671,3.22104176006e-07,0.000404119127229,0.0016000996182,-0.00197822546693,-0.000473014994088,-0.00025078245231,0.000903731468356,-0.000197044305915,-0.000308839391472,-0.000162485887108,0.000644734441817,-0.0010729684851,0.00479234738174,0.000187436677563,-0.000514634887819,-0.000257352846702,0.000396341675272,0.000544141986357,-0.00273231635303,-0.000587195849344,0.000391036020049,-0.0011764589974,-0.000887631197879,-0.000596572205116,0.000298506779647,-0.000215268079733,-0.000710784736936,-0.000332497943773,0.00053268729856,0.00086414576023,0.000529288445218,-0.000241419415321,-0.000412813322332,-0.000198310446574,0.000798820000813,0.000311056294264,-6.0407548103e-07,0.000234598170876,-0.000634291790862,0.000805761050164,8.42565476258e-05,-0.000250506988875,-0.000809040772549,-0.000402359145184,-0.000220817058484,0.000896330349007
-0.0018292521509,-0.00133135391118,-0.00120514505446,-0.00105175652237,-0.00191457282742,0.00144206059826,0.00217353895379,0.0384305696699,0.00432645053931,0.00660222009813,0.00193198966511,-0.000460315129552,0.00103125088629,0.00223094951382,-0.000181938858292,0.00297996354978,-0.00214197701851,0.000569581354375,0.000666382594689,0.00071474927664,0.00239551292653,0.00177589234762,0.00131556970904,-0.00055837834759,0.000542542595243,0.0060656486467,-0.00323299356629,0.00199900672163,0.000316294096061,-0.00114927670885,0.00517289110199,-1.18877868704e-05,0.00207494474243,-0.00420320185114,0.00386713675753,0.000533928700155,0.000788251626541,-0.00218985089861,0.000953829095814,0.000727410350243,0.000490093808752,0.00569403995492,0.0012349171135,-0.000486832835214,-0.000358365534651,0.00280877609443,0.00135172256344,0.00154905740909,8.00595676215e-05,0.000617282988641
-0.000255254615384,0.000998823172853,-9.69539030362e-05,-0.00039101491529,-0.000397287347182,0.000304429027315,-0.000474885378634,-0.00155196286624,-0.000286349484533,-0.000828257780488,0.000588287474696,-0.00026505477506,-0.000472431567402,-0.000327229185538,0.000442600849617,-0.000377782676543,-0.000485149790138,0.000321051604103,0.000488439148242,-0.000240194174025,0.000956177764045,3.7778137639e-05,0.000230459664645,-0.000363248097507,0.000454419349547,-0.000555504926576,-0.000332447187297,-0.000676606191578,0.00027268359013,-0.000272239591424,-0.00106927986349,0.000444513772631,0.000335534212553,-0.000705850569744,0.000596411070112,-0.000354535040828,0.000591100474161,-0.000631174796996,0.00051067849722,0.000473032456847,0.000310319865672,0.00053739701768,0.000276874581563,0.000435768965617,0.000585112375709,0.000616654647559,-0.000662078569993,0.00013928021251,-0.000477646905273,0.000687273079273
-0.000438905732401,-0.00023479886289,-2.90717337892e-05,-0.000375002396029,-0.000145032899917,0.000312616757921,-0.000133534338908,0.00208251047396,-6.04199469245e-05,-0.000172840802356,0.00064462181226,-0.000437049923128,-0.000498461253489,0.000120100572258,-9.25908322857e-05,0.00143836811607,-0.000335481066406,0.000184528947437,0.0008945760449,-0.00018281697979,-0.000261086515929,0.000749741842593,-0.000252466581379,-0.000230673112954,0.000720623660028,0.000287299889414,-0.000314373643175,0.000393253719784,0.000237696482645,-0.000351167231306,-0.00149406387609,0.000276913950194,0.000226227964493,0.000454316729361,-0.00138079198268,-0.000497145381544,-0.000200195296301,-0.00054960738214,-9.73641237756e-05,0.000619733475129,0.000127000611479,-0.000826713156905,0.000130338227707,0.000228847818409,-0.00020865692435,-0.000153011437702,-0.000167097690651,-0.000112275600034,-0.000495745693628,-1.85081084486e-06
-0.00022356820065,0.00068199432472,-0.000109349680374,-0.000334250824808,-0.000422647833877,0.000321688925305,-0.000499318122481,-0.0012114477307,-0.000302401165048,-0.000641270196899,0.000475291222789,-0.000302261720688,-0.000310072793947,-0.000310648745213,0.000459304745158,-0.000483535854302,-0.000395368054039,0.000302164514053,0.00104046391775,-0.00013701567133,0.000784141108561,5.73054488518e-06,0.000244419069374,-0.000182024527689,0.000412655782898,-0.000537071009191,-0.000293557180294,-0.000420635803846,0.000274478889552,-0.000215149216214,-0.00107206067789,0.000277793138312,0.000302351901671,-0.000628939273222,0.000598881139546,-0.000261338498183,0.000578122616268,-0.000439802098515,0.000362774052774,0.00039890477302,0.000196831161894,0.000362712976568,0.00027042598662,0.000387987541296,0.000379850199164,0.000474155521649,-0.000464819988724,0.000126558739674,-0.000429727884918,0.000492300480979
-0.000246021496339,0.00107101780497,-0.000115802850615,-0.000307519768726,-0.000603803613223,0.000261026400964,-0.000425917497272,-0.00151002771694,-0.000326666792894,-0.000656468316726,0.000467166141697,-0.000298484223705,-0.000278804600414,-0.000216116612479,0.000498749520379,-0.000371228209764,-0.000449350242522,0.000367583706082,0.001069701546,-0.000222150888868,0.000746377492933,6.62003630473e-05,0.000219188236407,-0.000225730103877,0.000202325299323,-0.000697932446982,-0.000187715528864,-0.000584770726282,0.000247766434668,-0.000198206465225,-0.000965817570634,0.000379882191754,0.00029559080037,-0.000695436034838,0.000557508775921,-0.000359725256763,0.000499553593831,-0.00065557756356,0.000620770906869,0.000501223595228,-0.000341890702548,0.000485809693299,0.000282981097076,0.000423288701589,0.000561897120158,0.000505403335364,-0.000655863874472,0.000131639815281,-0.000458670992033,0.000724158031207
0.000272053532515,0.00012942982535,-0.000130739922574,-4.07807004854e-05,0.00011056530472,-0.000349152636358,-0.000510197775863,-0.00480986239386,-0.000449782044535,0.000973291959341,0.000465994471388,-0.000243632517759,-0.000356076870303,-0.000778752636364,0.000441050946664,-0.00137204941418,0.000410812958572,0.000264749540002,0.0006160225877,-0.000325469768268,-0.000133346560044,0.000403385867644,-0.000338307859543,9.61282977842e-05,3.11269565186e-06,-0.000145157855534,0.000730822966861,-0.000515357093212,0.000279780047442,-0.000413515638669,0.000761874096978,6.23572213693e-05,0.000545599474596,0.000566411921075,-0.000430385062974,-0.000381848854789,-0.000761383794344,0.000895396165817,0.000196915854194,-0.000106953934852,-0.00130166446122,-0.00123950820774,-0.000308171017706,0.000630310744987,-6.5664300459e-06,-0.000274913768884,-0.000838366279891,-0.000847542700099,-0.000516569670837,0.000527686602127
-0.000261531291038,0.000938492837649,-7.28564737076e-05,-0.000280668981945,-0.000450358540081,0.000381746145927,-0.000614081048861,-0.00124855435881,-0.000288339767801,-0.000707643495988,0.000548628538054,-0.000289462792948,-0.000349114733669,-0.000335085376483,0.000500524222852,-0.000380461792745,-0.000488636093923,0.000310571019234,0.00100988064733,-0.000318145707735,0.000862488821421,-1.3855543963e-05,0.000268548756851,-0.000316348459145,0.000328041569339,-0.000583917628954,-0.000358110279689,-0.000649690565487,0.000262487779838,-0.000252913747005,-0.000836634266717,0.000308986967983,0.000300965354335,-0.000702232611353,0.000614168744376,-0.000323837236431,0.000559211550608,-0.000604204944909,0.000521555763437,0.000557219598491,0.000371258230603,0.000507666567358,0.00031296715122,0.000486680134689,0.000404655627488,0.000512176399925,-0.000593398365466,7.76605232796e-05,-0.000418999908332,0.00062999308573
-0.000248540548979,0.000861936084438,-7.32428441868e-05,-0.00033737796277,-0.000392107854577,0.000263752218358,-0.00057065355824,-0.00153278614155,-0.000305683570563,-0.000716959574634,0.000476312334033,-0.000268365760128,-0.000375088168048,-0.000160610810489,0.000347048524311,-0.000310694275307,-0.000463674097033,0.000367023098881,0.000976224687352,-0.00028738346187,0.000865886102362,0.00011397731459,0.000102603760847,-0.000308206742024,0.000275843613835,-0.000611006602027,-0.000285184302958,-0.000591437537117,0.000266618714831,-0.000253773524163,-0.000964806489098,0.000296568547513,0.000292217625625,-0.000796913940944,0.000779162696673,-0.000309771855986,0.000400773565952,-0.000565658563067,0.000340327345349,0.000537444222458,0.000197007845411,0.000536171221726,0.000388706480931,0.000332678545017,0.000408041728622,0.000510075562967,-0.000459284957602,0.000172157929521,-0.000499909767238,0.00065607348504
-0.000227505463375,0.000783294229204,-8.39560742993e-05,-0.000356461651318,-0.000400950215302,0.000320981644065,-0.000429903403681,-0.00146986161415,-0.00030736509647,-0.000660033643169,0.000410910285492,-0.000280454692471,-0.000413561341384,-0.000293878648054,0.000433746445457,-0.000428665501863,-0.000312212574983,0.00032078295851,0.00103706176632,-0.00027355026294,0.000957981716657,-1.51098785289e-06,0.000291977127158,-0.00032566279686,0.000525983977652,-0.000444125733342,-0.000272235077152,-0.000466173679424,0.000270735313981,-0.000244832057112,-0.000988123358396,0.000234765644557,0.000314485551182,-0.000774960819312,0.000647667157438,-0.000321234537093,0.000565234123633,-0.0005105486816,0.000488446871738,0.000502240136517,0.000299420888084,0.000527863602934,0.000321672465618,0.000472140385644,0.000442082673218,0.000562159648152,-0.000695675883755,0.000115311423439,-0.000341154161504,0.000617688436189
-0.00021836663477,0.000751203051707,-5.34774300708e-05,-0.000326844608686,-0.000486337677275,0.000372190373751,-0.000553890915887,-0.00153133245158,-0.000307205669285,-0.000543432755856,0.000542475807083,-0.000280719773165,-0.000263497650238,-0.000326296038453,0.000386806615066,-0.00041937376951,-0.000390962215357,0.000299380001243,0.00103764270263,-0.000185222540088,0.000895438057031,0.000157666909621,0.000244904079016,-0.00034362595415,0.000449246626566,-0.000536076863962,-0.000316982952561,-0.000618299565163,0.000278744162964,-0.00025087825449,-0.000957853451334,0.000406170554772,0.000302690080631,-0.000630492244589,0.000688548684688,-0.000190264924078,0.000649726141842,-0.000448503602633,0.00038458090205,0.000436587723433,0.000276006952491,0.000502501090533,0.000360420661515,0.000386472131195,0.000470754973122,0.000662268908722,-0.000548575430349,0.000126473972053,-0.000434048864492,0.000645402368165
0.000207343792047,0.00146527411482,-0.00102234700661,-0.000608960173549,0.00129644967268,0.00116252566858,0.000729762745833,-0.000311508575121,0.00127740716348,0.00163637638152,-0.0012025747497,-0.000712186129558,0.00107298990382,0.00226718178073,-0.00167066669919,-0.000149170136026,0.00864696290784,-0.000800787978817,-0.00185628190289,0.00164955505128,0.00123039698269,-0.00324838674183,0.00116443762268,7.30168040764e-05,-0.0046604470981,-0.000856894798701,-0.00107322468476,-0.00104653075979,0.000362113974105,0.00178431331967,0.00196515076199,-0.00146714941626,0.000284042746556,-2.17036182897e-05,0.00195156015049,-0.000162066756674,0.000639684474272,0.000492916996113,0.00125599531285,0.000448502420289,-0.00122013118121,0.000905233160051,-0.000964588121289,0.00218149067733,-0.000134729398137,-1.19308746525e-05,-0.000728887428298,0.0013743969809,0.000567337359394,0.000696164204169
-0.000265222186594,0.000908542603076,-5.82422413874e-05,-0.000320785411434,-0.000434262606013,0.000285773172826,-0.000492800456355,-0.00170717081369,-0.000355087213177,-0.000621074990546,0.000491460344376,-0.000238878035729,-0.000301568200481,-0.0004316127485,0.000315812230793,-0.000483278278835,-0.000475022686901,0.000278789057905,0.000150704585381,-0.00026772886315,0.000794267029256,0.000232821723875,0.000242800921788,-0.00028055501568,0.000278351919642,-0.000524338344777,-0.000451722219377,-0.000657633920924,0.000250128721104,-0.000283826470899,-0.00137272213704,0.000259377320685,0.00027978488802,-0.000739428785248,0.000481338557563,-0.000283793720655,0.00050115016108,-0.000431835635438,0.000491364991818,0.000475766233155,0.000291972269164,0.000619380431296,0.000335115134315,0.000554173157243,0.000382012616817,0.000542677121726,-0.000550038712384,0.000102912039132,-0.000441274239986,0.000706587901079
-0.000272036294645,0.000859102126797,-7.74983871066e-05,-0.000298095722295,-0.000418911602286,0.000343647610683,-0.000616530417994,-0.00141710947431,-0.000275906917173,-0.000685126579238,0.000509729540186,-0.000255559139771,-0.000326234683161,-0.00031128556582,0.000408179717626,-0.000511524296664,-0.00043746282893,0.000317111534589,0.000872691312531,-0.000258957942058,0.00092831684775,3.29058650529e-06,0.000276315727301,-0.000242271351835,0.000382197609552,-0.000612230745657,-0.000391446034114,-0.000528708703802,0.000262161046111,-0.000231528554557,-0.000857430753235,0.000304609423423,0.000337604550961,-0.000710556171596,0.000680091120369,-0.000322592307343,0.000586614107986,-0.000509655005311,0.000372148285283,0.000456553957651,0.000433540951977,0.000494444329235,0.000347592225308,0.000492918572226,0.000466154781637,0.00045191570205,-0.000367838192009,0.000144825594556,-0.000439214151006,0.000753489202014
-0.000254296499611,0.000887600701249,-0.000143578365822,-0.000330104038031,-0.000328169582867,0.000300512408556,-0.000599869591225,-0.00150211462621,-0.000354730521073,-0.000684329742807,0.00042633790568,-0.000281422758134,-0.000291975123675,-0.000296150258685,0.000441676009675,-0.000439630982454,-0.000376397769075,0.000337412298107,0.000882582463348,-0.000299612556202,0.000844853047697,3.94895011614e-05,0.000273938036708,-0.000250490036088,0.000234787780753,-0.000297229749986,-0.000242481020759,-0.000562467984905,0.000265117975724,-0.000243685615597,-0.00110252853503,0.000266768324763,0.000314678341145,-0.000571475315807,0.000657202458764,-0.000260025144533,0.000567262033818,-0.00043578712071,0.000390797407582,0.000484504823928,0.000321590639479,0.000414606151118,0.000351693481907,0.000486577543173,0.00049263085531,0.000638787038404,-0.000592114984997,0.000161478403162,-0.000388794347908,0.000724643330333
-0.000252045267898,0.000883439230992,-0.000141280127749,-0.000335171681199,-0.000457609968745,0.000283485810307,-0.00030744577484,-0.00142389093543,-0.000301686608863,-0.000499346407015,0.000503436423263,-0.000311306972169,-0.000334567255195,-0.000309165215753,0.000427422550443,-0.000494147908882,-0.000450072279359,0.000370579717863,0.00103791920879,-0.000258189405771,0.000950378088888,0.000161152539201,0.000260537495998,-0.000238857799376,0.000434958994606,-0.000388907804752,-0.000275042533573,-0.000471226662297,0.000267966974666,-0.000264585181316,-0.000978333893762,0.00030738418098,0.000379060783321,-0.000675066148214,0.000661918005086,-0.000333296367414,0.000483473540043,-0.000476056033338,0.000370186260741,0.000404223338716,0.000261287691982,0.000379365506926,0.000406815299679,0.000383053617471,0.000544619879511,0.000571413934283,-0.000454854271394,0.000115330513128,-0.000427302820511,0.000645463387663
-0.000220509844483,0.00105360494643,-0.000167096789671,-0.000284720515183,-0.000449039122833,0.000352115869479,-0.00056565642644,-0.0015599694579,-0.000398799264674,-0.000566169096667,0.000462615992488,-0.000283551365724,-0.000333059911766,-0.000281939769878,0.000426298257509,-0.000462826981853,-0.000290082058773,0.000294398858089,0.000675962400113,-0.000206223082152,0.000789240366357,-0.000132044787415,0.000246631166335,-0.000290246641181,0.00050018987613,-0.000548234164673,-0.000392385564537,-0.000498993927357,0.000242183209945,-0.000261788854039,-0.00121828304444,0.000383645743634,0.000372610944116,-0.000759509382548,0.000688400693538,-0.000304183971594,0.000440237494559,-0.000496413113406,0.000453825790052,0.000435406333913,0.000288644346758,0.000367606461628,0.000240818273296,0.000449412143911,0.000359565629507,0.000479854665381,-0.000504350620225,8.39469263472e-05,-0.000452550503203,0.000669387293649
-0.00023810006856,0.000870910717525,-6.51921964422e-05,-0.000329276736083,-0.000369586303782,0.000232636106862,-0.000447149248258,-0.00151914623169,-0.000362175318534,-0.000662296919421,0.000571316999517,-0.000244613550192,-0.000399819014707,-0.000400039074835,0.000343899154501,-0.000378524447234,-0.00039087979718,0.000284372887688,-1.59108744119e-06,-0.000216507899935,0.00078480979562,0.000259028822648,0.000295344714541,-0.000290465923292,0.000457622295352,-0.000427103731116,-0.000461759016145,-0.000462152789737,0.00025398576411,-0.000278010078528,-0.00156972837405,0.000362660314994,0.000278265989202,-0.000639789538959,0.000537574773657,-0.000324529278912,0.000489686369577,-0.000462999652402,0.000381366321615,0.000376479536245,0.000265235632304,0.000607237475603,0.000307230918743,0.000467989690187,0.000408297251859,0.000573133310018,-0.000438255562333,8.17809191777e-05,-0.000455402998107,0.000723297116486
0.000654848618982,-0.000365069410414,0.000285391217044,-0.000477684063091,0.000100560584478,-0.000214546321728,-0.000531229145187,0.000898141740249,-0.000859876053891,-0.00200989056003,0.000141402601048,-0.000195608750882,-0.000527731397753,-0.00130439308029,0.000590371585614,-0.00151824429339,-0.000307097665618,0.000362562429315,2.72678610856e-05,-0.000420406392064,-0.00117665085465,0.000744479327661,-0.00361435713699,-0.000370790790486,0.00159552974284,-0.00290166504861,0.00272619341774,-0.000537135629318,-0.000369522561526,0.000117310510421,-0.00060699019012,0.000631895102197,0.000270409702836,0.00218902201746,-0.00488966620484,0.000212153453052,0.0010798472869,-0.000413103330436,0.000355460840615,0.00039956447221,0.000919209926284,0.000159837320822,0.000290572179245,-5.34643631836e-05,0.000691057699431,-0.00172140192443,0.00188213687862,0.000229911969459,0.000478530314057,-0.00100210487823
-0.000225785693015,0.00083354015718,3.99878378587e-06,-0.000352452585303,-0.000378244324137,0.000343808208956,-0.000548074303533,-0.0016883727168,-0.000316083223799,-0.000814022133355,0.000573406292418,-0.000288037171084,-0.000411886739728,-0.00026225651026,0.000306879620606,-0.000517798579306,-0.000350038727634,0.000349135363201,-0.000442607207931,-0.000260435347338,0.0009566856113,0.000109485865046,7.9912316737e-05,-0.000381132995455,0.000564330865313,-0.00054127848538,-0.000318467316902,-0.000613020354051,0.000267166806899,-0.000258270377028,-0.00156785750657,0.000397885358809,0.000315243731019,-0.000442565931908,0.000670078171429,-0.00039284683395,0.00060284455447,-0.000643104228115,0.000524776921906,0.000469957680401,0.000212914279754,0.000420371942747,0.000398419253956,0.000641206563456,0.000495955162791,0.000488371204623,-0.000647435575154,0.000157059818464,-0.000383879157334,0.000589320564247
0.00126301868628,-0.0038386719033,0.0102948122125,-0.00080221243358,-0.00285196363643,-0.000427159431256,0.00592919498128,-0.0045843073883,-0.00102449349723,0.00320218039278,-0.0093278250591,0.000708860425585,-0.00113429101337,0.0002827100217,0.000724529444979,0.0104308030836,0.00447160379778,0.000236202439129,0.00142901972548,0.0236227206104,-0.00488933163347,0.00520187044873,-0.000914546303057,-0.000691374150102,0.00372030383396,0.00244587610541,0.000191890984525,0.00269150998134,0.000106128640071,-0.000387201911713,0.00455831154091,-0.000298028112148,-0.00102380911294,0.00509335278861,0.000351171599128,0.00104362766806,-0.00105157878403,0.00220988032097,-3.42508284024e-05,-0.00376010729277,0.00126749773864,-0.00452796364362,0.00291826096357,0.000351296654022,0.00122445810117,-0.00292800000471,0.00674786036167,-0.00171573178182,-0.00259326060922,-0.00767492268834
-0.000350015751598,-0.000334887770556,-0.00078387944816,-0.000323976268223,-0.000485234573896,0.000301650454558,-0.000244167378692,-0.000652844912173,-0.000376415287496,-0.000475781883003,-0.000729368066378,-0.000309109698911,-0.000334337208571,-0.000289039814789,0.000662042474761,-0.000580103837608,-0.000275437325469,0.000375004756346,0.00102853763051,-0.000371584312656,0.000405464992137,0.000145123533793,0.000318915038498,-0.0001987050431,0.000524776776517,0.000110352996198,0.000100807085623,0.00044604842933,0.000269654000951,-0.000295888338378,-0.000910230196878,0.000445771948265,0.000324868096675,-0.00031390265168,0.00051767167717,-0.000127718599153,0.000164957789253,-0.000413707934995,0.00031500897486,0.000286526880098,0.000268048022162,0.000629464789406,0.000339702258607,-0.000160373039269,0.000137679029285,0.000225928852546,8.76059282398e-05,0.000208765603259,-0.00034253393364,-2.25925824757e-06
-0.000198680057354,0.00104066716053,-0.000121609545097,-0.000335023052954,-0.000492025650587,0.000285663213169,-0.000619085078695,-0.00148939176438,-0.00034779360397,-0.000700109373067,0.000522963025579,-0.000241777747487,-0.000409340575622,-0.000230294187,0.000442283384618,-0.000529972544081,-0.000334726286877,0.000257032224162,0.000955930354138,-0.000167147331961,0.000946637213048,0.000207869948852,0.000164348850127,-0.000297161198377,0.000556611147893,-0.000562028565144,-0.000351120670514,-0.00051473819795,0.000271648126457,-0.000244925443446,-0.00104063865972,0.000176295806354,0.00027186017504,-0.000617998967527,0.00053916404135,-0.000277177819056,0.000538247996909,-0.000393476342861,0.000420048023745,0.000429278334265,0.000304090027528,0.000453745069052,0.00025118087741,0.000468116947787,0.000382000069479,0.000420925759336,-0.00029997706792,0.000106852020063,-0.000387776186355,0.000619007797567
-0.000201248423824,0.000774359394079,-4.29388340367e-05,-0.000323382566726,-0.000540454694922,0.000323411668935,-0.000497624767154,-0.00150575996649,-0.000324924900776,-0.000651375928123,0.000507367681795,-0.000289384908444,-0.000317933280341,-0.00032886222811,0.000473206687145,-0.000510933069864,-0.000444911181474,0.000291060964613,0.00093392142575,-0.000246054343475,0.000766789575755,-6.07154373539e-05,0.000226762938153,-0.000281251525779,0.000445530164228,-0.000660502807781,-0.000274030446667,-0.000570281898042,0.000272454724736,-0.000245241742052,-0.00105512083798,0.00036328512562,0.000345105875929,-0.000692331092017,0.00061418533102,-0.000320306212937,0.000526865168501,-0.000511455616316,0.000354783002733,0.000550603548609,0.000320259710639,0.000535682574821,0.000304618835731,0.000429355902758,0.000413818675543,0.000362609351619,-0.000609845493567,4.4185465606e-05,-0.00042284496176,0.000638773185354
-0.000180724155501,0.00108464333784,-2.68065176027e-05,-0.000398674949331,-0.00021252339432,0.000293769413444,-0.000801576470405,-0.00201411065936,-0.00023027691995,-0.00103379149606,0.000542112155891,-0.000348874270177,-0.000397951721678,-0.000337997405196,0.000455527860132,-0.000463079445386,-0.000434311102013,0.000319065147094,0.000203918080114,-0.000246014150293,0.00101500717367,4.74771774865e-05,0.000211592735977,-0.000255636326144,0.000325265100325,-0.000759478879432,-0.000362753562763,-0.0007133247038,0.000267401459271,-0.000289619965972,-0.00082225239642,0.000506535968188,0.000185930565814,-0.00072749214282,0.000669530269976,-0.000413527027262,0.000703495858705,-0.000542916738821,0.000616545541977,0.000460086945793,0.000284835524607,0.000323210358237,0.000402512710394,0.000634076585541,0.000526160847626,0.000562412165133,-0.000771955792203,0.000201170893848,-0.000414343525355,0.000624371412615
-0.0006753993694,-0.00166531458868,-0.000203515876885,-0.000377351513157,-0.000531427568639,-0.000344816339962,0.000244729814502,0.00571670567714,-0.0002572368135,0.000316006198685,0.000564070998528,-0.000387015005318,-0.000381358692888,-0.000323653924456,0.00038964896849,-0.000369494190515,-0.000290874634823,0.000316477395733,-4.96044022673e-05,-0.000313390813586,-4.71967752466e-05,0.000655797501631,0.000319757923245,-0.000392483322682,0.000591847503122,0.00155861536076,-0.000843487857029,-2.69908617299e-05,0.00016254464995,-0.000546446438737,-0.00146325770719,-0.0012794012971,0.000253768642676,4.8868469751e-05,0.00109437428376,-0.000105503064021,0.000272915852361,-0.000724941409855,0.000469532586073,0.00036630950823,0.00055678487766,0.00132190981185,0.000683375439402,0.000182444274481,1.57952732609e-05,0.000188161662603,0.00254571135579,0.000416184510844,-7.71929249273e-05,-0.000429669196485
-0.000242289420675,0.00125479000626,-0.000116652170341,-0.000371681137305,-0.000531355985811,0.000369588722409,-0.000837484961397,-0.00198624432854,-0.000321826253138,-0.000969872147539,0.000517439035727,-0.000279402463224,-0.000401410935687,-0.000242749210277,0.000428708822695,-0.000570360306166,-0.000470444948469,0.000333714171365,0.000367279500279,-0.000320592173337,0.000937050055041,-0.000213286403897,0.000214037241775,-0.000360914532807,0.00048343842135,-0.000663952695629,-0.000257660459878,-0.000735776204241,0.000255399579231,-0.000310870081662,-0.000726879748838,0.0003845185465,0.00031322047238,-0.000932806737901,0.000827028349389,-0.000362051795323,0.00069297621975,-0.000474171073728,0.00048964477758,0.000726342095211,0.000349447742768,0.000392320805832,0.000301367685652,0.000583792862635,0.000492881008537,0.000617298467152,-0.000555264303908,0.000242024367441,-0.000479252783621,0.000697497311571
-0.000214186337517,0.0008208973112,2.192450116e-07,-0.000406100151704,-0.000326198755507,0.000382990170372,-0.000609357773048,-0.00183902401648,-0.000302129119151,-0.000769108253618,0.000661825482903,-0.000261690683215,-0.000376599025186,-0.000375949082825,0.000295412775517,-0.000356102570001,-0.000480352900306,0.000306016275235,0.000224632188386,-0.000241952356862,0.000881036834566,9.15619221429e-05,0.000196103243481,-0.000328490732663,0.000519359526429,-0.000427623350234,-0.000402191733532,-0.000626651790669,0.000252780491821,-0.000258773915204,-0.00141067503691,0.000380886881458,0.000296567316191,-0.000507338968146,0.000553857389323,-0.000400568629486,0.000616252682748,-0.000529682993596,0.000420938061651,0.000386608657866,0.000301480382193,0.000671226764162,0.000380078156031,0.000471904083546,0.000656383009594,0.000462064422021,-0.000540439469139,0.000155981160063,-0.000472647230044,0.000574140447167
-0.000252737653458,0.00105381632829,-2.75957411196e-05,-0.000363038602439,-0.000318215793553,0.00025238835068,-0.000548405094557,-0.00145292118808,-0.000313564791294,-0.000693043753344,0.000508411671673,-0.000274256814232,-0.000318543086795,-0.000347782331681,0.000455182782984,-0.000396560797804,-0.000419181662103,0.000297391216383,0.00106375015921,-0.000337637308566,0.000836495600453,0.000170006297254,0.000200518323882,-0.000185108272324,0.000336252822088,-0.000536738684467,-0.000395111367623,-0.000607752541764,0.00025102912884,-0.000255205968385,-0.00110077984259,0.000304768714827,0.000286121667166,-0.000501802709852,0.000531261757112,-0.000278714829259,0.000386631973615,-0.000534455119379,0.000388992297965,0.000416802161153,0.000268278331972,0.000443674698663,0.000378693227729,0.000505693022605,0.00044357903564,0.000529546106672,-0.000380448813003,0.000160223084214,-0.000473952846362,0.000604950382571
-0.000234412213346,0.000873460485915,-2.34046872137e-05,-0.000306267071593,-0.000478103383557,0.000220835700306,-0.000516180877109,-0.00169341455966,-0.000330462295973,-0.000693841254746,0.000594561626662,-0.000325524607696,-0.000399974354187,-0.000257071441932,0.000407588751372,-0.000219242384066,-0.000436439776914,0.000310089292905,0.000668927740517,-0.000243161949455,0.000813356634339,2.60505706545e-05,0.000115113242107,-0.00028559496691,0.000437254344832,-0.000506506136109,-0.000332219698026,-0.00063085499391,0.000260813703415,-0.00027954458622,-0.00116231368479,0.000291738751917,0.000321259234379,-0.000655907519451,0.000703694979518,-0.000278309590581,0.000614500114242,-0.000516585362604,0.000482439924162,0.000477639662316,0.00025596732084,0.000564381412672,0.000340556511958,0.000566465572127,0.000401008187781,0.000509093411334,-0.000532110845453,9.53496167959e-05,-0.000444249687986,0.000588534297545
-0.000230939765961,0.000984670404478,-5.18457440875e-06,-0.000291477682843,-0.000538366474807,0.000236166873164,-0.000612737115862,-0.00161929695974,-0.000353824275828,-0.000760102481342,0.000591704163707,-0.000313703544695,-0.000365659260126,-0.000256127100544,0.0004181284109,-0.000323365692946,-0.000418394413184,0.000329663901233,0.000642282149259,-0.000234750100731,0.000954627844486,1.94917945804e-05,0.000144862225408,-0.000265363784515,0.000462311140727,-0.000515167779017,-0.000303529543602,-0.000634158951006,0.000264541344541,-0.000286876797296,-0.00108258127931,0.000299892927987,0.000344945151375,-0.000678632182589,0.000658336842731,-0.000277203670201,0.000645046991889,-0.000511378532496,0.000490175951706,0.000447257950334,0.00027942996225,0.000556040227424,0.000337836286938,0.000567044467218,0.000356873724145,0.000555648035888,-0.000621420340862,0.000126034317198,-0.000426370940434,0.00060014952249
-0.000213664152556,-0.00283206724519,-0.000257283149589,0.000579935810313,-0.00090429704434,1.29068092421e-05,0.000119656784659,-0.00116349183527,-0.000268838694788,0.000625309602057,0.000120201095001,-0.000929204372332,-0.000832747088485,0.00396653383986,0.000755543406342,-0.000941618485107,-0.000496211555103,0.000620317884781,-0.00152763126993,-0.00031622231656,0.000907735741972,0.00122968924917,0.000698159908554,-0.000125086191213,-0.00284360359227,-0.0018700653861,-0.000453145291645,-3.94307514996e-05,0.000303257848499,-7.37802493815e-05,-0.00122814776683,0.000562363893733,0.000417686967814,-0.00135023201848,-0.000440930494928,0.000800458049066,0.000676700186786,-0.000468676731921,-0.00409792089412,-0.000646680266834,0.000641141252658,0.000704073259145,0.000110141872017,0.000738074917267,0.000338583795234,0.00136075938507,-0.000173497837092,0.000143884000376,-0.000605577035484,0.000771573550993
-0.000252772404077,0.00103487184274,-1.3684702345e-05,-0.000402643511264,-0.000547675597104,0.000267039522185,-0.00060358759849,-0.00146444896301,-0.000271013840177,-0.000704733978102,0.000557839303961,-0.000235628644047,-0.00033442454208,-0.000347079889565,0.000474657117599,-0.00032196719759,-0.000413942669881,0.000232339175737,0.000783681933733,-0.000311831932224,0.000955458191114,2.78878427653e-05,0.000256810940682,-0.000250151682852,0.000363422179572,-0.000582269667222,-8.01816038939e-05,-0.000491455746275,0.000271574954064,-0.000251074288202,-0.00108957062641,0.000369651513226,0.00029777218635,-0.000734428404992,0.000683543105014,-0.00026222685725,0.00057802257445,-0.000478481778801,0.000437322128116,0.000506198085577,0.000296549182521,0.000527807064395,0.000388729132283,0.000541203342249,0.000433843865956,0.000569257896338,-0.000433504080232,0.000125477912952,-0.000356416112384,0.000681457260665
-0.000232365219925,0.00096524464256,1.56837610946e-06,-0.000274670323675,-0.000529412988287,0.000276356235288,-0.000724746744555,-0.00175262145641,-0.000356454041206,-0.000794632486842,0.00058672198085,-0.000324078222917,-0.000325916126063,-0.000272285296328,0.000448724663647,-0.000344479466026,-0.000394573670346,0.000304165053716,-0.000109487016432,-0.00025583840987,0.000833493477209,-0.000132181737333,0.000210865149791,-0.000254775090716,0.000434836686301,-0.000481609644191,-0.000327692918671,-0.000561782057732,0.000281055012275,-0.000302267777754,-0.00154216614472,0.000325585492331,0.000368070008412,-0.000659397407326,0.000795301280885,-0.000344481820845,0.00056886877207,-0.000442653291339,0.000445124903544,0.00051842983669,0.000286488855291,0.000367169021342,0.000348696675583,0.000478138432827,0.000557711651584,0.000436887412409,-0.000416298834613,0.000166980277029,-0.000398481762385,0.000640018351059
-0.000184073394764,0.000894999688935,-0.00016240209069,-0.000291502319254,-0.000300717516443,0.00036201373451,-0.000289863420068,-0.00166623223052,-0.000233445237104,-0.000635292149044,0.000352495942222,-0.000230023317171,-0.000264440837987,-0.000416460984457,0.000310012018602,-0.000480079003987,-0.000462913051732,0.000294263066965,0.000670264739098,-0.000318090620441,0.000769092140561,-1.1088583388e-06,0.000127403351536,-0.000261195546163,-0.00011524295459,-0.0007643219463,-0.00025078769652,-0.000626139346768,0.000272323478763,-2.76386658499e-05,-0.000276479568862,0.000204927263453,0.0002367639835,-0.000651736529202,0.000356711708779,-0.000248057679683,0.000395464589187,-0.00035333466226,0.000410018492989,0.000526019702164,0.000180761730286,0.000368226135244,0.000312805913943,0.000371429162764,0.000296520135644,0.000424445759403,-0.000525486656349,0.000124908113228,-0.000354827915806,0.000598474599141
-0.000148139717405,0.000826197291495,-0.000152832089815,-0.000377850334115,-0.000414298361439,0.000451444962882,-0.000278379342585,-0.00155486575252,-0.000345744991498,-0.000714250747024,0.00051491364964,-0.000353716796156,-0.000380857309283,-0.000134586980277,0.000157688936124,-0.000375320649194,-0.000226182080819,0.000284191322424,0.000504882316179,-0.000104516715177,0.000882621794789,-0.000141763295569,0.000280132832147,-0.000249240954669,0.000621457879995,-0.000553185141797,-0.00031360986156,-0.000583859101427,0.00027159528707,-0.00023528614999,-0.00142367064722,0.000407719257793,0.000410011092042,-0.000548040566489,0.00050208023218,-0.000383041171192,0.000499385073966,-0.000509053071555,0.000573791157266,0.000406312296684,0.000257892853957,0.000591393090314,0.000359663999062,0.000564092545587,0.000490627130673,0.00060425481612,-0.000556346981109,0.000159318090539,-0.000436823081461,0.000628911085963
-0.000225851179698,0.000921061392678,-0.000120248659481,-0.000304964338159,-0.000565213274533,0.000376357608128,-0.000301665695636,-0.00141891314252,-0.000387669517107,-0.000780693019265,0.000513515593386,-0.000236153926187,-0.000399704529754,-0.000368039288123,0.000220921345479,-0.000373073372242,-0.000256846480524,0.000329151108781,0.0010552353861,-0.000290143663553,0.000499670546328,-0.000119897904891,0.000362363676615,-0.000288131717907,0.000418525441903,-0.000444675516112,-0.000286229789252,-0.000475252123096,0.000267949517573,-0.000224237239591,-0.00103089385801,0.000342262648201,0.000277224249299,-0.000616338665642,0.00043074252311,-0.000275919879873,0.000598047297493,-0.000556171357949,0.000493158326604,0.000693423986439,0.000268861869646,0.000532217275254,0.000328402832667,0.000431569078688,0.000464318761364,0.000617089151084,-0.000675714274153,0.000120268650169,-0.000479176750712,0.000690371764519
-0.000249506858487,0.000652850963597,-4.09485858926e-05,-0.000325304761221,-0.000459848845185,0.000366593651746,-0.000563449293787,-0.00134053336609,-0.000302455562204,-0.00065286802741,0.000581752779134,-0.000275176758841,-0.000388594998883,-0.000233571404,0.000479191356778,-0.000463548343736,-0.000277137404926,0.000365419129624,0.00100611685488,-0.000208552869154,0.000735982737997,0.000175539929059,0.000276058721867,-0.000251496490766,0.00036753286896,-0.000431711207007,-0.00031590895708,-0.000520859287675,0.000273343970584,-0.000247598641574,-0.00130992276278,0.000292089581715,0.000319881799999,-0.000622596442537,0.000555758291424,-0.000290987141268,0.000514829125618,-0.000436868711663,0.000345169698282,0.000455488185759,0.000198839979801,0.00046061266972,0.000316906272747,0.000430118751056,0.000348092393994,0.000389854668453,-0.000361467916697,0.000135229380848,-0.00040922190079,0.000556887185205
-0.00021382862592,0.00123402909914,-0.00016367422892,-0.000379305515881,-0.000366288562,0.000296035385167,-0.000708981933621,-0.00185078713842,-0.000184704655696,-0.000713298364783,0.000445786205323,-0.000273589687403,-0.000334114234448,-0.000450597104724,0.000535980201487,-0.000487257668187,-0.000564729302114,0.000352039531905,0.000611355592436,-0.000268199445405,0.00108337985533,-0.000351976761904,0.000224233491997,-0.00031007485871,0.000247687362707,-0.000732891801377,-0.000302041462568,-0.000633647841024,0.000276302671913,-0.000279621054936,-0.000388857302867,0.000442326737027,0.000240336396966,-0.000955219969018,0.000644602572587,-0.000284234214556,0.000538479293698,-0.000606574372455,0.000438411562077,0.000645807541986,0.000314298658144,0.000434061572824,0.000274009287476,0.000377283031394,0.000483666212254,0.000601341041384,-0.000594530151985,0.000129519626037,-0.000474111657374,0.000776188906669
-0.000211614274499,0.000911886137493,-8.52669521456e-05,-0.000366654364329,-0.000509888443544,0.000383165510689,-0.000687956553837,-0.00171518331722,-0.000354814669654,-0.000896504495293,0.000575901539945,-0.000280231877082,-0.000355106247114,-0.000347243080651,0.000462291584674,-0.000444700693642,-0.000487273727448,0.000331726647459,0.000642116090965,-0.000249937949371,0.000973182644317,5.54366316325e-05,0.00016608253817,-0.000296146455408,0.000529322711797,-0.000633350361853,-0.00027186539713,-0.000644810849667,0.000262766209153,-0.00027825871914,-0.000881762356728,0.000315483758644,0.000273665741945,-0.000814230192615,0.000546484066122,-0.000369189795139,0.000553304437403,-0.000507051011928,0.000481511192942,0.000447331934479,0.000370483288529,0.000532214228088,0.000393710849071,0.000559826641891,0.000439422872393,0.000608642575654,-0.000678080812428,0.000185667349677,-0.00040757517442,0.000639413783686
-0.000235780007717,0.00083876426216,-0.00017938712324,-0.000303981721129,-0.000411740972673,0.000314643495214,-0.000508728222139,-0.00159193156692,-0.000329355259986,-0.000652957868075,0.000321322491285,-0.000215246328087,-0.000382055500757,-0.000373291112339,0.000356721735175,-0.000479698867553,-0.00040547515316,0.000303785424713,0.000373771846998,-0.000244606227502,0.000838295067566,0.00012018710238,0.000189194860682,-0.00033499874037,0.000541196746905,-0.000489493925825,-0.000363213808232,-0.00053103777786,0.000276910837283,-0.000255639366974,-0.00144307213663,0.000281045088142,0.000334748901776,-0.000668141530181,0.000518280574693,-0.000354234105338,0.00038300031209,-0.000389805291075,0.000383571508415,0.000412776679786,0.000281274746435,0.000550025425814,0.000336528461293,0.000562050406139,0.000344954885438,0.000524000970689,-0.000521006367616,0.00010775929043,-0.000397520789375,0.000480260157211
-0.000549956132301,0.0011638171223,-0.000699625090786,-0.000471334582921,-0.00119129035174,0.000693673313306,0.000244327311966,0.0123938599852,0.00228600023565,0.00194985097996,0.000606241254228,-0.000166530783954,0.000266878872379,-4.93375879777e-05,0.000131690804671,0.000211482104563,-0.00100417258989,0.000465842612979,0.000555034892032,0.000270786517087,0.00251392726985,0.000666236750926,0.000507244211846,-0.0002546589507,-0.000240471888928,0.00061060824359,-0.00119415536514,0.000211355362579,0.000356665568694,-0.000551893186097,0.000786697364001,0.000302072732808,0.000796430806224,-0.00189172700745,0.00251438965607,8.53067395521e-05,0.000872865616327,-0.000722367570472,0.000225409606551,0.00117081857716,0.00013152082061,0.002925340449,0.000549072222618,-0.000225668468361,0.000141855974361,0.00159222709033,-0.000496317726338,0.0003564106377,-0.000340308906091,0.00144493455847
-0.000269902932343,0.00106473586779,-6.99087208622e-05,-0.000332987584201,-0.000621911047061,0.000279028291519,-0.000777609724122,-0.00172509555241,-0.000249366928152,-0.000794771006539,0.000517381474447,-0.000285261370145,-0.00032639610188,-0.000375479418184,0.000327820630063,-0.000398108253561,-0.000351734436148,0.00035545807225,-9.21445472389e-05,-0.000331346387253,0.000967936620748,-0.000122797476063,0.000175452109383,-0.000289957358965,0.000442410177282,-0.000540170960633,-0.000326508404466,-0.000678430035129,0.000250636854787,-0.000262597879247,-0.00138939049728,0.000202607098739,0.000310622869837,-0.000684025243094,0.00073064974714,-0.000331160366713,0.000425682464313,-0.000381464042916,0.000522517374389,0.000549878334781,0.000343595986978,0.000332848008683,0.000391189009443,0.000564452862224,0.000512406393029,0.000601026122853,-0.000534523956244,0.00010385669469,-0.000452546063864,0.000803611811253
-0.000203943234131,0.000781906760039,-0.000120169410744,-0.000349852937222,-0.000608624315731,0.000149577327503,-0.000580640025871,-0.00149774053541,-0.000264629782378,-0.000686446333161,0.000401463096806,-0.000284046272754,-0.0003988680745,-0.000282312158394,0.000441104001577,-0.000181180017308,-0.000407977718302,0.000326027729372,0.000948834694209,-0.000253377988552,0.000929211032473,-4.23429911608e-05,0.000219541009864,-0.000271444880593,0.000299863526992,-0.000616933393248,-0.000247398258605,-0.000419422299716,0.000249886765121,-0.000243248580872,-0.0010988472998,0.000361539318065,0.000408532076253,-0.000603391320491,0.000615243370798,-0.000307745130853,0.000542030370062,-0.000575974580534,0.000447634910065,0.000617703827955,0.000299032002507,0.000435332582916,0.000420257005408,0.000513785281817,0.000550772595362,0.000453284121177,-0.000523406019867,6.7636179354e-05,-0.000389678769071,0.000568328038744
-0.000224312517314,0.00136774556926,-0.000180875515568,-0.000397020801905,-0.000544832200637,0.000469813688956,-0.000661285894625,-0.00159991257782,-0.000272903937761,-0.000689375234178,0.000466635086076,-0.000235721867526,-0.0003638633969,-0.000298407434582,0.000554541569297,-0.000456206119232,-0.000430117464277,0.0003087485685,0.000738148391448,-0.000141054321938,0.0012899941127,-0.000275112068866,0.000212072130283,-0.000315259011084,0.000264949645355,-0.000863651844184,-0.00025806512767,-0.000463197484026,0.000282658904438,-0.000315055020783,0.000301191583012,0.000187258282331,0.000342841693301,-0.0011798530875,0.000919743235568,-0.000279736593335,0.000565920394435,-0.000663115535515,0.000494292758551,0.000747714770172,0.000313121639913,0.000654808038972,0.000385185801323,0.000510586517045,0.000401142066813,0.000777988685844,-0.000865429037066,0.000260781325129,-0.000423823742664,0.00093404375942
-0.000251808185657,0.00152933165417,-0.000228026011122,-0.000389100808282,-0.000523909998631,0.000517111980351,-0.00074123531344,-0.00162332840622,-0.000201455668094,-0.000720834456571,0.000491410033475,-0.000241823706578,-0.000327215296405,-0.000339236066893,0.000567597381333,-0.000488092647831,-0.000722841172951,0.000347206505844,0.000720131747187,-0.000155719728223,0.00136602638298,-0.000307750628746,0.000300561891976,-0.000316938618427,0.000220525687595,-0.000946230701028,-0.000276765577602,-0.000534483411508,0.000282264090621,-0.000347565412142,0.000745109951685,0.0003338439114,0.000356232471366,-0.00126773577743,0.00104734499418,-0.000262060416829,0.000564333119881,-0.000720550450447,0.000506966671223,0.000834861068549,0.000343997638556,0.000680920409215,0.000418857358572,0.000516075475229,0.000309307742792,0.000773811767199,-0.000951888898327,0.000250336705536,-0.000427876369655,0.000969236508989
-0.000230132947274,0.000931554636568,-0.000130696528806,-0.00037745552707,-0.000525478499027,0.000339454791038,-0.000601245085093,-0.00137643713093,-0.000338871122699,-0.000651704628926,0.000509412836195,-0.000232587839341,-0.000317445742389,-0.000314608278829,0.000378679590509,-0.000334130732843,-0.000331373369204,0.000305904126604,0.000953802837215,-0.00022491707498,0.00078309089834,9.32265422277e-05,0.000230372360669,-0.000277859081511,0.000528902873514,-0.000675039739314,-0.000234464627622,-0.000553002239661,0.000254358607727,-0.00024658207325,-0.00103955075677,0.000327712705867,0.000324997341965,-0.000724982966404,0.000630281133883,-0.000255505449793,0.000535765830619,-0.000510603986701,0.000428593860261,0.000535150084716,0.000298435287188,0.000469901974364,0.00037980293043,0.00040943168712,0.000312188735969,0.000431734019941,-0.000585037084247,0.000159638699251,-0.000297246233211,0.00062020143136
-0.000266915326899,0.000694527433577,-7.80763272362e-06,-0.00033657886829,-0.000380766985694,0.000363949410941,-0.000578983652984,-0.00184911565245,-0.000439951345962,-0.000664652444862,0.000612913681434,-0.000238957220058,-0.000318241922519,-0.000383908480434,0.000453375261125,-0.000486405913701,-0.000383116357035,0.000322754696634,-0.000644501013073,-0.000237780839915,0.000687523382527,7.8804396022e-05,0.000154005546574,-0.000331468559586,0.00044044284947,-0.000349478673972,-0.000405281198134,-0.000711347084575,0.000270286389141,-0.000346113496704,-0.00137149634088,0.000335805828725,0.000195956638114,-0.000577959094264,0.000573282150977,-0.000356199519321,0.000427575444497,-0.000489803685459,0.000412260295466,0.000378203783032,0.000284592312929,0.00019237047827,0.000378396057141,0.000558881615732,0.000461858647562,0.000449002101095,-0.000419044616218,0.000153061479049,-0.000431294712688,0.000535371010967
-0.000252124270582,0.000888230524875,-7.1023270699e-05,-0.000302760957289,-0.000440444214991,0.000391290142293,-0.00053632774551,-0.00157739299941,-0.000354624909004,-0.000792189755907,0.000604842489049,-0.00025787697164,-0.000348207131882,-0.000344936342685,0.000410370907634,-0.00054015851632,-0.000294703960654,0.000348269324092,0.000746628770935,-0.000311009569385,0.000937964337619,-3.35032983787e-06,0.000121896263434,-0.00027243489783,0.000382795730856,-0.000532518752671,-0.000382295935629,-0.000551280991978,0.000263837758445,-0.000268496333049,-0.00117349927311,0.000415479702369,0.000323480326577,-0.000731531405524,0.0007295152929,-0.000281292480506,0.000451309866898,-0.000561921186431,0.000465142241074,0.000565395886324,0.000310525316212,0.000432694628604,0.000377976058855,0.000452815457694,0.000439411670221,0.000560132418356,-0.000543484857488,0.000128925705515,-0.000405781930446,0.000529590792205
-0.000258789365521,0.00109156745895,-4.47305472629e-05,-0.000342345615949,-0.00042780280141,0.000315250937954,-0.000686885809979,-0.00229929700421,-0.000457115480002,-0.000987700459102,0.00065690718767,-0.000310314985476,-0.000536458008664,-0.000409458862563,0.000551397945449,-0.000338996982214,-0.000461024907511,0.000356041595247,0.000950267940374,-0.000404754520339,0.000961831328055,6.56424420595e-06,0.000346681855701,-0.00034723164168,0.000766444682028,-0.000546912188473,-0.000358802936147,-0.000740785821233,0.000271638853545,-0.000492397712085,-0.00207079323099,0.00043840621193,0.000299686209027,-0.000799587568248,0.000607871930468,-0.000395370491921,0.000555563679062,-0.000619906194092,0.000518302412009,0.000533481642205,0.00038464324366,0.00048234303537,0.000410877440782,0.000578079662812,0.000539134357908,0.000543896928751,-0.000530759773915,0.000159689670974,-0.000453211707343,0.000751066906175
-0.000234938697165,0.00100426046542,-8.64611298019e-05,-0.00034025148807,-0.000566139254905,0.00032612251431,-0.00074075944711,-0.00174771188111,-0.000305720522387,-0.000919789112175,0.00059580319022,-0.000279263027513,-0.000344078119534,-0.000328444974938,0.000315741477068,-0.00055509483962,-0.000514492115439,0.000342631031128,-0.000675520590217,-0.000337791382608,0.000840100731834,-0.000212856188665,4.7810393552e-05,-0.000361659083819,0.000515448232175,-0.000460877836111,-0.000339082352861,-0.00064506202969,0.000280265354591,-0.000276762549711,-0.0014355319948,0.000235357780122,0.000344654603106,-0.000630863968193,0.000651439318323,-0.000290546760508,0.000598197809801,-0.000475675954122,0.00048489997981,0.000645309243836,0.000233923201459,0.000304813277675,0.000284782274679,0.000452262305458,0.000471685865694,0.000684137106615,-0.000524091630727,0.000175425457195,-0.000460818018843,0.000645916761941
-0.000378445135723,8.49439796704e-06,9.24428273089e-05,-0.000384631965612,-0.000691696216101,5.13123135096e-06,-0.000723929919299,-0.00123307634525,-0.000341788156422,0.00127455351453,0.000818621240513,-0.000372419230358,-0.000485262764743,-0.000413507868426,0.00040222719233,0.00010605075971,-0.00018744900487,0.000336290279323,0.000581381741612,6.8166961965e-05,0.000252576655011,0.000396444526401,-0.000629358590951,-0.000179649095684,0.000580524901153,0.000708426420212,-0.000125943633059,-0.000280782603425,0.000321869171317,-0.000319505711309,-0.00140055592125,0.000780687763131,0.000369264328548,2.68163970517e-05,0.000664424415723,-0.000311882600432,-0.000354836990148,-0.000488263468437,0.000460023626068,0.000115119976261,9.38007724998e-05,-0.000223023253142,0.000419917642825,-0.000101889868848,0.000437500922706,0.000280698323624,-0.000628579692578,0.000222519185972,-0.000185133347535,0.000914588726828
-0.000156760726356,0.000995143122695,-2.62812094536e-05,-0.000336267860396,-0.000467152770855,0.000405116736535,-0.00054767628025,-0.00175185062195,-0.000230662779173,-0.000240206630198,0.00045197727385,-0.000265715007777,-0.000138519944666,-0.000312736004835,0.00019037629334,-0.000927234236369,-0.00042643051207,0.000281984515788,-0.000834373124289,-9.11501535686e-05,0.000963261637255,0.000440085787172,-0.000141260265599,-0.000343160728434,-0.0001274672699,-0.000715987688633,-0.000391371365479,-0.000513189073261,0.000279835397277,0.000160370752201,-0.000493482312543,0.000187242023353,0.000178474488486,-0.000553852305811,0.000492529329352,-0.000224183972354,0.000614821319217,-0.00028690118966,0.000494962319457,0.000478622455528,0.000161134155629,0.000755731361406,0.000245453281306,0.000437950341283,0.00026024497802,0.000750339615867,-0.000722423404429,0.000160206063724,-0.000583554043419,0.000268660888835
-0.000237695888121,0.000901618438548,-0.00010861286738,-0.000345533090387,-0.00025744482586,0.000354919449126,-0.000648617688681,-0.00168946655799,-0.000317779947477,-0.000869963750112,0.000483714360469,-0.000297291290474,-0.000335343737159,-0.000390198766105,0.000369776805411,-0.000482093924401,-0.000396085569597,0.000365610983025,-0.000166952473188,-0.000210431448813,0.00107672296987,0.000215642694299,0.000287822993978,-0.000348173136017,0.000548649107874,-0.000606629454361,-0.000417585873772,-0.000721965570965,0.000268727645814,-0.000300573366788,-0.00136427095527,0.000399219737249,0.000254501883472,-0.000726340489954,0.00050219848401,-0.000352495648958,0.000413785551356,-0.000665534087982,0.000582782700912,0.000397422283202,0.00027954499857,0.000425352727052,0.000369801690063,0.000615538063063,0.000568052182729,0.000503218344316,-0.000573091240516,0.000158936038723,-0.000432613030195,0.000652371747509
-0.00023164782614,0.00085470881529,-0.000109081932618,-0.000360119089395,-0.00038427250578,0.000272420369577,-0.000581410485526,-0.00156205640051,-0.000333268943543,-0.000619498220016,0.000541141565275,-0.000241485860721,-0.000389251683153,-0.000285792651939,0.000490058557681,-0.000423588730097,-0.000350991902111,0.000331024865055,0.000917167435037,-0.000320963888197,0.000883961090573,-5.95358914106e-05,0.000171974420857,-0.000296308049333,0.000375753213866,-0.000571141621836,-0.000266178743433,-0.000539312972194,0.000276559822129,-0.000248874225982,-0.00112799802953,0.000251416252373,0.000360153847221,-0.000522429200123,0.000588344455608,-0.000305252267676,0.00044327586678,-0.000517764208983,0.000444337087372,0.000519383015254,0.000315479538553,0.000564765438045,0.000245382144011,0.000366086216954,0.000390904307354,0.000498598180467,-0.000490650887819,8.59246865853e-05,-0.000382472439805,0.000628704271282
-0.000256267417867,0.000904453783289,7.26691728338e-06,-0.00033400423494,-0.000360916804784,0.000357515368552,-0.000652913496424,-0.00177930728989,-0.000352794052767,-0.0010844299516,0.000671301951541,-0.000277716817292,-0.000446962218365,-0.000402590446182,0.000368937114875,-0.000487634371761,-0.00039295958089,0.000334914569254,-9.6076706609e-05,-0.000267495199416,0.000994794008568,0.000235992107895,0.000279282774689,-0.000255029885726,0.000575003492834,-0.000572385287318,-0.000415242002395,-0.000637182687154,0.000266404562905,-0.000279441307734,-0.00105241880011,0.000352053869771,0.000334125720462,-0.000761964972278,0.000697678571303,-0.00038290038908,0.000437697141023,-0.000506667761195,0.000583429048885,0.000405483282159,0.000338108832402,0.000483580789252,0.000385009965969,0.000523548407766,0.000542185086189,0.000558904348175,-0.000653906685861,0.000167007176365,-0.000422781417163,0.000609025591243
-0.000135397419648,0.00189969977241,-0.000191761102852,-0.000373156780697,-0.000561872759088,0.000498008929149,-0.00111013968416,-0.00260424461684,-0.000271988075238,-0.000987125074686,0.000495280109452,-0.000245217844746,-0.000416793970959,-0.000337227611316,0.000526336000046,-0.000642856189678,-0.000761795267955,0.000362043830638,0.000704859697254,-0.000267485409609,0.00126059781429,-0.000444769430762,0.000241592174203,-0.000414264274113,7.98767625965e-05,-0.00119374336713,-0.000214325092201,-0.000911263890406,0.000304692703512,-0.000306971908507,0.0016228974295,0.000605229895378,0.000366686291279,-0.00164754585448,0.00104577727985,-0.000249322946952,0.000626020014164,-0.000711087727135,0.000620244002901,0.000835691602481,0.000358995529677,0.000678772583424,0.000504270862483,0.000738466325254,0.000329556972997,0.000776510419249,-0.000871224380529,0.000339685155449,-0.000460414593752,0.00118729600454
-0.000297045546779,0.000634944316831,-0.000120618237074,-0.000307668472498,-0.000508774439738,0.000310848071348,-0.000349065027453,-0.000971198488322,-0.000262188262081,-0.000474535659647,0.000353014262907,-0.000322263831155,-0.000258426790662,-0.000237275251074,0.000230721982752,-0.000290496160748,-0.000379462429285,0.00030643331024,0.00109748799302,-0.00028705335087,0.000737322250693,0.000131961930029,0.000285667691574,-0.000210850957073,6.90973638097e-05,-0.000303132309071,-0.000130254706448,-0.000530391554624,0.00027505923751,-0.000254793321706,-0.00120039557833,0.000163158385849,0.000319525561545,-0.000656762623205,0.000651624234106,-0.000315049991762,0.00043820155911,-0.000571241118347,0.000338348270955,0.000399069069345,0.000156712095057,0.000290025354751,0.000318671423796,0.000311118415295,0.000377304605751,0.000426009342087,2.4637166403e-05,0.000149999763615,-0.000399009634463,0.000363681320725
-0.000189275501099,0.000927189007846,-8.63419350751e-05,-0.000369322803969,-0.000523029602479,0.000201355323188,-0.000479418114555,-0.00120542157567,-0.00029414055759,-0.000643577923845,0.000545908254949,-0.000308697984367,-0.000362371493066,-0.000299761282467,0.000389475827406,-0.000480394898395,-0.000446652902232,0.000334976714088,0.00102229335129,-0.000240941313203,0.00085006942669,0.000138749385156,0.000327197391642,-0.000275085945696,0.000503423608809,-0.000627623401329,-0.000328501802999,-0.000670556817498,0.000266714381354,-0.00028704357462,-0.00090401303479,0.000301093664398,0.000345573253053,-0.000802551888968,0.000735008935809,-0.000373807273079,0.000466761616621,-0.000550050739142,0.000466533352934,0.00042309473798,0.000294827533657,0.000646682292025,0.000372048074254,0.000419831547473,0.000370770875781,0.000519212814064,-0.000519272101524,9.66572676797e-05,-0.000404167109886,0.000640307187514
-0.00203955128465,-0.0161912768294,0.000980200329718,0.000374665602342,-0.000779445000186,-0.0007982576003,0.00690652849246,0.0233546972803,0.0013700467859,0.00808118320039,-0.000236137413199,-0.000227389344719,-0.00119518385996,0.00796810795472,-0.000859998031256,0.00433407908433,0.00401511164499,-0.00378808132501,0.00166401812808,0.00117797523158,-0.00122689339966,0.00452270090066,0.000890735701177,-0.000587082224374,0.00324922387673,0.0114471639735,0.00105688071209,0.00796774052564,-0.00102409658841,-0.000428265876117,0.00340772921549,-0.00131615652373,-0.000281262664525,0.015317663891,-0.00486864105023,0.00187986280295,-0.00251734215897,-0.000332290667291,-0.00279432096355,-0.00440581206843,0.000523652614213,-0.00238240211195,-0.001290127063,-0.000376699101839,9.82305401102e-06,-0.00340055709555,0.00191710883738,-0.00120954585623,0.000956399981608,-0.00609746342155
-0.00118890560837,-0.0122112004307,0.00162333013857,-0.000349814958472,0.000231111442939,-0.00546720788905,0.00163059203299,0.0126287434842,-0.00040715325957,0.00233834465995,0.00342528552331,0.000154755065875,-0.00042992783073,-0.00157653215138,-0.00376666200616,0.00258656782884,0.00167201088881,1.33875796853e-05,0.00151951362881,-0.00051649306997,-0.0030840567468,0.00355889999111,-0.000389185362289,-0.00130952406456,0.000304392876064,0.00304928334312,0.000870003799748,0.00683202191717,0.000185890156522,-0.000700342900532,0.00247735455754,-0.000604725444275,0.000276321472157,0.0055321661851,-0.00145460748405,-0.000177074042338,-0.0059723439576,-0.00138109279895,-0.0202580342207,-0.00574526894767,-0.00404889754249,0.00195447263049,-1.94968408174e-05,-0.00262100393756,0.00149825153526,-0.00190859551465,0.00909496793736,-0.000194408816984,-0.000551482694789,-0.00105905558025
-0.000265673089951,0.00102673415325,-4.66822817155e-05,-0.000352242248873,-0.000383734330332,0.000273115855317,-0.000768507721315,-0.00163691048744,-0.000304150763813,-0.000750254320799,0.000593879064783,-0.000326696643759,-0.000377341494759,-0.000287603392321,0.000421609265371,-0.000511003371207,-0.000391531063033,0.000336816019389,0.000549619294018,-0.000286278955871,0.000837461271942,8.76807803938e-05,0.000253168926856,-0.000261691298937,0.000657739009074,-0.000540116373445,-0.00034891725716,-0.000661679376801,0.000266611019191,-0.000260044638389,-0.00114865461019,0.000373818500421,0.000322607788472,-0.000752328574572,0.00059185768851,-0.000363768077247,0.000595133214528,-0.000576479366514,0.000486667189892,0.000469600345809,0.000336511213356,0.000329534585285,0.000302712651318,0.00051308707541,0.000645637899316,0.000477016883431,-0.000622638947181,0.000174278032802,-0.000387633462328,0.000570371132136
-0.000211820411175,0.000982137016283,-0.000116316956395,-0.000316775675809,-0.000530488383432,0.000260787611243,-0.000615724086182,-0.00168642080295,-0.000323050632395,-0.000480538374703,0.0005409214034,-0.000295685603088,-0.000364845119817,-0.000363024761101,0.00042595008786,-0.000348814441262,-0.000373846225153,0.00030713246564,0.000549849883506,-0.0002382624089,0.000824624196836,7.6634520785e-05,0.000217837035055,-0.000296651045904,0.000420933477457,-0.000627747033389,-0.000388646764738,-0.000486253284982,0.000273731547065,-0.000291437755262,-0.00120115066463,0.000322308018844,0.000277541395506,-0.000872089031019,0.000427110643241,-0.000248924004168,0.000378444572144,-0.000489637756194,0.00047025554131,0.000516947358621,0.000244408446515,0.000341780932297,0.000413522902714,0.000572420297797,0.000358892521945,0.000574664022454,-0.000422909206378,0.00014679990793,-0.000359945435294,0.000713740582711
-0.000261565298061,0.0010603760227,-1.51757156972e-05,-0.000159054531419,-0.000387928419929,0.000380215744449,-0.000599966640852,-0.00177043953951,-0.000290909560856,-0.000879892489151,0.000602284021687,-0.000269646439712,-0.000456440089028,-0.000319695456341,0.000316071619134,-0.000397436087461,-0.000464311099299,0.000348454644905,0.000337471863719,-0.000249403852247,0.000966275888274,0.000226948026688,0.000351289056751,-0.000380874810537,0.000355453347453,-0.000632011595873,-0.000331896383416,-0.000627062022741,0.00027293084443,-0.000259021481743,-0.000920715205916,0.000334548108527,0.000321622662796,-0.000755266402817,0.000569151400702,-0.000333619742253,0.000678905689608,-0.00053221707497,0.000455222538665,0.00039207288562,0.000385956597468,0.000458432768627,0.000393352146095,0.000623153095286,0.000574489139982,0.000617610168012,-0.000621669010259,0.000193903172288,-0.000440579231999,0.000657192907038
-0.000226314481043,0.000890450893367,-0.000121913492151,-0.000319810178939,-0.000383106208093,0.000340472318286,-0.000510845006933,-0.00163803695945,-0.000314384476794,-0.000936890304446,0.000553402695758,-0.000319243009838,-0.000397766785068,-0.000374953025335,0.000397317557369,-0.000335304961176,-0.00051941780445,0.000342015040738,0.000792233908175,-0.000287136271839,0.000857636386518,5.79000003705e-06,0.000233944962327,-0.000308416885837,0.000541140407092,-0.000581231577755,-0.000253522165541,-0.000595960008197,0.000255563127203,-0.000268917606321,-0.00129758021262,0.000227523393623,0.000271310056324,-0.00054125277976,0.000570020615366,-0.000346287915336,0.000476629874347,-0.00047431325038,0.000415623919141,0.000516574409388,0.00027197575095,0.000532148833827,0.000324239738374,0.000379782296938,0.000464892778751,0.000589330694241,-0.000536966826662,0.000177528871047,-0.000304954021885,0.000670297950734
-0.000242384567904,0.000957164313548,-9.72086876653e-05,-0.000283342655194,-0.000438730669528,0.000266773750704,-0.000588003995065,-0.00179382833005,-0.000470855384089,-0.000640394688472,0.000499299875977,-0.000274322505405,-0.000349586593687,-0.000289029655348,0.000391497925244,-0.000341363175949,-0.000329054734591,0.000290290730148,0.000329877522621,-0.000327681743682,0.000826191743762,0.000151082839416,0.000242234083137,-0.000309162855293,0.000438119432986,-0.000429169279497,-0.000385015606121,-0.000552346439496,0.000259341839283,-0.000371208777397,-0.00188716065478,0.000383659888116,0.000294836903865,-0.000782557508444,0.000560615213793,-0.000336750394076,0.000369450925878,-0.000612884587216,0.00039723848389,0.000444619891888,0.000317520185617,0.000532240296077,0.000335005102565,0.000415088766048,0.000259588077283,0.000457965978019,-0.000359490508252,0.000187020725823,-0.000364107817922,0.000611496659134
-0.00020007234608,0.000889344541243,-5.60659448281e-05,-0.000376559076801,-0.000407621879395,0.000331668920085,-0.000573132449772,-0.00142990762434,-0.000274397281218,-0.000553414790299,0.000482441985719,-0.000287869426326,-0.000371493404586,-0.000331361949536,0.000391236655364,-0.000453208452213,-0.00028475462217,0.000294277421623,0.00104782076921,-0.000251169906906,0.00076261083457,0.000200869729973,0.000287684631224,-0.000223802892161,0.000466814562064,-0.000563292938796,-0.000252708266651,-0.000600989124623,0.000266375495657,-0.000247353817636,-0.00106184574578,0.000266272244358,0.000334481762472,-0.000685210648809,0.00062953661608,-0.000348742471392,0.000577570657803,-0.000469186679502,0.000416258939443,0.000484465283249,0.000335115362228,0.000459595634691,0.000345283764163,0.000494644288624,0.000349945636633,0.000507211724034,-0.000452454982319,0.00013690933512,-0.000347515593153,0.000697162641405
-0.000258882532926,0.000954803336814,-0.000118710519265,-0.000283228265191,-0.000699082033112,0.000294088101137,-0.000518386031889,-0.00174237296342,-0.000472950811144,-0.00046018737141,0.000442803243325,-0.000247443113062,-0.000296731890128,-0.000370126169418,0.000370979251752,-0.000385392143544,-0.000229179551,0.000326979858971,-0.000403045795059,-0.000332405519199,0.000718875398495,-1.39402826398e-05,0.000183860842212,-0.00024121999947,0.000484660821988,-0.000407169403137,-0.00036320501365,-0.000597572674762,0.000267061019383,-0.000351606372399,-0.00208087420793,0.000154135875468,0.000409384394617,-0.000588626245421,0.00065539712603,-0.000295128379427,0.000326903491123,-0.000533672858584,0.000375760880004,0.000477258639033,0.000311931551766,0.000544080620708,0.00035488402807,0.000312935782785,0.000276048168242,0.000611647024507,-0.000232310493884,0.000148524267144,-0.000385627023998,0.000590434827688
-0.000196891282738,0.00100150939083,-0.000106012031314,-0.000373570644443,-0.000420348358645,0.00037697592552,-0.000598575235454,-0.00167876055863,-0.000334394127679,-0.000780262073256,0.000406683203146,-0.000243619476393,-0.00036221993857,-0.000293974285539,0.000467365664348,-0.000445923834554,-0.000425722058091,0.000371144657853,0.000834235205523,-0.000294325976733,0.000813923597009,-0.000115912181603,0.000280167486501,-0.000302604408312,0.000414803064869,-0.000754935802181,-0.000392187457913,-0.000668716659521,0.000279864689764,-0.000259527750186,-0.000679643866611,0.000403037927431,0.000267346774476,-0.000737200646629,0.000734791294007,-0.00027817205121,0.000586618939221,-0.000484052061585,0.000436119845719,0.000573107788355,0.000315360835764,0.000587652858038,0.000289070887806,0.000440328539207,0.000390197962432,0.000545385463092,-0.000629954835409,0.000126335186832,-0.000463875400247,0.000658939189829
-0.000249807704588,0.00117751050278,-0.000131763834567,-0.000275723109661,-0.000304795718862,0.000251805800724,-0.00065867006748,-0.00212906553292,-0.000460848146219,-0.000748793276464,0.000528406012871,-0.000248626571556,-0.000404513795316,-0.000338479269228,0.000527751154324,-0.000550502309759,-0.000405086015221,0.000313264302378,-0.000401497437979,-0.00037338127447,0.00090026574912,0.000219847396772,0.000241927699511,-0.000310454137472,0.000526684222182,-0.000528111737008,-0.000445891186746,-0.00061540233827,0.000273611585939,-0.000397146066038,-0.00157979688102,0.000566726141318,0.000344394299222,-0.000855582825826,0.000660478203154,-0.000315235231562,0.000417362102441,-0.000540753874586,0.000413685996578,0.000424394860902,0.000413057334642,0.000598007112314,0.000401588077394,0.000388455898772,0.000285033142218,0.000542125733464,-0.000456573024185,0.000164725391553,-0.000411249022506,0.0006406087118
-0.000258789365521,0.00109156745895,-4.47305472629e-05,-0.000342345615949,-0.00042780280141,0.000315250937954,-0.000686885809979,-0.00229929700421,-0.000457115480002,-0.000987700459102,0.00065690718767,-0.000310314985476,-0.000536458008664,-0.000409458862563,0.000551397945449,-0.000338996982214,-0.000461024907511,0.000356041595247,0.000950267940374,-0.000404754520339,0.000961831328055,6.56424420595e-06,0.000346681855701,-0.00034723164168,0.000766444682028,-0.000546912188473,-0.000358802936147,-0.000740785821233,0.000271638853545,-0.000492397712085,-0.00207079323099,0.00043840621193,0.000299686209027,-0.000799587568248,0.000607871930468,-0.000395370491921,0.000555563679062,-0.000619906194092,0.000518302412009,0.000533481642205,0.00038464324366,0.00048234303537,0.000410877440782,0.000578079662812,0.000539134357908,0.000543896928751,-0.000530759773915,0.000159689670974,-0.000453211707343,0.000751066906175
-0.000229265555607,0.000981622370428,-0.000137220716177,-0.000284871677218,-0.000461839770643,0.000297993716416,-0.000444841879363,-0.00157077697322,-0.000339755900409,-0.000600987691896,0.00051643445893,-0.000260895752012,-0.000330041053305,-0.000255887351952,0.000356929508753,-0.000258006764829,-0.000385322670331,0.000324580134942,0.000613920542897,-0.000355918055125,0.000716840807118,0.000164616079856,0.000147079325429,-0.000256070973808,0.000462939939647,-0.000591888111407,-0.000194258436241,-0.000501601581688,0.000265909794125,-0.000281836081992,-0.00153505352954,0.00027601154876,0.00031196046209,-0.000652023645363,0.000548816565363,-0.000254943804889,0.000490582676633,-0.000431162606688,0.00038387909561,0.000414132115306,0.000305465128187,0.000621383663148,0.000341290260332,0.00037733620507,0.000342985295261,0.000510621730302,-0.000235246552193,0.000137893173379,-0.000391095899528,0.000726784007234
-0.000215165249551,0.000783602239927,-7.58285150652e-05,-0.000331105844626,-0.000459006466619,0.000310456495153,-0.000429033547843,-0.00142616371423,-0.000312535560472,-0.000743743299448,0.0005183264915,-0.000281708104374,-0.000340068684975,-0.000289611814543,0.00047727212814,-0.000356485154935,-0.000399505234982,0.000333601167008,0.00102862902343,-0.000269450287165,0.00102001150811,-2.03095953506e-05,0.000203611550026,-0.000261913402789,0.000480185801884,-0.000500373746952,-0.000314041992334,-0.000544026484459,0.000276419105429,-0.000239729199984,-0.00120880910644,0.000226911456957,0.000339235168241,-0.000689235418609,0.000461515329182,-0.000353307306168,0.000530835286142,-0.000437091555097,0.000374094140521,0.000413727032538,0.000273300579217,0.000427618570035,0.000380864445109,0.000378394890196,0.000548544336567,0.00045148168534,-0.000535777762328,0.000160821502216,-0.000352709686852,0.000633281156231
-0.000282363917335,0.000849547373671,-5.5887454965e-05,-0.000273063024829,-0.000499298968196,0.000304131458389,-0.000629634658073,-0.00153476195558,-0.00037428401884,-0.000769968083194,0.000620901321539,-0.000301773506031,-0.000322030420989,-0.000318601144137,0.000421243719872,-0.000452268010907,-0.000355499228134,0.000383075556807,0.000128911851379,-0.000285080817021,0.000776136946652,-4.419421737e-06,0.000242711640658,-0.00026293267217,0.00056823991351,-0.0003767034093,-0.000367572224067,-0.000500578822397,0.000253945667863,-0.000268584848487,-0.0014881025884,0.000267183434967,0.000347067173713,-0.000679623381151,0.000725742338733,-0.000287894599606,0.00051194455758,-0.000399847657505,0.000513449351079,0.000405168077414,0.000251287606705,0.000380205185121,0.000312795245714,0.000388649800943,0.000449532939432,0.000557136310291,-0.000470072006052,0.000141710116918,-0.000427110620994,0.000699816695653
-0.000254054794972,0.000965024636082,-3.14478434225e-05,-0.000318013106519,-0.000345659684819,0.000255795596908,-0.000597786203709,-0.00169341326374,-0.000336904699873,-0.000598982185333,0.000677773979119,-0.000300632637343,-0.000334538061763,-0.000444665721142,0.000404709334691,-0.000499291662307,-0.000432512072767,0.000325043132298,0.000327884936098,-0.000233526253028,0.000827087668597,0.000120295355279,0.000229572103475,-0.000311169896326,0.000441853058235,-0.000551123554615,-0.000261255832319,-0.000624018556203,0.000273375706014,-0.0002845466425,-0.00129006567965,0.000379279882834,0.00028492676151,-0.000604366318913,0.000476358443213,-0.000275451862841,0.000574128542011,-0.00049487926221,0.000377146402591,0.000443651917232,0.000293101774382,0.000467613986981,0.000376326043315,0.000399481711374,0.000430464338311,0.000475047910415,-0.000446218589879,0.000102429524532,-0.000465637966453,0.000668170213844
-0.000234288685669,0.000871064628328,-5.88490007186e-05,-0.000378438142619,-0.000328213784156,0.000252752141257,-0.000510569480416,-0.00169825757644,-0.000425836676387,-0.000594286638765,0.000522849043398,-0.000245220623063,-0.00044158953372,-0.000363900087226,0.000374477279673,-0.000410676364779,-0.000396920966044,0.000285733697165,-6.11875227514e-05,-0.00027348731299,0.000890680141664,0.000253401895146,0.000253179397022,-0.000312413265983,0.000408684662965,-0.00054696317474,-0.000450944634179,-0.000522184464257,0.000266395387838,-0.00030567139651,-0.00149039767623,0.000387744515134,0.000277497087113,-0.000577132057205,0.000550648647574,-0.000289421797414,0.000536568933373,-0.000491626825066,0.000402609345005,0.000441739646814,0.0002842307018,0.000657361878667,0.000339074702416,0.000504331149555,0.000393510362344,0.000499152535906,-0.000414627728726,0.000148366268341,-0.000461719963031,0.000720177176502
-0.000256312755796,0.000827407292848,-5.29952033819e-05,-0.000381563628245,-0.000461949502732,0.000161980309004,-0.000681293753957,-0.00161353217841,-0.000326958929635,-0.00080347902912,0.000641116604622,-0.000340045931108,-0.00049564712289,-0.000286983852751,0.000256315868344,-0.000474107629236,-0.000453059566611,0.000313747715703,-4.66617842166e-05,-0.000346286302606,0.00052212638509,0.000280682485907,0.000184102700059,-0.000177353807767,0.000652169432743,-0.00046904130701,-0.000347596645635,-0.000668374802827,0.000280275985743,-0.000240401833295,-0.00158238531074,0.000282541772368,0.000362016047799,-0.000296495795345,0.000555786866983,-0.000314123428454,0.000660112512452,-0.000214284411388,-0.000342649615744,0.000377670618107,0.000272786161871,0.000408497353362,0.000407188714148,0.000388674330028,0.00045349698806,0.000379062222192,-0.000508743504271,0.000171057468147,-0.000421220714811,0.000599586268611
-0.000417860219387,-0.00180637156025,0.00188272571461,0.000144883692,0.0014697684952,0.00221195302855,-0.00116705523626,0.00463120445884,-0.000328765257958,0.00120553559404,-0.000129965195424,-0.000673462661873,-0.000618597656262,-0.000539450381647,-0.00889650475479,-0.000342605538354,0.00130382498284,-7.4198971513e-05,0.00098149219466,-0.000145486706094,-0.00633356167104,-9.75470973817e-05,0.000950373054544,-0.000133041332145,0.00105689332469,0.000681337027704,-0.000305484740695,0.00261528785261,0.000175309994767,-0.000357243863714,-0.00182140123545,0.00145324847543,0.000828302050177,0.00421052638039,-0.000458260064091,-0.000193705345674,0.000297131283723,-0.000777098403221,-6.37847292164e-05,-0.00721499344683,0.00057912070566,-0.000539938773755,2.06107847107e-05,-0.00140405317946,-0.000473654877181,-0.0013170395814,0.00190411758358,-0.000570592693169,0.000284940901494,0.00067644228847
-0.000238942691796,0.000860985195314,-7.19783121546e-05,-0.000317145166742,-0.000201112281216,0.000272706466039,-0.000487996981654,-0.00186439538214,-0.000264943969831,-0.000949260204472,0.00056453819896,-0.000298745412395,-0.000437928514617,-0.000369499922191,0.000343710752568,-0.000474756975026,-0.000443824011983,0.000331865641869,0.000520846874793,-0.000232463480967,0.000819419887025,-9.20164364022e-06,0.000325217323133,-0.000312080364331,0.000392627052768,-0.000584911946578,-0.000384970321303,-0.000505082776235,0.000268402338353,-0.000281891934226,-0.00129224832395,0.000421059319937,0.000223703923709,-0.000700471785492,0.000523715776726,-0.00033517497702,0.000491663277309,-0.000494408482881,0.00045764860936,0.000515846862626,0.000261018046605,0.00044640593589,0.000339523204557,0.000369470554948,0.000471967883916,0.000490634563524,-0.000507100144428,0.000199828693875,-0.000403127521251,0.000657440824578
-0.000204250504415,0.00116481289732,0.000142811064532,-0.000392574813106,-0.000511495717019,0.00035255900997,-0.000347045886656,-0.0016280697711,-0.000270868210436,-0.000760863609121,0.000415755410423,-0.000286129865574,-0.000368457176024,-0.000198095259783,0.000430298385433,-0.000178155835999,-0.000505424317608,0.00021898325709,0.000862423307778,-0.000221690031773,0.000864339719772,6.48061908357e-05,0.000281533363323,-0.000325353263973,0.000423733005923,-0.000487812193435,-0.0003330936186,-0.000644239654325,0.000270304739134,-0.000236138862152,-0.00103964249704,0.000406991687297,0.000280869837021,-0.000545636673912,0.000516420622415,-0.000291907517128,0.000532333482859,-0.000500809792754,0.000462043870282,0.000514947868499,0.000237594150049,0.000527092066915,0.00035355863576,0.000538377239319,0.000436917270631,0.00053162902506,-0.000627202735087,0.000135709067801,-0.000454191660606,0.000714217943605
-0.00025765838089,0.000847825556773,-5.58306771719e-05,-0.000378025219586,-0.000371434119466,0.000290041522747,-0.000455550182782,-0.00150374759062,-0.00032060236655,-0.000570945959717,0.000485682618479,-0.000275556526839,-0.0003593547423,-0.000327429003274,0.000391359675503,-0.000341353419586,-0.000278020469917,0.000309745806106,0.000996371525902,-0.00024925199317,0.000888925987856,7.3181624421e-05,0.000304559946127,-0.000282026780492,0.000374596492409,-0.000555665531677,-0.000260596395459,-0.000610702676577,0.000272340436228,-0.000236208994421,-0.000981337212882,0.000370413377761,0.000296007855918,-0.000671499576527,0.000543042864724,-0.000268880560472,0.000550957949139,-0.000626664452326,0.000454312552274,0.000533978034189,0.000301882473373,0.000580769342644,0.000305407292449,0.000458534151965,0.000485870004132,0.000509945796608,-0.000456482707737,0.000114297078608,-0.000420176990655,0.000702679142297
-0.000231784471874,0.00111307513974,-0.000143483701509,-0.000360549193685,-0.000561996680604,0.000240814154325,-0.000672846250206,-0.00164097886953,-0.000308081551929,-0.000596028211949,0.000519984155883,-0.000250033516418,-0.000384167338593,-0.000299749380151,0.000531391295465,-0.000385117993026,-0.000393423964724,0.000336913103571,0.000950925612254,-0.000203700668364,0.000865777667282,-8.18149512796e-05,0.000224137231254,-0.000224597195359,0.00026240817565,-0.000500786301356,-0.000256981473591,-0.000746647908355,0.000260723217988,-0.000272988381668,-0.000695238587118,0.000256360897628,0.000289532016143,-0.000843981941374,0.000670637531464,-0.00028565459974,0.000439257561697,-0.00051023124337,0.000304505468902,0.000611991805378,0.000318910998568,0.000496153233069,0.000349934940232,0.000367232844465,0.000332793083858,0.000536453184377,-0.00055038242129,5.53113659569e-05,-0.000471025349105,0.000712733446289
-0.000244356406635,0.000900267838239,-5.69385020808e-05,-0.000286980543848,-0.000426968008457,0.00028278360626,-0.000554360055702,-0.00126939661948,-0.000348460657207,-0.000715176794129,0.000573839185606,-0.000226542611401,-0.000336337523156,-0.00023896424573,0.000431077679256,-0.000521542111599,-0.000366689657284,0.000325796733172,0.00106499458471,-0.000357544297847,0.000761202988911,0.000202453290527,0.0001936873312,-0.000247784777964,0.000384416372495,-0.000534244580887,-0.000364041202084,-0.000489914844776,0.000264006187373,-0.000239952829974,-0.00111670207364,0.00040220726803,0.000323133994269,-0.000618440002737,0.000640617781378,-0.000301324060207,0.000467139649896,-0.000513202839015,0.000456984954281,0.000388561313781,0.000351973192443,0.000555674083156,0.000323750427238,0.000428720498638,0.000290091527065,0.000526102529935,-0.00044884593716,8.62870765967e-05,-0.000394930869596,0.000454658034567
-0.000575172096384,0.000627002936818,0.000370006069819,-0.000369179645103,0.000771885729238,-0.000948102089721,-0.00319078995915,-0.00254271899633,-0.000840189558212,-0.00278033844467,0.0012509023203,-0.00133668111434,-0.000615484311343,0.000126276544858,0.00104773077641,-0.00202092954068,-0.000189703412246,-0.000104426753131,-0.00189424166525,0.00254913027478,0.000557544216196,0.00201648874932,-0.0056518285908,-0.000571676746024,0.00205175846278,-0.00162328679434,0.00165960587684,-0.000914949039105,0.000303144826878,0.000973747250578,0.00274963338421,0.00264654515002,-0.000979182411045,-0.00103496963839,0.000954259791142,-0.000950151501132,-0.00295861960272,-0.00122353570191,0.00188018466793,-0.00079821859845,0.00328492490114,0.00213588394954,-0.000302035166385,-0.00443716449526,0.000714242727574,-0.00390791166056,-0.00170631572758,-0.000156981099683,0.000221414895838,0.0014919246722
-0.000269900652492,0.000569102655851,-0.000105078600967,-0.00035233074719,-0.00051379075511,0.000398831887824,-0.000369617686806,-0.000826054640768,-0.000266674540637,-0.00064888288692,0.000560810270742,-0.000291936111427,-0.000410703902451,-0.000275812207585,0.000413713900999,4.65235029988e-05,-0.000399810076489,0.000314189993586,0.00098564855018,-0.00020535005315,0.000751378871946,0.000165485481858,0.000273922005567,-0.000287969129109,0.000433994562945,-0.000448400164683,-0.000470188514332,0.000386511784673,0.000285449715969,-0.000257053923483,-0.00105355069243,0.000495264771789,0.000266592107184,-0.000681832446595,0.000739083342736,-0.000291514302835,0.000381920032241,-0.000697478903152,0.000496811171727,0.000296984354505,0.000231059698804,0.000501131563013,0.000488856597351,0.000400659645128,0.000396887946577,0.000355121251411,-0.000523444006147,0.000178929540275,-0.000360474318424,0.000456102866426
-0.000239256006936,0.000917180300224,-5.71366130714e-05,-0.000309227794521,-0.000388978613647,0.00032540189153,-0.000639996942999,-0.001591932979,-0.000312695970805,-0.000593586833427,0.000501169048,-0.000268498117312,-0.000346136168147,-0.000304902151939,0.000458080583022,-0.000486535112312,-0.000460406704547,0.000309007127909,0.000753232637139,-0.000237309268829,0.000780761946997,-3.73806718346e-05,0.000238390257281,-0.000279436470213,0.000278321600315,-0.000668278827326,-0.000303652815355,-0.000557197733239,0.000262482206717,-0.000268265291832,-0.0013174821666,0.000359268107033,0.000230122170902,-0.000604758488179,0.000625196349822,-0.000367403211147,0.000418946540639,-0.000545379109677,0.000422015858983,0.000528418214024,0.00033395056425,0.000372340507193,0.000270187035,0.000366204570479,0.000265113575145,0.000496452094699,-0.000370340355695,0.000183708567988,-0.000349402043955,0.000639124675091
-0.00241526281146,-0.00879573624151,0.00122063100131,0.00416877501863,-0.00410895975326,-0.00205063426781,0.00918512081117,0.0115178638303,0.000134995829025,0.00311581819998,0.00131934236168,-0.000139215470597,0.00176783663722,-0.00124549792502,-0.00315640726298,0.00460352840052,0.000680149390217,0.000237673454058,-0.00370935084765,0.00666221713814,-0.00589473971365,0.000291775800701,0.00184935646087,-0.000551570062112,0.0030442863431,0.0158695610347,-0.00164629498356,0.00270425679631,0.000357018826203,-0.000970976891375,-0.000607892876099,0.000379697249639,-0.00113950003958,0.00738026606412,-0.00413293881035,-0.000747114223285,-0.0082194418998,-0.000464174786295,-0.00180834063707,-0.00168755208048,-0.00214961093956,-0.00257808628191,0.0003698133511,-0.00266913276533,0.002124225296,-0.00425052821462,0.00458960643349,-0.000502652554545,0.000489241936573,-0.0142916272197
-0.000278618828207,0.000927497359778,-4.6100357766e-06,-0.000390101643927,-0.000466733965943,0.000357029688647,-0.000651936446247,-0.0016476107923,-0.000305898149368,-0.000729621929186,0.000543253123891,-0.000278566016441,-0.000359763123755,-0.000281107823616,0.000443778275698,-0.000525025062757,-0.000531603567245,0.000338894292469,0.000334831449406,-0.000209866548704,0.000829027356586,-0.000102556269875,-2.49967148319e-06,-0.000259912617271,0.000375231931533,-0.000571624710566,-0.000316952663746,-0.000799451663608,0.000276109891893,-0.000302227669984,-0.000914252706156,0.000275288549243,0.000340275405642,-0.000803004529042,0.00061840458242,-0.000307152224307,0.000455024882777,-0.000478949284601,0.000548619963109,0.000609145099058,0.000308441602764,0.000550609037483,0.000377653348023,0.000445098340978,0.000387771696303,0.000635964511203,-0.000527539954123,0.000146516583262,-0.000449646946813,0.00075254263706
0.000361871655559,-0.0111556790807,0.00403003726245,-0.00218543015404,0.0116254399551,-0.000339738646904,0.0563830517149,-0.00188883884695,-0.0011157058769,-0.000453197607097,-2.24512646257e-05,-0.00421277100019,-0.00184397484407,-0.00178360939883,-0.00621133747781,-0.00544332145384,0.00825718258894,-0.0172291099208,-0.0282451765684,-0.00306578827536,-0.00717621289983,-0.00327594990836,-0.000330061834869,-0.00831610055958,0.0146601644702,-0.00689553626125,-0.00518020420113,0.00515969927608,0.000338897160097,0.00163555985746,0.0141435724844,0.00573894166694,0.00455315952354,0.0170784892068,-0.00234143062995,-0.00457315895765,0.00278693576839,0.00376695816314,0.0028321473937,-0.00275260333861,0.000475102229051,-0.00357841853763,-0.00369118509377,0.00717699869341,0.0107329213749,-0.00298970302305,0.00112626782283,0.000428102361076,-0.00224224571765,-0.0194989449762
-0.000193375350521,0.000405876893384,0.000288630747481,-0.00071189338193,0.000803385170051,0.000241149248314,0.00481211458416,0.000416328357668,-0.000224315877666,-3.21908040825e-05,0.00101008024802,-0.000606064061997,-0.000650940169164,-0.000452246893359,8.48057376574e-05,-0.000784873847082,-1.92607645937e-05,-0.00126384483944,-0.00122464679292,-0.000719503981103,9.64172916369e-05,-0.00036932984766,0.000267932901316,-0.000830165843012,0.0013999221918,-0.00105756038855,-0.00108832173472,0.000133996007496,0.000329252469979,-0.000310423756963,0.000574847184897,0.00107626180485,0.000544744624424,1.25467659905e-05,-0.000109155055864,-0.000698482094782,0.000709796488257,-0.000862562022948,0.000616006119939,0.000330179217494,0.000399390758068,0.000512344007549,0.000124381593517,0.000931267862174,0.000997560072721,0.000396263389224,-0.000434099512571,0.000465674566944,-0.00067833187182,-0.000528446430488
-0.000236487973698,0.000967838001872,-1.68065484256e-05,-0.000325747045772,-0.00045627003411,0.000255295463283,-0.000648130997463,-0.00158073769235,-0.000398078846818,-0.000747988516484,0.000490625362032,-0.00026919496372,-0.000402856112256,-0.00037972893826,0.000404249478448,-0.000383431615609,-0.000455171514052,0.000343285899858,0.000122202852333,-0.000334659898361,0.000837617605862,-6.58510051551e-05,0.000176668402259,-0.000326613825574,0.000462784391383,-0.000554265845528,-0.000282813686917,-0.000658506786618,0.000266111972405,-0.000296797951074,-0.00151494665739,0.000261824079807,0.000324612713264,-0.000605004500151,0.000670355561596,-0.000322212485154,0.000512843985513,-0.000404783983814,0.000506007883927,0.000533626640324,0.000286778416244,0.000382591656454,0.000367356662135,0.000478117343409,0.00045030423484,0.000488423997968,-0.000526470474505,0.000143938871245,-0.000488647951894,0.00062248637293
-0.000261175933558,0.000817908128637,-5.84378121409e-05,-0.000307263164464,-0.000570560272413,0.000332512936478,-0.000539119104627,-0.00164497538307,-0.00033322856984,-0.000535800559404,0.000510237226648,-0.000269682998486,-0.000316547409501,-0.000415508828802,0.000427852266435,-0.000152669956912,-0.000358220313673,0.000317137937117,0.000529115959309,-0.000268233894775,0.000847072578747,8.4805506868e-05,0.000176354349377,-0.000309388702132,0.000451531626725,-0.000550769170903,-0.00027543874443,-0.000566759721264,0.000263589224992,-0.000279664770419,-0.00135463565664,0.000341001975936,0.000346739358849,-0.00057398963633,0.000647760118916,-0.000284234042083,0.000450449597779,-0.000403530516456,0.000355460390217,0.000409367381292,0.000370205707066,0.00053977556025,0.000385324503441,0.000327459719616,0.00044796151774,0.000581689792238,-0.000512557139147,0.000178468562416,-0.000452582938721,0.000712101941933
-0.000242436742618,0.00105628304187,-7.88913403822e-06,-0.000345308453022,-0.00042108621188,0.00033974747262,-0.000632814368344,-0.00184081948046,-0.000330381183828,-0.000882467292171,0.000569562355609,-0.000247746333865,-0.000495911579683,-0.000323387126004,0.00044449042305,-0.000483665743439,-0.000503200132334,0.000298425404249,0.000403533678879,-0.000265831430505,0.000977832853532,-3.7067117724e-05,0.000268396417295,-0.000361874546476,0.000454504028322,-0.000599840837666,-0.00036701798831,-0.000693442055244,0.000261773024506,-0.000297702203022,-0.001048884076,0.000428328866058,0.000244045693662,-0.000739132511954,0.000625864629854,-0.00032417376203,0.000653246473825,-0.000545670394429,0.000489263647989,0.0005352061177,0.000296597109462,0.000425406226325,0.000363638403174,0.000587864981669,0.00047290326642,0.000600126467753,-0.000733396513922,0.000204011905546,-0.0003749203799,0.000725484525006
-0.00032873116435,0.00141177051243,-0.0046057925648,0.00548032244565,0.00152943585034,-0.00591195548497,0.00449758933474,0.00842890612888,-0.0061262963414,0.0130278125793,-0.00593192895119,0.00105526010386,0.00420367147355,-0.000895145909717,0.00713181944312,-0.00363730772881,0.00651854170929,-0.00162636883779,-0.0440691577229,-0.00184897226737,-0.00534293277611,0.00679577048259,0.000276636465195,0.000699672918115,-0.00494887444244,-0.000791797637267,-0.00127289303559,0.00633888326126,3.8268544667e-05,-0.00205313017022,-0.0212801332111,0.00256310855499,0.00405964366378,-0.00313780456749,0.00410974302893,0.0182845923898,-0.0166397983579,0.00210144167271,-0.00641655823401,-0.00414491257572,0.00107065171661,0.00236881457698,0.000157564496394,-0.00859089810743,-0.018157762234,-0.00293210088614,0.0177805677522,-0.00211054434777,0.00134370098371,0.00260538644528
-0.00024465745657,0.000940325859637,-0.000112531044863,-0.000328937553854,-0.000438457861603,0.000279048564428,-0.000497725804684,-0.00168696100441,-0.000311118369741,-0.000678163308549,0.000517159778882,-0.000270784189971,-0.00035598570068,-0.00026097241119,0.000469341629619,-0.000477486523462,-0.000399903938363,0.000279209463374,0.000729881882249,-0.000269534910339,0.000926358729288,0.000102000017662,0.000283953343506,-0.000338970995808,0.000418811395958,-0.000520770024587,-0.000368073114364,-0.000532258617348,0.000266555068884,-0.000256011716259,-0.00123327887431,0.000314887953646,0.000346756461922,-0.000585202578367,0.000657465222526,-0.000305429922287,0.000545077416259,-0.000506329304667,0.000442491482774,0.00040847228577,0.000307932688123,0.000530132851475,0.000367705775448,0.000426479141371,0.000338697292437,0.000385944652243,-0.000453246477744,0.000107752087132,-0.000428728904302,0.000649612517538
-0.000265520321509,0.000893168329239,-2.24237580316e-05,-0.000328760121856,-0.000378343389227,0.000157924448345,-0.000718413739215,-0.00165102015248,-0.000341963523955,-0.000985147601714,0.000598785624376,-0.000304713597641,-0.000368809417612,-0.000295690202841,0.000351524612538,-0.000597850940684,-0.00041081177585,0.000298441562779,-7.1563130712e-06,-0.000307079235128,0.000849860388594,0.000130599742197,0.000284373872863,-0.000285336795157,0.000515861396714,-0.00034098135764,-0.000279601000409,-0.000685610421816,0.000264450169709,-0.000267341155281,-0.00144700608527,0.000366656828033,0.000249611781416,-0.000660156512154,0.000626457250918,-0.000370183435398,0.000669779222692,-0.000544820205848,0.000575860517973,0.000489664237131,0.000301751421176,0.000298976372184,0.000236409333781,0.000625271310016,0.00046468012756,0.000541357277326,-0.000692817433505,0.000147059926212,-0.000398136534387,0.000564490694085
-0.000310758824823,0.000885100292367,-9.24683806472e-05,-0.000362879445423,-0.000450635291247,0.000276045525038,-0.000790358223604,-0.000907888718078,-0.000259115323729,-0.000659712151872,0.000639824483463,-0.000281635766753,-0.0003710043557,-0.000202495838205,0.000455103709189,-0.000312003051121,-0.000410071803618,0.000372140068831,0.000115321395995,-0.000304091879019,0.000803529595886,7.13206543705e-05,0.000353777681152,-0.000280654845723,0.000577905274386,-0.00028620830575,-0.000449455111688,-0.000619414436715,0.000265289620974,-0.000354462668513,-0.00118325948043,0.000386436465645,0.000361215854044,-0.000805614049018,0.000811028005574,-0.000369387863932,0.000760439132043,-0.000548316543665,0.000604902741975,0.000555950917441,0.000306478342411,0.0004875796877,0.000360215214612,0.000547335666547,0.000539083830492,0.000545833330418,-0.000678501382035,0.000180276645187,-0.00048919702775,0.00066814814827
-0.000251241930955,0.000807224202763,-0.000290488633712,-0.000383330213,-0.000412479625369,0.000252973775017,-0.000517026304466,-0.00162819644439,-0.00035338356261,-0.000719426545893,0.000149038611065,-0.000286836569069,-0.000327322185905,-0.000346386222016,0.000309531580036,-0.000540810536014,-0.000381670737265,0.000314612865245,0.000167535607488,-0.00029442222387,0.00081219180463,9.34128922059e-05,0.000373878484423,-0.000333920341012,0.000607173564834,-0.00046280969577,-0.000370524097064,-0.000571753353617,0.000269210265636,-0.000250859555584,-0.00135688601985,0.000347551474817,0.000276286601457,-0.000608407319549,0.000479960865896,-0.00035815007039,0.000607194052068,-0.000396793979295,0.000469688389696,0.000542729042569,0.000256082939562,0.000433705397415,0.000296191715889,0.000450757878623,0.000576846553366,0.000576828959559,-0.000673599652961,0.000148454635611,-0.000473391144479,0.000565692798897
-0.000235507741072,0.000970150493816,-2.0982649096e-05,-0.000314182913762,-0.000292355848627,0.000447089816812,-0.000689449737838,-0.00179843204614,-0.000273723828774,-0.000934349136843,0.000603168114947,-0.000300700227857,-0.000452226519489,-0.000355244528469,0.000333377438004,-0.000580813266118,-0.000434543651742,0.000367717973967,-0.00069764137546,-0.000253413904609,0.00090896450652,0.000190995525422,0.000226495791044,-0.000272214103623,0.000471775506085,-0.000573205622707,-0.000565965727545,-0.000619573361521,0.000260369121719,-0.000280368655352,-0.00133576400543,0.000376068447165,0.000287426353623,-0.000621329410154,0.000669443667483,-0.000354483482885,0.000665895891571,-0.000672872411642,0.000520076587117,0.000460896944914,0.000272349959575,0.000547830751694,0.00028989852763,0.000636690938506,0.000584236582708,0.000414556855986,-0.000512931199228,0.000162619096658,-0.000466579246651,0.000422858894251
-0.000258789365521,0.00109156745895,-4.47305472629e-05,-0.000342345615949,-0.00042780280141,0.000315250937954,-0.000686885809979,-0.00229929700421,-0.000457115480002,-0.000987700459102,0.00065690718767,-0.000310314985476,-0.000536458008664,-0.000409458862563,0.000551397945449,-0.000338996982214,-0.000461024907511,0.000356041595247,0.000950267940374,-0.000404754520339,0.000961831328055,6.56424420595e-06,0.000346681855701,-0.00034723164168,0.000766444682028,-0.000546912188473,-0.000358802936147,-0.000740785821233,0.000271638853545,-0.000492397712085,-0.00207079323099,0.00043840621193,0.000299686209027,-0.000799587568248,0.000607871930468,-0.000395370491921,0.000555563679062,-0.000619906194092,0.000518302412009,0.000533481642205,0.00038464324366,0.00048234303537,0.000410877440782,0.000578079662812,0.000539134357908,0.000543896928751,-0.000530759773915,0.000159689670974,-0.000453211707343,0.000751066906175
-0.00027611329809,0.000926869852731,-6.78688481358e-05,-0.000281509097784,-0.000554948635102,0.000318079228703,-0.000619321337962,-0.0015856383685,-0.000291912339542,-0.000661101941347,0.000573312762228,-0.000290035763136,-0.000353428577058,-0.000430244488222,0.000506447210615,-0.000385379862116,-0.00038418923085,0.000333922201218,0.000670804093029,-0.000194903575863,0.0010001418227,-0.000126853536045,0.000200933488714,-0.000260976315036,0.000301722407614,-0.000451537124672,-0.000305073218439,-0.000651385456173,0.00024946582109,-0.000260613656567,-0.00108736976545,0.000311339721383,0.000265411579214,-0.000652533788859,0.000525183680573,-0.000230669706587,0.000500101856196,-0.000536691323076,0.00042057854909,0.000514992314521,0.000303011626471,0.000321363167915,0.000406401052303,0.000444682240318,0.000397400700793,0.000577113825697,-0.000607733262601,0.000152529794908,-0.000396876081209,0.000530163413056
-0.00024010785671,0.000750591945484,-5.84707521255e-05,-0.000379795059839,-0.000444830687803,0.000376919461274,-0.000669020605198,-0.00103882853487,-0.000259369328072,-0.000788740621577,0.000522706145254,-0.000309483213273,-0.000303148036676,-0.000248801458943,0.000352883897158,-0.000228810592107,-0.000449360002094,0.000320421891652,0.000953961669676,-0.000255157638611,0.000976986108042,4.01650868316e-05,0.000208140349791,-0.000277565730108,0.000446700050591,-0.000550312772909,-0.000400090651808,-0.000556877038063,0.000245999513381,-0.000264105774703,-0.000864999127332,0.00035031634251,0.000277275904113,-0.000671483653763,0.000617647747951,-0.000246269824201,0.000622019442898,-0.000596650638622,0.000554128451019,0.00046953815628,0.000288015107637,0.000575838906816,0.000359169243401,0.000600873344391,0.000426956052596,0.000443074503448,1.92468854274e-05,0.000219015399031,-0.000496589076922,0.000534791876722
-0.000233719338489,0.00110410041926,-3.04382669755e-05,-0.000338732909891,-0.0004298094312,0.000211433091219,-0.000555571850348,-0.00151208895456,-0.000172383218669,-0.000782168102756,0.000673270933859,-0.000239731540758,-0.00034920820192,-0.000342063754176,0.000473286238032,-0.000331060946836,-0.000377000585266,0.000384056693573,0.000933036059216,-0.000263279522837,0.000845231398676,-0.000116906981663,0.000205530147409,-0.00035581433002,0.000268771413118,-0.00058650528357,-0.000256929111428,-0.000507983664581,0.000269145915206,-0.000289283729488,-0.000687316840946,0.000307041761144,0.000304653149344,-0.000799421819064,0.000548461126393,-0.000178931965379,0.000507929970194,-0.000598434781475,0.000453997737034,0.000556072866206,0.000367979586522,0.000514968639783,0.000377908495646,0.00052343800932,0.000385666970833,0.000693070441735,-0.000403037509386,0.000167237180203,-0.000433502261719,0.000654241244469
-0.000320330674185,-0.000534818108572,-6.99337797291e-05,-0.000426990932257,-0.000250450304408,0.000322077811923,0.000428941705033,0.00250536970578,0.000450271237921,-0.000927485478765,0.000854910823007,-0.000393236547547,0.000115367384384,-0.00020095936497,-0.00033671336115,0.00129809701035,-0.000227677851203,8.99767612796e-05,0.000962491241397,-0.000325418754227,0.000110567227024,0.00104867936683,0.000155087602798,-0.000127473847822,0.0006645387852,0.000583668250277,-0.000289907989462,-0.000377870690966,0.000283504477769,-0.0001294054647,-0.00015781587348,0.000337728781594,0.000431013712061,0.000546838871393,0.000783872572358,-0.000161033449475,0.000495164860382,-0.000468701232547,0.000161611553,-0.000120167575034,-0.000232316047855,-0.000752642733678,0.000515148880638,-0.00015797505426,0.000777934473209,0.00013119191788,-0.000588683683399,0.000251677818839,-0.000368758562841,-0.00121648229212
-0.000241886094025,0.000941953452174,-8.34258173796e-05,-0.000322883762014,-0.000478164570161,0.000395724742212,-0.000544503785348,-0.00161554485002,-0.00035269241013,-0.000767128804174,0.000512693791615,-0.000260134703374,-0.000263898041487,-0.000396367803663,0.000398023750538,-0.000398014248057,-0.000367138687991,0.000299761427516,0.000752559997041,-0.000237456927127,0.000883312785728,0.000108616442044,0.000280671185492,-0.000297503619871,0.000456175450803,-0.000473121980641,-0.00041427855069,-0.000500787121944,0.000259580110848,-0.000240386275599,-0.00119805474961,0.000279681634545,0.000329203639777,-0.00074685307349,0.000431704873333,-0.000282139320765,0.000370005964835,-0.000499245676348,0.000474502411689,0.000423715106775,0.000262799996888,0.000617942796716,0.000203258142111,0.000524594702313,0.000515701721489,0.000502755215451,-0.000350320314519,0.000188047721417,-0.000365695518208,0.000589145240879
-0.000258789365521,0.00109156745895,-4.47305472629e-05,-0.000342345615949,-0.00042780280141,0.000315250937954,-0.000686885809979,-0.00229929700421,-0.000457115480002,-0.000987700459102,0.00065690718767,-0.000310314985476,-0.000536458008664,-0.000409458862563,0.000551397945449,-0.000338996982214,-0.000461024907511,0.000356041595247,0.000950267940374,-0.000404754520339,0.000961831328055,6.56424420595e-06,0.000346681855701,-0.00034723164168,0.000766444682028,-0.000546912188473,-0.000358802936147,-0.000740785821233,0.000271638853545,-0.000492397712085,-0.00207079323099,0.00043840621193,0.000299686209027,-0.000799587568248,0.000607871930468,-0.000395370491921,0.000555563679062,-0.000619906194092,0.000518302412009,0.000533481642205,0.00038464324366,0.00048234303537,0.000410877440782,0.000578079662812,0.000539134357908,0.000543896928751,-0.000530759773915,0.000159689670974,-0.000453211707343,0.000751066906175
-0.000193835721209,0.00103317962017,-0.000132663182726,-0.000311492601746,-0.000401761344344,0.000397727789224,-0.000618580930811,-0.00162980632515,-0.000275338830559,-0.000747480095284,0.000396065155083,-0.000334111233085,-0.00038751138942,-0.000267683312216,0.000514035174268,-0.000526241172255,-0.000201513128965,0.000308302873433,0.00107680292139,-0.000302519008777,0.000880306714343,0.000176460398084,0.000139937518646,-0.000207184311606,0.000371495920492,-0.000616890371752,-0.000258580998423,-0.00080782854817,0.000271105407251,-0.000249031649795,-0.00110685268145,0.000192521273205,0.000335792669623,-0.000562381301879,0.000638360119758,-0.000324166417993,0.00041196529091,-0.000463726610757,0.000456052253751,0.000382152190343,0.00028542857713,0.000316734598889,0.000332813969877,0.00037410800406,0.000471267916188,0.000461031713785,-0.000559037321974,8.26226709834e-05,-0.000351753864951,0.000594585025579
-0.000225188632549,0.00113244099906,-0.00012255014287,-0.000326693047072,-0.000523598892515,0.000401592853581,-0.000637116290645,-0.001777112107,-0.000270364691775,-0.000682803085797,0.000526782988755,-0.000254050344017,-0.000336718268911,-0.00032148454124,0.000494371872675,-0.000392793393202,-0.000423827564505,0.000361097332537,0.00089357516704,-0.000305370738336,0.0010496212546,-0.000130874856788,0.000212220656926,-0.000273144631616,0.000387834717604,-0.000630375665742,-0.000302452524085,-0.00067468616058,0.000281714091276,-0.000273029163801,-0.000480835138691,0.000320333062025,0.000241989430381,-0.000906510358507,0.000629924586968,-0.000266551988105,0.000544431128864,-0.000601229705414,0.00047425440688,0.000573981137924,0.000356493350758,0.000655642803308,0.000377505101094,0.000437627392489,0.000360379085471,0.000507646769914,-0.000557079270824,0.00015399074333,-0.000421868425187,0.00078055684969
-0.00321592586561,-0.0157444813327,0.00193570689333,0.000237200632452,-0.00270661961299,0.0055028273192,-0.00113986296674,0.0364655019981,0.0148614552903,0.00542656564328,0.00762169507064,0.00968259043716,0.00148182854374,0.00246626577594,-0.00830232549997,0.009861485476,-0.000820397353144,-0.00136468808889,-0.0550943650306,-0.000604439684607,-0.00279790313525,0.000948952223127,-0.0017449975231,0.00449390262361,0.00150319421432,0.0146364106601,-0.00204747179091,0.00293930081754,0.000155807256818,-0.00150089840498,-0.000853141520414,-0.00312657293441,0.00243489662643,0.00763079318247,-0.0151046549023,-0.000681232067423,-0.00232238727829,-0.00114287353034,-0.00150837579314,-0.00478369936034,-0.000244549677193,0.0016602134638,-0.000956280444454,0.00321891831355,0.00611308472239,-0.00205395563295,0.000426099975392,-0.000261741455217,-0.00025487093427,-0.00510086199075
-0.00029728391175,0.000847718644878,-7.24104994244e-05,-0.000244116754089,-0.000331909052558,0.000211530438271,-0.000663617805309,-0.00145492470273,-0.000308675607683,-0.000869119078905,0.00052641074457,-0.000245944966263,-0.000293427404601,-0.000376733178551,0.000370172631915,-0.000547140545291,-0.000406491105059,0.000262812533828,-0.000285197793996,-0.000293346383264,0.000798287434483,9.86591638467e-05,7.90348939048e-05,-0.000320999562775,0.000435599175795,-0.000413521709775,-0.000346915132503,-0.000558311188138,0.000270831467249,-0.00027573025529,-0.00162662456526,0.000365994251355,0.000318873582637,-0.00054318655146,0.000695457694119,-0.000325236572128,0.000368867661731,-0.000498635043566,0.000416429673414,0.000410988424231,0.00033445107577,0.000391085873237,0.000364675061882,0.000437228631353,0.00036369321324,0.00059130213229,-0.000417602048644,0.000100848348276,-0.000482727386964,0.000559921290031
-0.000208716842861,0.00106759921679,-7.5898580783e-05,-0.000411783826339,-0.000392066047599,0.000357898609258,-0.000684092140511,-0.00174037926842,-0.000251998731306,-0.000901550247208,0.000531374227039,-0.000320192911664,-0.000334625931268,-0.000402210536796,0.000501733335079,-0.000430067201736,-0.00049658445308,0.000305924156573,0.000373140127289,-0.000386683460648,0.000764392583978,0.00013507353024,-0.000110560205018,-0.00037427289934,0.00037275614201,-0.000729167934625,-0.000282959448005,-0.000693158611982,0.000235428420982,-0.000305277527162,-0.00096954813805,0.000477079865882,0.000295144479389,-0.000812738112858,0.000794907020368,-0.000337877545974,0.000563766323293,-0.000594650833005,0.000205180271087,0.000488851108531,0.000477866957032,0.000524502448387,0.000263460138472,0.000280040455028,0.000345897429241,0.000574209005001,-0.000526423175077,5.59403664609e-05,-0.000462110326248,0.000726786259817
-0.000251040838424,0.000961904390802,-0.000116298089309,-0.000283642587639,-0.000431614347601,0.000380302113268,-0.000517034275501,-0.00106119525281,-0.000181991895697,-0.000778665531398,0.000578510806562,-0.00024734881209,-0.000440418589738,-0.000287770322382,0.000403235160035,-0.000375252684583,-0.000472163495649,0.000341991351643,0.000933049739677,-0.000169125271304,0.000969033137761,2.23972632331e-05,0.000111898198187,-0.000348480716835,0.000416716435801,-0.000471871154373,-0.000315277752085,-0.000597723774574,0.000273797292273,-0.000323955826388,-0.000675702128012,0.000368384007506,0.000229208586801,-0.000883496320977,0.000396491600686,-0.000266240797249,0.000660152347682,-0.000597914364315,0.000513788731385,0.000601529715962,0.000250510757834,0.000740746939474,0.000311673895823,0.000487651350372,0.000482928923567,0.000621279298797,-0.000667173825053,0.000173135130798,-0.000495314478246,0.000627592942921
-0.000257566898491,0.000736116083238,-8.96579438308e-05,-0.000308935945552,-0.000342643219652,0.000244830390645,-0.000604096846636,-0.00111438863895,-0.000372316430896,-0.000609242583745,0.000473402605092,-0.000261046937669,-0.000359877161696,-0.000275101968355,0.000460148199082,-0.000372682488153,-0.000444596253906,0.000324685524933,0.00101762980644,-0.000162017921947,0.000848767685872,0.000117343576981,0.000134336609559,-0.000218804512875,0.00035452480491,-0.00057682860855,-0.000309926649959,-0.000593467633611,0.000265801094348,-0.000236288402897,-0.00109823946873,0.00037454735149,0.000299773363858,-0.000697081899008,0.000542319564412,-0.000199115607675,0.000534087434829,-0.000460923769363,0.000473148438273,0.000452177973826,0.000318091427931,0.000534000794514,0.000356641445079,0.000469888266724,0.000463236772218,0.000427571098681,-0.000503789990397,9.50051046128e-05,-0.000392571607553,0.000705227157569
-0.000346382496406,0.00077506995955,-0.000120920750497,-0.000250013854504,-0.00068463771303,0.000440347914918,-0.000632424545865,0.000145069193615,-0.000169502025639,-1.86077025697e-05,0.000684549156382,-0.000308917430715,-0.000311286258245,-0.000528154717702,0.00075726894961,-0.000149774444119,-0.000254681570273,5.2979996934e-05,0.000631667343847,-0.000396955310661,-0.000455187956748,-0.000126800689327,0.000417725335849,-0.000175041734351,0.000728839615085,-0.000207889417126,-0.000461120641043,0.000266069011714,0.000292563121918,-0.000282383945598,-0.00106647264553,0.000387442374231,0.000462002828082,-0.000690488136797,0.000650304064725,-0.000406815206751,0.000641775298651,-0.000543862866137,0.000345394767704,0.000358356403157,0.000476392047141,0.000705995491551,0.000517433000579,0.00065784897211,0.000385135922472,0.000658609911486,-0.000181994866571,-0.000737162630665,-0.000299278259788,-0.000255244692758
-0.000262497977465,0.000983904052028,-3.64142702434e-05,-0.000283729080292,-0.000584832648242,0.000270160986423,-0.000566890061392,-0.00159015389159,-0.000362015668024,-0.000653499726218,0.00054802800782,-0.000282421822602,-0.000340727158204,-0.000261845138934,0.000466471339253,-0.000361554200301,-0.000318990260563,0.000303194815803,0.000583417824649,-0.000230793541317,0.000782858085751,-4.72154097885e-05,0.000275932959961,-0.000315191445949,0.00056656736092,-0.000585922812619,-0.00033503376978,-0.000602170693757,0.000268043262621,-0.000270483564418,-0.00121228387218,0.000222513208886,0.000276887275318,-0.000767911883719,0.000683477027763,-0.000260514501611,0.00044539825949,-0.000465693156329,0.000443712981733,0.000427322571008,0.000273848797439,0.000338190524727,0.000361024681051,0.000364674330583,0.000335969279685,0.000479066368723,-0.000386029511388,0.000111624421692,-0.000410477511186,0.00062432803543
-0.000205627251343,0.00085477266522,-5.97623588888e-05,-0.000319050995842,-0.000448412307233,0.000277664006204,-0.000562228825944,-0.00144067238627,-0.000294084008249,-0.000788445958767,0.000562610791008,-0.000204119529506,-0.000341679625021,-0.000377005614099,0.000477638275522,-0.000359522322693,-0.000359696537072,0.000320869637539,0.000961290499466,-0.000252528104635,0.000735290555305,-6.80721388941e-06,0.000316103333741,-0.000343340467514,0.000406519533336,-0.000486260405428,-0.000361130195309,-0.000477290708981,0.000268521234542,-0.000236435998944,-0.00123285938922,0.000336302578614,0.000337792169746,-0.000623248644411,0.000496978471357,-0.000341105502087,0.000529212524302,-0.000586924974724,0.000399250336315,0.000570569587595,0.000270721021553,0.000525472832659,0.000291399183886,0.000275343576302,0.000346832978733,0.00048781865621,-0.000445481832464,0.000108397459924,-0.00046234975131,0.000533675076862
-0.000266078563389,0.000942606748748,-0.000115802458026,-0.000356910964977,-0.000400228202515,0.000238511476311,-0.000701109111,-0.00169290578982,-0.000279302912226,-0.000525309513418,0.000492656490474,-0.00031991013716,-0.000398892853734,-0.000328570373938,0.000492076187407,-0.000405204517904,-0.000456359046953,0.000369942867839,0.000845896104292,-0.000254384925302,0.000761468347007,9.93394331467e-05,8.478799187e-05,-0.000240793326416,0.000256523902876,-0.00059811345404,-0.000247296261408,-0.000609719760396,0.000282668794059,-0.000265728845273,-0.000835589791223,0.000244319992727,0.000281007685029,-0.000618116605279,0.000755212016778,-0.000292698253273,0.000519505228608,-0.00050861643319,0.000448915634887,0.000489758161409,0.000277943940657,0.000484270600975,0.000351381956793,0.000449946676744,0.00045372728821,0.000548588686787,-0.000482761965755,0.000105767428025,-0.000492139876708,0.000629944946025
-0.000288388859527,0.00071889140086,-0.000123239608582,-0.000329103900296,-0.000492023807301,0.000201801088933,-0.000392604548441,-0.00138538422017,-0.000353133720228,-0.000511196349407,0.000438315266374,-0.000316309254123,-0.000353800468044,-0.00037808418528,0.000460511971847,-0.000374621599987,-0.000264942896759,0.000286025393285,0.0010006463596,-0.000197406110212,0.000709255585544,0.000217365732832,0.000271561473654,-0.000319351597876,0.000427549934189,-0.000566712328329,-0.000371516208879,-0.000511772703529,0.000262096993906,-0.000251752705454,-0.00121828561695,0.000225322848348,0.000360569628513,-0.000660046256721,0.000544616503534,-0.000273755181217,0.000362403625065,-0.000551057419356,0.000411617218551,0.000363947272538,0.000275253506229,0.000427505330584,0.000355757357776,0.000526113471219,0.000423376341894,0.000540657161841,-0.000426981391596,0.000153580257355,-0.000464499923375,0.000535848207458
-0.00024042419594,0.000854201577419,-0.000165513454,-0.000324636546657,-0.000471205283323,0.000250062815708,-0.000452736126495,-0.0012259473169,-0.000319514650598,-0.00056052401913,0.000420870915363,-0.000287163426238,-0.000333732839052,-0.000356503143197,0.000478438787283,-0.000510136549068,-0.00037201893918,0.000294542313229,0.00103223337196,-0.000214494270006,0.000861723331368,0.000157272845586,0.000289508171771,-0.000283600136701,0.000438886186064,-0.000715600781244,-0.000386211360231,-0.000540112380066,0.000264812198302,-0.000290288490205,-0.000957534749688,0.000295920288016,0.000354679879773,-0.000833267555736,0.0006708647483,-0.000257822743053,0.000403863613064,-0.000562419791615,0.000448654995127,0.000447397981865,0.000221051539676,0.000613962732502,0.000370783139637,0.000444224581543,0.000379037714802,0.00051772194703,-0.00049449540477,0.00018918639182,-0.000433271834377,0.000599514753814
-0.000266601579213,0.000972151354045,-0.000140689084829,-0.000331500820305,-0.000522289168758,0.000240678687523,-0.000570768895152,-0.0011329534883,-0.000299758901719,-0.000515630150782,0.000487974497567,-0.000284273380871,-0.000328027713401,-0.000367333565443,0.000467708468738,-0.000392278365336,-0.000424202923809,0.000302436197424,0.00099348096413,-0.0002453854113,0.000960774085167,6.05718959077e-05,0.000246652384396,-0.000279865057691,0.000404897258361,-0.000647338994485,-0.000358476189458,-0.000519301860101,0.000271026134498,-0.000308753016764,-0.000831349356031,0.000287871769148,0.000380899986769,-0.000931257960094,0.000713258182111,-0.000249500289205,0.000389124387157,-0.000596328401334,0.000433424710906,0.000485036727279,0.000276136369581,0.000660740276272,0.000412738695713,0.000448344045402,0.000386207583373,0.000564596394152,-0.000506344473537,0.000160633723777,-0.000418415082327,0.000685486935636
-0.000233537560604,0.00126999480154,-0.000121931525038,-0.000403359930477,-0.000469518565204,0.000311400611184,-0.00063455628741,-0.00171822718398,-0.000276338088965,-0.000858007581223,0.000426168971004,-0.000244409477006,-0.000289032705055,-0.000389557634352,0.000561070660069,-0.000665488088787,-0.000433497875297,0.00039786787677,0.000672703998035,-0.000219188025286,0.00100049887839,-0.000193010145188,0.000256769760192,-0.000262760887429,0.000289442167594,-0.000694339625665,-0.00029996438631,-0.000701834373623,0.000283848225784,-0.000276343251341,-0.000721452472799,0.000502244676315,0.00020943628548,-0.000662455920734,0.000596821006403,-0.000422659849495,-0.000235313590613,-0.000526912276474,0.000440420496966,0.000633091294127,0.000377222369585,0.000552735205231,0.000426275500262,0.000531899608787,0.000437647737104,0.000512697467558,-0.000485084708086,0.000149210492624,-0.000388956831773,0.000784913208474
-0.000235991433634,0.000761373175867,-2.54951644267e-05,-0.000309953604285,-0.000520675926661,0.000298790773101,-0.000514328189943,-0.0014103298649,-0.000417197390609,-0.000716783646185,0.000525869349819,-0.0003198327608,-0.000387799109797,-0.000344452685961,0.000341560109848,-0.000371978890191,-0.000388912373949,0.00035249850034,0.00044519293782,-0.000266320857849,0.000935546429602,0.000134635004015,0.000227061782364,-0.000231176854941,0.000461285054514,-0.000551409563093,-0.000436027555948,-0.000529643937503,0.000263332566516,-0.000260946810643,-0.00134699971877,0.000413706213686,0.000281202860401,-0.000645390796507,0.000679925977981,-0.000355203163142,0.000517370214557,-0.000554818355184,0.000504362725924,0.000355106052939,0.000261137211682,0.000432443246943,0.000369373010339,0.000596420012897,0.000464865930609,0.000500141550884,-0.000485059373234,0.000181933837129,-0.000410705514814,0.000536556913123
-0.000279421360129,0.000830850232993,-0.000107926204187,-0.000325269159338,-0.000595433598303,0.0002154844786,-0.000271665376965,-0.00147264354802,-0.000413993682426,-0.000520632213051,0.000494964674911,-0.000301169473539,-0.000359822592099,-0.000330030247595,0.000495141130886,-0.000390144341239,-0.000421487860296,0.000318968336766,0.000759115251038,-0.00027297602213,0.000930436747827,0.000117540297789,9.41722900693e-05,-0.00027158286331,0.000401758411449,-0.000373884869501,-0.00018072977063,-0.000605860847458,0.00028130959573,-0.000274517126193,-0.00127583879916,0.000230812190735,0.00030315276855,-0.000770483741358,0.000575002107128,-0.000240685306136,0.000287274147039,-0.000541797245147,0.000390722466449,0.000487951205073,0.000295389383141,0.00054598043685,0.000340312487415,0.000380249968571,0.000320067112167,0.000500915337905,-0.000356745112101,0.000133390807891,-0.000410644636705,0.000763366585121
-0.000176722900969,0.00156852431721,-5.5578911954e-05,-0.000345894368458,-0.000525969968089,-0.000207843090823,-0.000848449948971,-0.00217182100827,-0.000160905353737,-0.000871243149984,0.000215674051524,-0.000310538862788,-0.000386419408597,-0.000480956042151,0.000555632309837,-0.000262467589039,-0.00078119332743,0.000397735958596,0.000466811903422,-0.000343773081783,0.00130209476929,-0.00050645837246,0.00029132133144,-0.000434655865761,1.58134580195e-05,-0.00106133081046,-0.000348509070524,-0.000979913776538,0.00030119069028,-0.000321922727777,0.0006373319704,0.000287285690363,0.000300634130966,-0.001367788769,0.0010350955499,-0.000262533180479,0.000683856466669,-0.000617648704887,0.000355251346426,0.000963611849175,0.00037478661949,0.000630628495388,0.000460343318559,0.000434355038843,0.000265416132614,0.00086235039225,-0.000917540464105,0.000214326238371,-0.000413313048774,0.000958417841488
-0.0016602488061,-0.00284059991853,-0.000640255449858,-0.000226526906313,-0.00374192302074,-0.00431807513281,0.00213732973927,0.0224084419926,0.000648995705126,0.00382321233023,0.0029609951541,-0.000727736421292,0.00126243993062,0.00180389926013,-7.66811616727e-05,-0.00107372353358,-0.00184092818089,0.00025928922549,-0.00200901859109,0.000179046953868,0.000496759708301,-0.00126620917054,0.00043586261803,-0.00108805954245,0.00110815120073,0.00536546713719,0.00108117643371,0.00191758425871,0.000208220723676,-0.000802118685656,0.00639951301455,0.00203608163522,0.000987574109163,-0.00246434329152,0.000914186312641,-0.000123192205635,0.000213326341261,-0.00173734969612,0.00112128154781,-8.01243775998e-05,-0.000680641046018,0.0015340077125,-4.96282698658e-05,-0.000910543700409,-0.000583980767621,0.00122849086043,0.00152503865352,0.00145690129786,0.000300977315666,-0.00055923411422
-0.00053369575379,-0.00150150697751,0.000161799516595,-0.000383187598868,0.000150659181788,0.000187782249091,0.000373600013208,0.00386127163473,-9.17249235155e-05,0.000497022819081,0.000681523553603,-0.000284319129938,-0.000514882523198,0.000215172136703,-0.000663826359901,0.00178890440218,-7.4804187719e-05,0.000122399165844,-0.000473648975518,-0.000202410350163,-0.000155133472739,0.000950209046222,0.000243182779688,-0.000370962459475,0.000806585015951,0.00149029338796,-0.000199126006595,0.000426566197151,0.000109112972365,-0.000436288476019,-0.00254207497141,0.000536434327522,0.000158394770996,0.000324406474049,-0.000672935509108,-0.000295654125085,-0.000312363167812,-0.000769430549164,0.000220263920515,-0.000292420428069,0.000299311307156,0.000497140334739,0.000741577716374,0.000381883207922,0.000519321626967,-0.000679282746519,0.000285182510843,0.000297910969393,-0.000182732765439,-0.000421295265712
-0.00168981022167,-0.0396183409007,-0.00375419777812,-0.0017433843547,0.00686651124191,0.00808372449559,0.0119656306185,-0.00356928090847,5.99041151001e-05,-0.000599073552315,-0.00819730919559,0.00073468824239,-0.00926272994439,0.00872008304616,0.00396945937095,0.0121952505487,0.0166245266625,-0.00208306460743,-0.00741212636248,-0.00128402543569,-0.0230578455638,0.00462238444559,-0.0119384915353,-0.000694970816801,-0.0311036319121,0.00765483540502,0.00421106976967,0.000975800584452,-0.000826377356762,-0.00106332074264,0.0226902915908,-0.0107152541785,-0.00314484681454,0.0124246171552,-0.0264321358807,-0.00383179866407,0.000328929644337,0.00163606762209,0.00200399296065,-0.0291189538765,0.00374739144287,-0.0263237128845,0.0130257735726,0.00914266934345,0.00922930242371,-0.00758140917746,0.00306706507117,-0.0035603782369,0.00364621772892,-0.015175985004
-0.000188190336092,0.000383235912487,-0.000103646621918,-0.00028663882533,-0.000564883363759,0.000173713269384,-3.55852699069e-05,-0.000562280796935,-0.000323723326108,-0.000515682485993,0.000470905774543,-0.000234153821181,-0.000303811831152,-0.000214870108633,7.39479102522e-05,-0.000117865236414,-0.00026072317765,0.000165306871912,0.00121674544927,-0.000256761068124,0.000546582535051,0.000302935585165,0.000204050692176,-0.000298763861988,0.000456364553698,-0.000169596847609,-0.000272254790943,-0.000194979488236,0.000237747370372,-0.000146986719239,-0.0011128461509,0.000285932834421,0.000315963376229,-0.00016661583527,0.000183986123087,-0.000236405118784,0.000226447469037,-0.000411570424549,0.000248673897177,0.000257234627484,0.000197179220328,0.000409680209801,0.000247791426985,0.000307967121668,0.000214024008921,0.000362219156086,-0.000241871145623,4.93129610973e-05,-0.000375493486468,0.000308232235089
-0.000209616029908,0.00102389374349,-0.000123380461918,-0.000415636034187,-0.000449704773271,0.000233449109073,-0.00063152129847,-0.00178745116927,-0.00030038613172,-0.000709520297148,0.000491576664229,-0.000273028180212,-0.000460692420742,-0.000302425349688,0.000478942792826,-0.000463594692635,-0.000175177807438,0.000396420361045,0.000867466525872,-0.000300610716434,0.00101302947656,-8.90412587058e-05,0.000296026177005,-0.000367357694056,0.000371751513922,-0.00075319426374,-0.000191068561075,-0.000815638304199,0.000263928681487,-0.000245166109672,-0.000574606054795,0.000334024741004,0.000324322609423,-0.00069560799638,0.000598744071366,-0.000306342928924,0.00060433216298,-0.000497302481679,0.000589609539232,0.0006228698961,0.000439445422775,0.000441825971549,0.000369033569094,0.00044618525478,0.00062944216739,0.000435249788323,-0.000463982835648,0.000111419767019,-0.000448005395593,0.000683063511277
-0.000267506079256,0.000876082226988,-6.11897343107e-05,-0.000359323090224,-0.000623251413473,0.000261098887083,-0.000409942299218,-0.000961311749238,-0.000356260196145,-0.000566064127642,0.000592369127762,-0.000255745699018,-0.00023517856261,-0.000339790748766,0.000491992478357,-0.000375528250662,-0.000402326818041,0.0003187330995,0.00104859844777,-0.000203958344862,0.000930378245798,0.000111465615841,0.000324004481073,-0.000294532616052,0.000460489455043,-0.000571542071687,-0.00031598279698,-0.000342567326906,0.00025964609238,-0.000261777564902,-0.000853285594024,0.00034417211936,0.000352789524154,-0.00074686856404,0.000480957983377,-0.000205332130386,0.000424692076269,-0.000456787385335,0.000390675223426,0.000465582838227,0.000315325714653,0.000658495014414,0.000347049302273,0.00032934922477,0.000299784631464,0.000513546397153,-0.000429455992354,0.000227419051448,-0.000381779605685,0.000737646205785
-0.000191584344792,0.000996119611863,-0.000129471979187,-0.000307326802475,-0.00041404162607,0.000290653876175,-0.000463575524106,-0.00172709747282,-0.000314395631716,-0.000699811538332,0.000559343448607,-0.000280787510394,-0.000382882377755,-0.000421616241561,0.000433238625025,-0.000224133655241,-0.0004421635891,0.000351804249465,0.000723312600132,-0.000247700402969,0.000971771845498,-2.30869715601e-05,0.000320728920507,-0.000264353365233,0.000406586223481,-0.000712275953228,-0.000379306689333,-0.000593349797131,0.00025476631382,-0.000279931524506,-0.000783510675159,0.000433985424461,0.000328098005055,-0.000788583518419,0.000676941663274,-0.000343147381759,0.000396295054293,-0.000581807466516,0.000501709224354,0.000581314680165,0.000355333385749,0.000625245675419,0.000433250666961,0.000525002900083,0.000457716080782,0.000564262862926,-0.000457053151673,0.000173157430059,-0.000423378496971,0.000551787812545
-0.000231483025926,0.00130946414078,-0.000132417105663,-0.000335817990527,-0.00048047433922,0.000320050552903,-0.000707879637991,-0.00162498211867,-0.000286556105826,-0.000754762394821,0.000496789907303,-0.000189746273958,-0.000296041167504,-0.000408524649055,0.000535098428128,-0.000485832725371,-0.000487413285284,0.000326921703436,0.000922613951228,-0.000296069184947,0.00100114904151,-5.30841809436e-05,0.000288739085625,-0.000364500135792,0.000421512233135,-0.000693847422556,-0.000278818706969,-0.000658654967728,0.000263234140676,-0.00027672072126,-0.000466141276306,0.000298263092507,0.00025994466062,-0.000839598324431,0.000697422417869,-0.00026894403087,0.000609767057394,-0.000522512029667,0.000234000655243,0.000491774834856,0.000309770752738,0.000354968561775,0.000383543762804,0.000392951559578,0.000379629755176,0.000650561131428,-0.000605201760354,0.000145665668138,-0.000451434855151,0.000635730213244
-0.000178284422276,0.00118792667828,-1.06114874104e-05,-0.000294716479695,-0.000399999635545,0.000588845659083,-0.000774088804599,-0.00177997854663,-8.88735919748e-05,-0.000715179456485,0.000542434343626,-0.000299749255788,-0.000363820336969,-0.000368613212736,5.36421638388e-05,-0.000602709309898,-0.000568947864489,0.000395375741086,9.29688418932e-06,-0.000362051866875,0.00118247424306,-0.000640533888476,0.00018563107612,-0.000421239558435,0.000342358917635,-0.000867172977711,-0.000257271399454,-0.000868506220099,0.000282485497038,-0.000275262298539,-0.000331730622178,0.000505743469186,0.000396224420822,-0.00102043790318,0.000621644861754,-0.000326388629076,0.000594869634621,-0.000635775016212,0.000581684591602,0.000604922754963,0.000324816738788,0.000621728908127,0.000335110648646,0.000490453636803,0.00058761133219,0.000442264768902,-0.000820735063742,0.000165985978762,-0.000405304997732,0.000758376251881
-0.000151398779675,0.00137479486299,-0.000102753781589,-0.000364025144784,-0.000450176575238,0.000520046716764,-0.000821013658547,-0.00171248268534,-7.31220350016e-05,-0.0008167214506,0.000583623350336,-0.000240347387121,-0.000370059612292,-0.000310625769666,0.000355744445348,-0.000469397348148,-0.000641034464871,0.00043691899385,-0.000114485195068,-0.000341833165278,0.00117848466312,-0.000402453418807,0.000233930810496,-0.00038721829274,0.000218466629817,-0.000646732021083,-0.000253222225152,-0.000737506910498,0.000280197787094,-0.000311150565777,-0.000311756413605,0.000484787660456,0.000364843337725,-0.00102065050299,0.000555466739777,-0.000360656964949,0.000733165797021,-0.000569336955629,0.000591872834519,0.000807712012815,0.000240361809451,0.000686925464249,0.000365055479838,0.00052768735379,0.000573555178567,0.000594194013329,-0.000726483032435,0.000191340385662,-0.000359875511518,0.000927448001436
-0.000212466770797,0.000905678857446,-5.69773786685e-05,-0.000324478262344,-0.000466171814236,0.000370421517114,-0.000487305977308,-0.00150651000143,-0.000309466000064,-0.000854781545682,0.000522071478862,-0.000262359611435,-0.000359322041445,-0.00033150060099,0.000343154553378,-0.000270146169862,-0.000370677383581,0.000259572364433,0.000538336826091,-0.000176933533997,0.000963039433693,0.000119749604586,0.000217062210062,-0.000310139784902,0.000508064682015,-0.000574608855295,-0.000278380050082,-0.000617843237312,0.000261672048482,-0.00027649455082,-0.00128803343812,0.000225230261677,0.000349047332088,-0.000497378643956,0.000671363400894,-0.000364664584085,0.000645757644711,-0.00055591543695,0.000312701768173,0.000512120192998,0.000356305231305,0.000492065173213,0.0003616675829,0.000404470323746,0.000480446797716,0.000565865135632,-0.0005012443396,0.000176498725805,-0.000377877992476,0.00074023581521
-0.000272204043964,0.000964591914694,-5.61484018027e-05,-0.000315572705153,-0.000477681956635,0.000279053873553,-0.000478111882783,-0.00130290252435,-0.000294525469221,-0.000699361543386,0.000551217486446,-0.000266170327007,-0.000365220195461,-0.000303159998615,0.000475162631535,-0.000394495153703,-0.000386079863875,0.000357866499019,0.00103115515841,-0.00023653121967,0.000761918673933,0.000122484051749,0.000232959558906,-0.000291416353575,0.000481584107044,-0.000601643154457,-0.00016379456982,-0.000650773439585,0.000246252051864,-0.000235664754988,-0.00122816792998,0.0003118422109,0.000303438657256,-0.000666105364288,0.0006201156335,-0.000260702467365,0.000475844855968,-0.000457456840017,0.00043373308705,0.000422648414619,0.000286243055013,0.000439246622515,0.000299399299653,0.00051588337343,0.000388814386591,0.000471389687467,-0.000539142638388,0.000150490579152,-0.000360746762468,0.000519548133463
-0.000388555762035,-2.64680026314e-05,5.22144924427e-05,-0.000278380504553,-0.000554364512538,1.64335983852e-05,-0.000571584836975,-0.00151161748343,-0.000612294127938,-5.11980788e-05,0.000631962356983,3.1376420038e-05,-0.000151604271929,0.00130277764763,0.000456582055323,-0.000883006079175,-0.000429356748276,5.52322829171e-05,0.000161317612702,-0.000281701778069,0.000642178298288,0.000373141084283,0.000634576463805,-0.000194304577442,-0.003872612552,0.00046003113328,-0.000228653135461,0.00026771226865,0.000283707088758,-0.000286680076098,-0.00270726255763,0.000613601491337,0.00072054400769,-0.000155628562731,0.000672724990727,0.000465286444275,0.000391137324988,-0.000671556062498,0.000999939129686,0.000569327093482,0.000179887807466,0.000524773212964,0.000125438441359,0.000607177744483,-0.00205539036974,0.00030733606864,0.000769972768431,-7.52775574044e-05,-0.000550614879817,-0.000351059240065
-0.00141903391021,0.00356514790232,-0.000998441655377,-0.00151492333878,-0.0032547923679,0.00045321241676,0.00313539510345,0.0302914679442,0.00455883737397,0.00439648786057,0.00234983397149,1.1473588063e-05,0.000637127184261,0.00055457679295,-0.000373176743306,0.0048602581506,-0.00362323649009,0.000346664676806,-0.00205373183749,0.00124558370473,0.00629510474451,-0.000203302438648,0.00103674624561,-0.00149976831441,-0.000912560134765,0.00159722418613,-0.00354266121155,0.00132009767141,7.75723147261e-05,-0.00123415176007,0.0202607652034,0.000563777081012,0.00188579755325,-0.00847428669149,0.00600608644833,0.00115705709273,0.00275834021559,-0.00318961044731,0.00192234855862,0.0032422934591,0.00131356082075,0.00748075875874,0.00249442650463,0.000994472067855,-0.000739649602813,0.00486002034086,-0.00346476328876,0.000620536536781,-0.00155526498389,0.00262425574227
-0.000200551428705,0.000885271833167,-0.000176886249741,-0.000390036162652,-0.00034427920436,0.000314465657057,-0.000412581856987,-0.000949824364447,-0.000218778935042,-0.000600409977435,0.000466853743601,-0.000351283392292,-0.000418246382663,-0.000324310043829,0.000348353368546,-8.55987109425e-05,-0.000569699293799,0.000317844474229,0.00107723282383,-0.000290283119711,0.00066055929757,0.000202299179886,0.000245194435136,-0.00023725094057,0.00042816573258,-0.000336804637706,-0.000251557127299,-0.00071038414878,0.000288867004044,-0.000237312639112,-0.00103521332876,0.000267142998768,0.000323045166321,-0.000755737140313,0.000684585629864,-0.00030368060859,0.000172688109455,-0.00067680374819,0.000579076342157,0.000359663245458,0.000328952233579,0.000569206530837,-0.000164170942763,0.000461198759146,0.000472247580785,0.000359563638641,-0.000618741264303,0.000292578187963,-0.000192625907045,0.000544107850246
-0.000199455664627,0.0011123913392,-0.000186035462106,-0.000340211961922,-0.000550846903903,0.000275180322797,-0.000680135915531,-0.00136865954942,-0.000291083156947,-0.00066220022465,0.000361399532609,-0.000276462551401,-0.000325064945415,-0.000342150726561,0.000479740119366,-0.000460811616248,-0.000433423899381,0.000340482290417,0.00103304698895,-0.000286820779088,0.000871791470358,-1.87529396465e-05,0.00033665246329,-0.000265801726768,0.000332237712735,-0.000596535017183,-0.000337672154124,-0.000653148558254,0.000281639147615,-0.000308512405833,-0.000616293426484,0.000312679688233,0.00035160178485,-0.000881185888917,0.000730710608947,-0.000286335937115,0.000568570707044,-0.00053712202178,0.000460556139645,0.000546003366447,0.000259072614441,0.000582146950989,0.000432877510151,0.000413045621672,0.000419501048588,0.000640764139982,-0.000553110959457,0.000140084021863,-0.00050196180386,0.000722472833617
-0.000256173683372,0.000811667212999,-0.00013430497332,-0.000403973405555,-0.000522083201196,0.000430964786403,-0.000495879674002,-0.00096081907948,-7.7864491024e-05,-0.000370401232295,0.00046409913617,-0.000347686673208,-0.000352300759566,-0.000354347209782,0.000442289627543,-0.000337028775261,-0.000389699814868,0.000347745625527,0.00105534066186,-0.000231647068557,0.000898030042478,4.9561245961e-05,0.000202360920756,-0.000225223401729,0.000381087517518,-0.000423915881158,-0.000484055165435,-0.00047087036921,0.000250887050153,-0.000257080146595,-0.000969858062545,0.000274564230897,0.000310509612627,-0.000810824796839,0.00069090506816,-0.000299362535891,0.00056907995997,-0.000500875217045,0.000458330772304,0.000620874978481,0.000314208780059,0.000577341629503,0.000381535674349,0.000407881830278,0.000461298022595,0.000593918624439,-0.000470524907914,0.000178262931666,-0.000340076074076,0.000738334733247
0.00721906133179,0.0249091448484,0.00265915224779,0.00943177454626,-0.00896133976435,0.00720651032285,-0.00368511071967,0.00680824850379,0.00194240511751,-0.0393453000356,0.00431626417433,-0.0214977769598,0.00118110323145,0.0147872169931,0.0124120475591,-0.013047162769,-0.00874982106638,0.00490382463908,-0.00171469811701,0.0149971624781,-0.0099012629683,-0.000443230191209,-0.00319339269407,0.0413730690063,-0.00574850044929,-0.0244058082824,-0.00737298118857,-0.00101938502897,0.000223388760046,0.00928290864813,0.0298974516352,-0.0030618202158,0.00593686475453,-0.0176124519182,-0.0686457256224,0.0111816738369,0.00805410100895,0.00304658247164,-0.036793857672,0.00808570516132,-0.0049642310164,-0.0251906023989,-0.00314717524369,0.00463060163153,-0.0275613836119,0.00404570133289,0.01702568805,0.00960240901196,0.00919715249001,0.0205235040867
-0.000254870933312,0.000905938720539,-0.000101133397642,-0.000374345896853,-0.000412265175791,0.000362114214574,-0.000385343192924,-0.00142666385948,-0.000387287044455,-0.000579470044164,0.000498168848376,-0.000202942256633,-0.00035426548543,-0.000324211229457,0.000424492583697,-0.000338604197027,-0.000463761331355,0.000339224073226,0.00100679592757,-0.000266991235371,0.000901316723895,4.6856067819e-05,0.000187304014745,-0.000321912528753,0.000512371450504,-0.000548228108813,-0.000305957617265,-0.000601837436744,0.000261435890984,-0.000248954605448,-0.00107691650032,0.000413148518347,0.00031359717582,-0.000659019814453,0.000402217458225,-0.000228667416557,0.000449187849567,-0.00046052328844,0.000374336368023,0.000491130187523,0.000276390954436,0.000524449637365,0.000295291104557,0.000332298293401,0.000376993706592,0.000512284673727,-0.000303995553047,9.93257625968e-05,-0.000465388522544,0.00078052089509
-0.000255074031671,0.00105917102024,-5.86149806315e-05,-0.000309231135976,-0.000404464519109,0.000314522240589,-0.000450628718395,-0.00144192199904,-0.000331119205891,-0.000605021304872,0.000569272611886,-0.000244463634293,-0.00030945711631,-0.000345315676265,0.000374386019777,-0.000414844464305,-0.000342987890434,0.000291894848064,0.00102529589633,-0.000301753343544,0.000430402314539,8.18960117369e-05,0.000241648317599,-0.000299338900454,0.000367488737344,-0.000499339029041,-0.000281554219326,-0.000363412856545,0.000288063195195,-0.00026145298654,-0.000985269055634,0.000344373039621,0.000278539130663,-0.000808666664689,0.000548929506378,-0.000309116141471,0.000535613087919,-0.00061277829941,0.0003526378538,0.000539816299064,0.000259298853142,0.000539891559085,0.000297383391541,0.000389807193894,0.000345698449293,0.00052684719723,-0.000441987249692,0.000175090756409,-0.000328026429459,0.000788125088364
-0.000219749390703,0.00093861169477,-0.00011918262779,-0.000306994151117,-0.000317476675464,0.000307416301592,-0.000465616643383,-0.00136375974835,-0.000331765343382,-0.00053524314725,0.00049255408651,-0.00028900009806,-0.000300610782855,-0.000306555485727,0.000346756681604,-0.000379560752587,-0.000280723564748,0.000290060102705,0.00103468018973,-0.000250410025389,0.000856234193786,0.00020393904262,0.000264228615505,-0.000303178904435,0.000403400847882,-0.000436905385471,-0.000251527273003,-0.000560641636198,0.000270004926095,-0.000236910021869,-0.00126085918085,0.000372849947852,0.000282347335294,-0.000630322150385,0.000637534466825,-0.000300400165178,0.000488237469767,-0.000490986548563,0.000438090035721,0.000355659226696,0.000221125649079,0.000493300776229,0.000351442485609,0.000468338780753,0.000443142133146,0.000517390136771,-0.000402470440812,0.000126436161919,-0.000419987030518,0.000611541766233
-0.000201071662639,0.00101289880904,-8.98850219518e-05,-0.000351774946968,-0.000478353704969,0.000292268199038,-0.000563714564578,-0.00155491606243,-0.000275989331058,-0.000777495186837,0.000592489795258,-0.000185829081281,-0.000395286641831,-0.000340476169901,0.000455510109719,-0.000479196306138,-0.000418625509221,0.000326721176498,0.000831493694604,-0.000197860702254,0.000924350568905,-4.82975925799e-05,0.000178357509198,-0.000299504509462,0.00040610675534,-0.000674919620688,-0.000193314010375,-0.000657409758188,0.000290648055346,-0.000248646090061,-0.00088530308136,0.000382988954399,0.000354370344984,-0.000743840680597,0.000538910334344,-0.000318372061349,0.000433364751887,-0.00047824946336,0.000460108252473,0.000606817736801,0.000314000799406,0.00052622075832,0.000384686242745,0.00044528022638,0.000408571132658,0.00054289042697,-0.000487068422646,0.000252549875174,-0.000285318202085,0.000568618346741
-0.000251941415955,0.00114500258396,-9.33781332104e-05,-0.00028893584525,-0.000406366466725,0.000298081291221,-0.000767052182922,-0.00161253473834,-0.000291886263864,-0.000599144782021,0.000566594202833,-0.000264218814792,-0.000269689837145,-0.000381255033144,0.000514055734639,-0.000462556482972,-0.000516963127876,0.000299006949371,0.000984901246056,-0.000247205970732,0.00069407971796,-0.000203015747562,0.000282728787734,-0.000337886888354,0.000340308502326,-0.000506983339294,-0.000234425676368,-0.000529420605809,0.000266289509877,-0.000259773066529,-0.000653044743486,0.000446196191506,0.000352016998483,-0.00103757965391,0.000588496137911,-0.000245513802311,0.000518704105492,-0.000471516335684,0.000540575154943,0.000661359007012,0.000300187130953,0.000538077706706,0.000376158264413,0.000347968544654,0.000413066897595,0.000427152341938,-0.000509607955151,0.000161327580159,-0.000410354000387,0.000759232956124
-0.000174506959112,0.00158808792039,-9.45881553648e-05,-0.00032893441917,-0.000305095594235,0.000336915383391,-0.000775777341079,-0.00217376376917,1.85485453772e-05,-0.000926384053884,0.000489672715394,-0.000222860947124,-0.000300830878433,-0.000395919469594,0.000675902355858,-0.000475444696432,-0.000585767818318,0.00033465191811,0.000479976826272,-0.000376646646202,0.00117673861254,-0.000354016505946,0.00031598210248,-0.000325256982365,-9.04906202613e-05,-0.00097912186416,-3.74756025417e-05,-0.000821795312145,0.000276979410449,-0.000269902408701,0.000174699085481,0.000584516991185,0.000204439232333,-0.00107430585566,0.000679540810588,-0.000263311577052,0.000258977244108,-0.000516193334673,0.00042759205992,0.000744941332836,0.000422568185997,0.000533065510105,0.000387014629547,0.000548547338778,0.000435570393781,0.000789717771155,-0.000762252059299,0.000135773145602,-0.000418511701069,0.00103142630618
-0.00027639368503,0.0011002602251,-6.01643772391e-06,-0.00034562986965,-0.000581377488032,0.000361230095809,-0.00052332865326,-0.00130802378852,-0.000208922172226,-0.000770117617312,0.000604776236795,-0.000300629243808,-0.000360151385059,-0.000330105852625,0.000447200450109,-0.000248184037326,-0.00052292976149,0.000360619296107,0.000908748779918,-0.000264562102123,0.000905542324697,2.88445494832e-05,0.000321224820623,-0.00031632406648,0.000362026774554,-0.000456119720349,-0.000321138611544,-0.000616991354324,0.000273609206256,-0.000315269311154,-0.000689550421494,0.000236824822735,0.000281855354081,-0.0008995967972,0.000669126856615,-0.000340797693359,0.000605125342088,-0.000509420333661,0.000598210869573,0.000499771274859,0.000304430206411,0.000430436785031,0.000343433882033,0.000445749517614,0.000471771744114,0.000535251524787,-0.000484518458066,0.00015288033281,-0.00038311882648,0.000641510160865
-0.000225547249918,0.00113248824155,2.15679129493e-06,-0.00036671406551,-0.000387024946331,0.000355146857557,-0.000644442987538,-0.00177992033289,-0.000235204856544,-0.000868820874996,0.000655850726004,-0.000286691824493,-0.000347156764272,-0.000399909696127,0.000477903432885,-0.000290213103748,-0.000456612778452,0.000345437672849,0.000935203396796,-0.000241455784603,0.000942213281997,-0.000139894572374,0.000214007042435,-0.000318325575054,0.00036813577552,-0.000608525818636,-0.000264641199113,-0.000763337806946,0.000274714538847,-0.000262309515904,-0.000539037260074,0.000406575080135,0.000288868220083,-0.000809761565742,0.000526882691869,-0.000293008402439,0.000484277441172,-0.000548702847921,0.000353242654289,0.00054937283686,0.000312589083108,0.00042606437814,0.000335497262377,0.00047012562356,0.000538153828752,0.000510136177248,-0.000740404461521,0.000184239772591,-0.000387758908972,0.000891216511309
-0.000179269722809,0.000918238698292,-1.92590288625e-05,-0.000342290429961,-0.000346733511545,0.000395742894521,-0.000607402907413,-0.00165039232301,-0.0002709041908,-0.00069679303396,0.00066324326577,-0.00027863166759,-0.000374103402026,-0.000406909458863,0.000469460653135,-0.000432352306785,-0.000486572329118,0.000323491656968,0.00100534030283,-0.000223215753084,0.000983418030368,-8.25681808347e-05,0.000237879674312,-0.000253086818199,0.000415964472475,-0.000590678096627,-0.000248127914735,-0.000649689533562,0.000270588187667,-0.000254056192966,-0.000761617891651,0.000316176882989,0.000249068858839,-0.000674054811062,0.000656993112134,-0.000343093025848,0.000593791455731,-0.000540472333274,0.000454437202666,0.000540152254077,0.000319488149694,0.00054839421617,0.000352506141559,0.000534678947766,0.000497173652285,0.000528522304007,-0.000683362421062,0.000142123600819,-0.000382813388873,0.000847530653122
-0.000276742271367,0.000856639549677,-7.60426492899e-05,-0.000316245952747,-0.000441355379263,0.000275513502654,-0.000575600272643,-0.00176643371944,-0.000316668427569,-0.00105785903532,0.000560847684386,-0.000317160771457,-0.000476467021655,-0.000374605769343,0.000454980167983,-0.000462002194725,-0.000339588993378,0.000371952450116,2.65984735938e-05,-0.000326908473143,0.000851609359681,-1.91682925133e-06,0.000217984888667,-0.00027721577798,0.000470335835059,-0.000482660949777,-0.000240631459121,-0.000704530954198,0.000276108475986,-0.000265434049161,-0.0012903905702,0.000267689758838,0.000334412334676,-0.00072164567879,0.00072418666316,-0.00045676752161,0.0005591088712,-0.000571670901492,0.000447230968648,0.000479431037518,0.000316269253274,0.000198862118556,0.000265997286754,0.000585673751799,0.000587129669691,0.000454098484719,-0.000510735095915,0.0002219880252,-0.000387476713726,0.000595692701846
-0.000251225355911,0.000947596751275,-0.000111180561075,-0.000370500780366,-0.000506037131217,0.000297415836953,-0.000455202785259,-0.0014898290979,-0.000363959406196,-0.000532374019297,0.000459408154115,-0.000273593972191,-0.000344887876525,-0.000311599976029,0.000432114042067,-0.00032140652076,-0.00036315725524,0.000314260320225,0.000170496911939,-0.000275873853555,0.000791140147485,0.000142476776478,0.000198696165159,-0.000280015721614,0.00038616118406,-0.00050692062244,-0.000295651848031,-0.000532179743244,0.000263127415601,-0.000289205411025,-0.0015403315555,0.000336583635732,0.000352026922715,-0.000611588873021,0.00053875287266,-0.000261856415126,0.000329875253909,-0.000448629116478,0.000382155825164,0.000490997181783,0.000308354194303,0.000458878961394,0.000333475763725,0.00033647025279,0.000346588828915,0.000475934389343,-0.0002842229876,0.0001103414834,-0.000398511101156,0.000651682914432
-0.000218653491381,0.000956719569309,-8.17273354538e-05,-0.000355622069964,-0.000471286205934,0.000295300157772,-0.000523005894779,-0.00159707876397,-0.000314447009496,-0.000778912313451,0.000498862031166,-0.000265232125865,-0.000447974732091,-0.000376435046055,0.000483981917203,-0.000304699637617,-0.000366582306104,0.00028580004005,0.000971633482377,-0.000248782417331,0.000923214608595,0.00015578640422,0.000184133348258,-0.000198177581411,0.000368322202103,-0.000428745184002,-0.000245973078863,-0.000680958214124,0.000258196622472,-0.000246161037796,-0.00110478668593,0.000331077557641,0.000270477007281,-0.000634510163901,0.000610079376889,-0.000262533591374,0.000567635452516,-0.000437141530309,0.000441663422313,0.000316492232865,0.000288691971563,0.000383068741322,0.000358376594948,0.000427597650893,0.000390335543655,0.000572237396296,-0.000402064409572,0.000194670256577,-0.00039578839624,0.000600737587518
-0.000184908831434,0.00082836507072,-4.12594029984e-05,-0.000371545939455,-0.000394232065498,0.000335140650433,-0.000583398513259,-0.00169934732557,-0.000273884621571,-0.000857862495951,0.000544247744989,-0.000236498697255,-0.000339145183298,-0.000363839637526,0.000383565198842,-0.000488123418419,-0.000326678445068,0.000308535129469,0.000920834578385,-0.000188612691524,0.000879240378486,1.19877756686e-05,0.000186067926031,-0.000289579220742,0.000489077876757,-0.000660193557509,-0.000332275764304,-0.000555348587891,0.000257674229237,-0.000228710359435,-0.00111387490875,0.000326404953465,0.000241488614698,-0.000778522517972,0.000283657997219,-0.000380406716472,0.000542763841237,-0.000590833199609,0.000324688253912,0.000428796423077,0.000242274431174,0.00028877078617,0.000319870730616,0.000535036945739,0.000548331639219,0.00044055723001,-0.000634863191188,0.000115444674972,-0.000381007936783,0.000774670015202
-0.000258789365521,0.00109156745895,-4.47305472629e-05,-0.000342345615949,-0.00042780280141,0.000315250937954,-0.000686885809979,-0.00229929700421,-0.000457115480002,-0.000987700459102,0.00065690718767,-0.000310314985476,-0.000536458008664,-0.000409458862563,0.000551397945449,-0.000338996982214,-0.000461024907511,0.000356041595247,0.000950267940374,-0.000404754520339,0.000961831328055,6.56424420595e-06,0.000346681855701,-0.00034723164168,0.000766444682028,-0.000546912188473,-0.000358802936147,-0.000740785821233,0.000271638853545,-0.000492397712085,-0.00207079323099,0.00043840621193,0.000299686209027,-0.000799587568248,0.000607871930468,-0.000395370491921,0.000555563679062,-0.000619906194092,0.000518302412009,0.000533481642205,0.00038464324366,0.00048234303537,0.000410877440782,0.000578079662812,0.000539134357908,0.000543896928751,-0.000530759773915,0.000159689670974,-0.000453211707343,0.000751066906175
-0.000257909163808,0.000903541860979,-7.29878130429e-05,-0.000311359371846,-0.000421770551345,0.00034387649002,-0.000539347078226,-0.00167063924753,-0.000276486321635,-0.00069358384307,0.000543798011084,-0.000320704552571,-0.000352453762015,-0.000308949907073,0.000356494855408,-0.000479892267481,-0.000469997820945,0.000343231805655,0.000637898728593,-0.000302428761412,0.000727156959535,-1.66168172861e-05,0.000217507340789,-0.000274998833336,0.000411780119692,-0.000524666997332,-0.000297116104979,-0.000597725628736,0.000277093773752,-0.000271567574409,-0.00134021461304,0.000260291889794,0.000321738728164,-0.000690218223509,0.000590593571173,-0.000343572429294,0.00064399338643,-0.000505850394553,0.000401035949234,0.000600134050778,0.000263128159842,0.000472139217541,0.000235494347177,0.00045591988142,0.000514283405802,0.000508217240249,-0.00027864483556,0.000123981646526,-0.000354836803487,0.000605030634639
-0.000272864882798,0.000873238793046,-0.000128549868527,-0.000265586318691,-0.000587283834161,0.000314306283059,-0.000580113631633,-0.00137519810292,-0.00034751777582,-0.000454888596443,0.000458445895024,-0.000260017514583,-0.000324817434859,-0.00035560277439,0.000481044592081,-0.000358906826658,-0.000434767411238,0.000330547176836,0.000816022397146,-0.000247868935598,0.000878192803456,8.00068834634e-05,0.000224993406664,-0.000308491911316,0.000363371316804,-0.00044552492295,-0.000241898311873,-0.000493951262503,0.000281150108675,-0.000255883320641,-0.00118281039366,0.000316504014354,0.00031271110188,-0.000699148555815,0.000591158940592,-0.000331797069636,0.000423897344133,-0.000521334691305,0.00038959164474,0.000514735329428,0.000235875336401,0.000488191897065,0.000295355888116,0.000381845809549,0.000344210665247,0.000439460059886,-0.000326935302908,0.000132708544816,-0.000460983096605,0.000732217940723
-0.000215729114995,0.0012502047106,-0.000123430582867,-0.00032184151703,-0.000305283450199,0.000216967686645,-0.000671289688003,-0.00199034910823,-0.000286852854613,-0.000972265189814,0.000566276194037,-0.000293026315343,-0.000415026105286,-0.000353363547063,0.000558796260696,-0.000525256158285,-0.000546266902623,0.000403701605152,0.000900994602708,-0.000246762676724,0.0011188847905,-0.000202496099256,0.000158388459186,-0.00029364272125,0.000224187607169,-0.000768768691722,-0.000338026764141,-0.000695129911235,0.000271882435973,-0.000275264893659,-0.000230998191039,0.000461888947366,0.000328352530713,-0.000939952580089,0.000786632731784,-0.000371396288105,0.000652139409948,-0.00051863176364,0.000439125177059,0.000577455007794,0.000379819456869,0.000474463708493,0.000338606508919,0.000562062499506,0.000500389464202,0.00051153736499,-0.000699445745628,0.000128161863432,-0.000357308768436,0.000317979541763
-0.000260170475115,0.0010844125532,-0.000192269196881,-0.000371389378568,-0.000553622214107,0.000239391895452,-0.000571820420387,-0.00181031769024,-0.000254740865639,-0.000758097292924,0.00048343592642,-0.000314539975522,-0.000372877161266,-0.000450108576662,0.000380368581208,-0.000492145994556,-0.000438553126292,0.000410439462097,0.000841988931588,-0.000128268568742,0.00110821149985,-0.000142729285034,0.000264540666192,-0.000268756276844,0.00035659631297,-0.00067900974135,-0.000349050553995,-0.000584601251242,0.000279072814623,-0.000265948090622,-0.000227785516664,0.000530155902289,0.000285305092217,-0.000907806013095,0.000966104388188,-0.000272957942325,0.000759864977797,-0.000594371914035,0.000588495181654,0.000677189796006,0.000375256425177,0.000561344090891,0.000262218773513,0.000458101769531,0.000419528518385,0.000450896760403,-0.000652464222026,0.000176206054075,-0.000434200068505,0.000772802231365
-0.000213992463238,0.00108620364574,-9.74098675768e-05,-0.000378129406986,-0.000427495229586,0.000256681011674,-0.000652392632539,-0.00175230151115,-0.000276759566428,-0.000950134798655,0.000468174812602,-0.000275273049038,-0.000322252631808,-0.000376421063716,0.000533044244039,-0.000471473428985,-0.000446751114557,0.000292914854465,0.000469648018606,-0.000299509714074,0.000841469295673,-5.65114618252e-05,0.000302645659257,-0.000333427600769,0.000450997191343,-0.000580226138251,-0.000251402735149,-0.000550348534347,0.000254809729705,-0.000282034241881,-0.00120212942735,0.000252882959973,0.000299108120497,-0.000600170941805,0.00062859020154,-0.000362321015772,0.000496202775182,-0.000384187619668,0.000400124772746,0.000495100775006,0.000338435348531,0.000286817953918,0.000294105507355,0.000620046828907,0.000541027102471,0.000481292888405,-0.000507861870197,0.000141507136924,-0.000522403363267,0.000613085535298
-0.000250428471916,0.00103056751337,-6.5357591681e-05,-0.000353860535679,-0.000372293705588,0.000289568197595,-0.00052673041015,-0.00185866983566,-0.00028340074728,-0.000919726681846,0.000559141301193,-0.000292425015819,-0.00041751574334,-0.000384262933177,0.000535579657056,-0.000483845448537,-0.000539777824757,0.000335775813341,0.000301230337692,-0.000274440800948,0.000890909836566,-1.21840314236e-05,0.000226961150253,-0.000382018975829,0.000516419260401,-0.000516770530639,-0.000336911106848,-0.000742539573298,0.000277403623,-0.000272028198489,-0.00128137642315,0.000333281749267,0.000249093232334,-0.000658516629807,0.000586567006334,-0.000279957911497,0.000620584320958,-0.000502282946575,0.000495228786462,0.000473279488926,0.00026001897381,0.000349852829498,0.000298172492058,0.000520607522701,0.000460185747232,0.000496378302201,-0.000660946094262,0.000192596717157,-0.000356306650895,0.000688808640655
-0.00023431651298,0.000811573431322,-0.000144670105991,-0.000289640093261,-0.000447377849339,0.000267707337539,-0.000445466708886,-0.00144738287057,-0.000333647787732,-0.000496239529973,0.000444710533835,-0.000307561972119,-0.000327812401719,-0.000320912667642,0.000421403519082,-0.000429868013123,-0.000421718232455,0.000306336427173,0.000874405330641,-0.00021785517073,0.000886680998341,4.99189045117e-05,0.000273254373867,-0.000227725310266,0.00043556850149,-0.000538503959824,-0.000330805283014,-0.000468905115248,0.000263297183543,-0.000250291700924,-0.00124243435431,0.000288417146847,0.000327982236682,-0.000567815523431,0.000625027579513,-0.000311168212019,0.000403156291174,-0.000418301771281,0.00039774824235,0.000426477032479,0.000315274079451,0.000510624716972,0.000369967759822,0.000381704581894,0.000483439765746,0.000587426037153,-0.000411761749952,0.000101470954288,-0.000437557882839,0.000647641055083
-0.000172544798054,0.00112012638342,-0.000123437772702,-0.000362569047245,-0.000292632722537,0.00031801939939,-0.000575525385125,-0.00184464526644,-0.000274481579187,-0.000849202025467,0.000640700046919,-0.00013760851332,-0.000339938355214,-0.000383613072935,0.00054277139956,-0.000276245909365,-0.000344310735975,0.000381720492553,0.000888203335797,-0.000314708519394,0.000905108297021,-1.02873286863e-05,0.000295468838685,-0.000339187298328,0.000276415512469,-0.000559611614181,-0.000219140084582,-0.000827813283894,0.000284480690979,-0.000360762995165,-0.000763205449382,0.000401492245431,5.07453166776e-05,-0.000673222004356,0.000606820307564,-0.000316620814461,0.000559208439592,-0.00058945758735,0.00041578118376,0.000564903823634,0.000217133364607,0.000526945271858,0.000282924530566,0.000573255295803,0.000576466545824,0.000555065982689,-0.000326299795349,0.000123083958042,-0.000400680963799,0.000758275612351
-0.000258789365521,0.00109156745895,-4.47305472629e-05,-0.000342345615949,-0.00042780280141,0.000315250937954,-0.000686885809979,-0.00229929700421,-0.000457115480002,-0.000987700459102,0.00065690718767,-0.000310314985476,-0.000536458008664,-0.000409458862563,0.000551397945449,-0.000338996982214,-0.000461024907511,0.000356041595247,0.000950267940374,-0.000404754520339,0.000961831328055,6.56424420595e-06,0.000346681855701,-0.00034723164168,0.000766444682028,-0.000546912188473,-0.000358802936147,-0.000740785821233,0.000271638853545,-0.000492397712085,-0.00207079323099,0.00043840621193,0.000299686209027,-0.000799587568248,0.000607871930468,-0.000395370491921,0.000555563679062,-0.000619906194092,0.000518302412009,0.000533481642205,0.00038464324366,0.00048234303537,0.000410877440782,0.000578079662812,0.000539134357908,0.000543896928751,-0.000530759773915,0.000159689670974,-0.000453211707343,0.000751066906175
-0.000429599907343,0.00140400142575,-0.000363519287352,0.000394939880004,-0.000310998464853,-0.000609484308809,-0.000318532100956,-0.000127803676333,-0.00125908829587,0.00482224637926,-0.00011603935394,-0.000237717540196,0.000296092237735,-0.000162195689036,0.00151965553748,-0.000635508753195,0.000566273262865,-0.000339095749622,-0.00631508681337,-0.000620165919243,4.39173784096e-06,0.00115311193196,-0.00598731354624,-3.04519620684e-05,-9.83605048692e-05,-0.000279475262278,-0.000534314035005,0.000331458706859,0.000226652880369,-0.000561069554855,-0.00524345560273,0.000858562046157,0.000934536188011,-0.00134092215768,0.00128015045541,0.000549334325036,-0.00139446430118,-0.000369704146765,-0.000282697008022,-0.000184296614336,0.000227731034425,-0.00192072596221,0.000491100565139,-0.000831158972895,-0.00203432897564,-0.00145701395158,0.00224163577057,-8.16850452918e-05,-0.000297957352688,0.0010070041817
-0.000230976616424,0.00103786053081,-4.96008145439e-05,-0.000344908184854,-0.000373212136596,0.000337523051376,-0.000596910613368,-0.00182343355219,-0.000333404186952,-0.000777112669375,0.000611816576573,-0.000304780861291,-0.000417194453092,-0.000374501746568,0.000414747964872,-0.000325414421016,-0.000450673849017,0.000299370880565,0.000167816972433,-0.000295093965065,0.000835882314644,1.90647469425e-05,0.000157938279452,-0.000294559024383,0.000507673358859,-0.000555637271319,-0.000283480650896,-0.000595923012876,0.000271132728858,-0.000314854034309,-0.00159025198774,0.000399692107159,0.000232137635892,-0.000784936860001,0.000516952845801,-0.000372748100821,0.000492007560469,-0.00053140831484,0.000416008848813,0.00052591911914,0.000284336926179,0.000502139790654,0.00038994681747,0.000450066568244,0.000441051830916,0.00054266160438,-0.000445992838621,0.000147381286768,-0.000442697100083,0.0007694196999
-0.00025290899067,0.00117228142198,-0.000114591277493,-0.000241973710943,-0.000263866221209,0.000218081031495,-0.0007002081359,-0.00194022979769,-0.000249933604767,-0.00084165150551,0.000451099955531,-0.000221632752771,-0.00029329311959,-0.000431210534411,0.000520733565607,-0.000586242769507,-0.000364481848019,0.00036156217885,-0.000557704883796,-0.000316886012852,0.000781029087171,-0.000430223154775,0.000112713037415,-0.000317132503388,0.000204355207978,-0.000737557267349,-0.000196341309845,-0.000609855170062,0.000261166485509,-0.000274441251697,-0.000897421490788,0.00047041032142,0.000266690147923,-0.000649819148366,0.000789338335414,-0.000294432668018,0.00029402257014,-0.000520897191662,0.000412853532827,0.000520436934089,0.000183456141018,0.000213543664607,0.000423774834681,0.000539461171555,0.000281212128952,0.000395545014138,-0.000354691535678,0.000214277901679,-0.000344823671092,0.000716656676978
-0.00320213399545,-0.0222557359318,0.0017616567394,-0.000406092345194,0.00474958559204,0.000696302107888,0.00348328031005,0.0298062208639,0.00012550620048,0.00329844413007,0.00326811340593,0.00170861337356,-0.00118006027058,0.00064257104964,-0.00826935269474,0.0190180749141,0.00148471232253,-0.00109609740632,0.00498245557083,-0.000296415452103,-0.012839279707,0.00356370545958,0.00326910394157,-0.00260801085042,0.00563058654699,0.0281762445388,0.000584161800077,0.00503164042564,0.000191102358626,-0.000458989489633,0.00354244808852,0.000159335481469,0.000133055372975,0.00744606974308,-0.00906452105496,-0.00250789598036,0.00157636977593,-0.00327806792737,0.00173524966005,-0.00666638129874,0.000255353940809,-0.0114690222737,0.00251874559026,0.00126853705436,0.00257855289271,-0.00565181097082,0.00276145878165,-0.00113145046584,0.00214635287035,-0.0110579470629
-0.000277704821232,0.00095686507151,-0.000133303220603,-0.00025487644863,-0.000431132663438,0.000270571461567,-0.000434825775909,-0.00141650667583,-0.000464177686144,-0.000620150957958,0.000504478468241,-0.000261829265551,-0.000436968039267,-0.000420049964665,0.000524139670587,-0.000439979321068,-0.0001930115345,0.000267394153353,0.00046238471655,-0.000294741402617,0.000705719186077,0.000227272757538,0.000311113547762,-0.000328066417942,0.000503939992161,-0.00047732749156,-0.000407865082707,-0.000441914153326,0.000270783345376,-0.000341623329178,-0.00181258835338,0.000369463767496,0.000367898334327,-0.000703755358045,0.000680703122243,-0.000293700725184,0.000289604612901,-0.000507517843423,0.000409775103717,0.000348734651747,0.000281218670255,0.000492454245801,0.000333355015656,0.000327882024716,0.000238007582925,0.000424713280541,-0.000207415097135,0.000115542964935,-0.000331066541563,0.000673696918005
-0.000199746523649,0.0018200257945,-0.000564973208619,-0.000377393590362,-0.00135969650849,0.000753726291889,-0.000938544020507,0.00408538373229,0.000397725822799,0.000564096071275,0.000463022667764,-0.000287014138553,0.000215352910059,8.24818280987e-05,0.000533966114036,-0.000498432762523,-0.00075639616749,0.000573021796172,0.00109540912943,0.000188103488385,0.00232651015664,0.000163153334474,0.000309256370006,-6.01491121277e-05,7.5575901015e-05,-0.000795182918816,-0.000949103629026,-0.000538048862343,0.000290339658805,-0.000442374393155,0.00185464972462,-0.000382305561509,0.000616077772906,-0.00186169920255,0.00188162587969,5.02163099117e-05,0.00109960989449,-0.000410957675583,0.00028281894572,0.0013291590172,0.000465592630363,0.00219865919626,0.000357031623711,1.5943036877e-05,0.000186454842652,0.00167922660414,-0.000764348151399,0.000370215235287,-0.000591971298181,0.0011153260129
-0.000257458270759,0.00108184644926,-8.00865720468e-05,-0.000336925600808,-0.000382606963459,0.000355725264585,-0.000778788911339,-0.00159233089892,-0.000353318424067,-0.0010613836683,0.000509205548678,-0.000265413888369,-0.000395063137886,-0.000277086909169,0.000351072031512,-0.000487751601939,-0.000530771038163,0.000389683275345,-0.000674181007351,-0.000262318766096,0.00106528361957,-8.63016066081e-05,0.000296203276201,-0.000328093439291,0.000486050000988,-0.000509328962653,-0.000347762349551,-0.00068554971582,0.000278615688029,-0.000295824343212,-0.00121035460605,0.000303794030051,0.00037776084963,-0.000680823198936,0.00072454917385,-0.000395858710243,0.000643831810864,-0.000323191639631,0.000446424542263,0.000493366701352,0.000320135357015,0.000328015940746,0.000320274679478,0.000548708526372,0.000461252494855,0.00060808266446,-0.000583434365105,0.000180778207985,-0.000359258074919,0.000667241197428
-0.000251280353363,0.00109094395993,-5.87372122143e-05,-0.000340011768407,-0.000428385231815,0.000409559926511,-0.000721453003984,-0.00168605430189,-0.000355141486676,-0.00100522462697,0.000550177266595,-0.000258879291585,-0.000360811261088,-0.000281924916444,0.000394297235103,-0.000451225020494,-0.000490205547553,0.000378616339882,-0.00066092631072,-0.000243121371974,0.00103047602977,-7.7309407714e-05,0.000283189128701,-0.000328047308417,0.000441157455209,-0.000517576456918,-0.000337020229327,-0.000694088178457,0.000280411353797,-0.000298824832525,-0.00118429551353,0.000265005002748,0.000392413820606,-0.000711130512022,0.000747526799264,-0.000390992400774,0.000635376004139,-0.000308154280957,0.000427239997576,0.000516340108103,0.000350554108721,0.000366293804179,0.000323150808832,0.000542314081261,0.000445488708941,0.000599457015234,-0.000570069894288,0.000165105107126,-0.000379250766745,0.000699000726318
-0.000262161162242,0.00101824385745,-1.97776152266e-05,-0.000347214747823,-0.000420663303642,0.000440429871993,-0.000693749370069,-0.00154311574455,-0.000319780890042,-0.000986867100124,0.000615902406112,-0.000254350958903,-0.000407911324168,-0.000280093956673,0.000365390517186,-0.00048314306378,-0.000505866079589,0.000361419077707,-0.000688965662781,-0.000267851724948,0.00102990099358,-8.20214695188e-05,0.000267516393769,-0.000346452821163,0.000468803835634,-0.000487170568972,-0.000360484538291,-0.000737107801418,0.000276034848366,-0.000312053615116,-0.00117979447017,0.000266420409795,0.000378682546049,-0.000728227505768,0.00084916583383,-0.000397473750869,0.000688368066909,-0.000413838395857,0.000462249229665,0.000506792252327,0.000331875659562,0.000413681330376,0.000309387561457,0.00058097965896,0.000456892587923,0.00060939481163,-0.000572761651446,0.000236683462349,-0.000348249237457,0.000679354568655
-0.00027367762523,0.00110296956525,-2.40119750153e-05,-0.000347510761216,-0.000435451096515,0.000361498921492,-0.000707024698029,-0.00145927907105,-0.000303150279205,-0.000949552117696,0.00059704604418,-0.000266745626611,-0.000376038037385,-0.000354069090999,0.000388293289301,-0.000454914957226,-0.000515871500438,0.000372919300721,-0.000597544191463,-0.000253963059294,0.00104191802132,-8.33583706628e-05,0.000306575263305,-0.000345863815808,0.000434645804066,-0.000470928631241,-0.000354114590332,-0.000762873538269,0.000273706363477,-0.000320995912408,-0.00117207940699,0.000270088072637,0.000365184032963,-0.000731859772804,0.000833527632762,-0.000370211065994,0.0006969278372,-0.000467103351345,0.000432081787877,0.000523409019551,0.000319932189736,0.000437981421975,0.000302744176079,0.000560402792051,0.000458637274596,0.000644147660018,-0.000527857827119,0.00025742270944,-0.000315497408358,0.000676525756555
-0.000181890853371,0.000860635282471,-4.66795700431e-05,-0.000313096678055,-0.000486994764884,0.000359154187689,-0.00051403096289,-0.00146046503303,-0.000301906203709,-0.00063883908495,0.000623293446621,-0.000254764924867,-0.000358109292445,-0.000332808604942,0.000409982961466,-0.000433532156353,-0.00041521288544,0.000286263019871,0.000922908310826,-0.000288365441016,0.000801728313185,0.000130245811947,0.000303304779731,-0.000320689155373,0.000423996997661,-0.000590695558384,-0.000200834680403,-0.000463159610145,0.000276035718724,-0.000251407709363,-0.00102982034441,0.000332348665326,0.000314026438681,-0.000810200561045,0.000621652288892,-0.000333844281746,0.000496995476988,-0.000465552728867,0.000432764384971,0.000460429770577,0.000287173373563,0.000629115643421,0.000294970525875,0.000506248799055,0.000392716942525,0.000464989778237,-0.000368283562989,0.00013698343038,-0.000395492197076,0.00064963733155
-0.00021349102917,0.000766839832251,-0.000138847381209,-0.000312204367919,-0.000347187736112,0.000229752878647,-0.000445610069648,-0.0012404902466,-0.000364672036446,-0.000458683358407,0.000385413477671,-0.000257358532143,-0.000331841785684,-0.000305711802616,0.000443160866195,-0.000323235449073,-0.000460581944968,0.000330055657193,0.000989999305431,-0.000224406726818,0.00075678915442,0.000234984361064,0.000234529516565,-0.000265793603204,0.000416570325791,-0.000542290814529,-0.000301073245192,-0.000509611057349,0.000274103890825,-0.00025517264601,-0.00124534273517,0.00031743050741,0.000360547622397,-0.000624040120476,0.000563273740896,-0.000289327060066,0.00047454288375,-0.000466626105123,0.000555028481958,0.000365315127842,0.000296409035552,0.000665702712049,0.000300427151936,0.000388542021978,0.000321030766534,0.000595804529988,-0.000480510655691,0.000120730755336,-0.000425516140844,0.000568674308209
-0.000267647908066,0.000998526411258,-9.83373876863e-05,-0.000291786631324,-0.000533593574496,0.000379654408616,-0.000473600711467,-0.00141184269178,-0.000289542793777,-0.000609762307547,0.000511083111323,-0.000260248681839,-0.000366795702322,-0.000257496293782,0.000484396683948,-0.000505500951589,-0.00052860707718,0.000361062422485,0.000897848212498,-0.000357037205361,0.000891757841342,-6.1711803188e-05,0.000236195277897,-0.000213563810622,0.000388971673746,-0.000612677078153,-0.000288538784717,-0.000693867317158,0.000284243498883,-0.00027202113251,-0.000809191241102,0.000255467016575,0.000323395470671,-0.000783534396438,0.000602457109589,-0.000309044765664,0.000374839774803,-0.000387223976197,0.000416607121824,0.000507528983005,0.000290087475888,0.000568861112397,0.000317346151364,0.000328803917783,0.000421085801969,0.000513707790274,-0.000568118686192,3.9264680537e-05,-0.000470557416126,0.000765982217012
-0.000186741083563,0.000839488026654,-8.59649568594e-05,-0.00031332158299,-0.000631447114401,0.000223392568732,-0.000465940440716,-0.00145231995672,-0.00033498855066,-0.000668788211183,0.000537425791224,-0.000215213501365,-0.000311464608332,-0.000268714527635,0.00041756233665,-0.000402722966155,-0.000423755239845,0.00029623441051,0.00103557227868,-0.0002729404327,0.000869322969807,0.000142184817445,0.000259460682345,-0.000355092736041,0.000447952195294,-0.000553849743112,-0.000292378008004,-0.000683394592762,0.000267971725192,-0.00023949500994,-0.00106926422999,0.000325669252899,0.000340772095854,-0.000628508429688,0.00057789255576,-0.000314503921844,0.000504465386219,-0.000621024446155,0.000506127990592,0.000420790791924,0.000313554689257,0.00064057565256,0.000227560603703,0.000316634286239,0.00042899159292,0.000544167023808,-0.000660795548786,0.000153358000857,-0.000386850289161,0.000544763355694
-0.000258789365521,0.00109156745895,-4.47305472629e-05,-0.000342345615949,-0.00042780280141,0.000315250937954,-0.000686885809979,-0.00229929700421,-0.000457115480002,-0.000987700459102,0.00065690718767,-0.000310314985476,-0.000536458008664,-0.000409458862563,0.000551397945449,-0.000338996982214,-0.000461024907511,0.000356041595247,0.000950267940374,-0.000404754520339,0.000961831328055,6.56424420595e-06,0.000346681855701,-0.00034723164168,0.000766444682028,-0.000546912188473,-0.000358802936147,-0.000740785821233,0.000271638853545,-0.000492397712085,-0.00207079323099,0.00043840621193,0.000299686209027,-0.000799587568248,0.000607871930468,-0.000395370491921,0.000555563679062,-0.000619906194092,0.000518302412009,0.000533481642205,0.00038464324366,0.00048234303537,0.000410877440782,0.000578079662812,0.000539134357908,0.000543896928751,-0.000530759773915,0.000159689670974,-0.000453211707343,0.000751066906175
-0.000215591526194,0.000988119416135,-6.39204404859e-05,-0.000366321814926,-0.000496832952005,0.00041705565756,-0.000595576353827,-0.00157337997451,-0.000338565347375,-0.000776775995453,0.000595809069804,-0.000286116902859,-0.000326588830388,-0.000393014629231,0.000169885931297,-0.00045879894183,-0.000418142796879,0.000243985730212,0.000101004559219,-0.000381797926964,0.000774732923884,0.000130762353221,0.000190510042816,-0.000314313618743,0.000577335810031,-0.000568429441403,-0.000345665845472,-0.000584110425201,0.000268696287707,-0.000271949208153,-0.00141324239349,0.000339677476119,0.000240377055372,-0.000701686034159,0.000591829643006,-0.000316130080984,0.000410236370487,-0.000622721857354,0.000540882927673,0.000450695399774,0.000285791026466,0.000600448393017,0.000360905468951,0.000516796734967,0.00044844722378,0.000655784742598,-0.000569890464055,0.000107738799946,-0.000430874363573,0.000679292862998
-0.000351368361181,0.000922463229511,-0.00026409162538,0.000261313454382,-0.000273847976125,-0.000113313758633,-0.000354888974937,-0.00144736863328,-0.000962874720493,-0.000543931560716,0.000331160787063,-0.000295052906957,-9.85990571844e-05,-0.000499940015446,0.000982080704122,-0.000965612805541,-7.07491124909e-06,0.000166338062534,-0.0082136953221,-0.000625836857037,0.000576083662727,0.000617528200984,0.000367613493015,-0.000300513335869,0.000615443466207,-7.2884447503e-05,-0.000953766626966,-0.000289707385577,0.000253753489386,-0.000511340584454,-0.00429214066969,0.000787024388511,0.000994106325391,-0.000478916456382,0.00178477741538,3.64464545761e-05,-0.000426793071061,-0.000619422665444,0.000337717133407,-0.000331327552368,-0.000411253557652,0.000648117203199,0.000266208787033,0.00014733293508,-0.000889918637775,-0.000299412486848,0.000744937643552,0.000291910129623,7.91659246079e-05,0.000397464067585
-4.83741110701e-05,-4.1946975468e-06,1.55949897392e-05,-0.000238124677047,0.000151137695794,0.000505453653725,-0.000172467028065,-0.00154103730056,-0.000228782773539,-2.42723099104e-05,0.000650057109998,-8.60511430382e-05,-0.000616567945272,-8.4748044766e-05,0.000123004995202,-5.9705888738e-06,-0.000379286363109,0.000306899054414,-0.00154284400877,-0.00016555605953,0.000658056252301,0.000286291148624,0.000368087387119,-0.000365827043702,0.000573392289234,0.00239874471539,-0.000775757869193,-0.000427350339488,0.000216630215783,-0.000345142787097,-0.000485507066965,0.000727792914482,0.000396262373915,-0.000532545412374,-0.000959595166244,-0.000351985869403,0.000346351821223,-0.000641743447484,0.00071709076462,0.000152916996107,0.00066565487687,0.000437140500491,0.000347430732004,0.000845002105789,0.00066196440757,-0.000204032300767,-0.000792304105431,0.000471517563272,0.000186817075865,5.59257008177e-05
-0.000307083321817,-0.00151422281342,0.000357420167934,-0.000307001018632,0.00164386396885,0.000635301875783,-0.000249587208914,-0.00309827796127,-0.000663631339055,-0.000125940500664,7.60175677954e-05,-7.52979932779e-05,-0.000244839875297,0.000244849224269,-1.27479015974e-07,-0.000177148692655,-0.000261083690997,2.62571212705e-05,0.00134346310609,-8.26791340188e-05,-0.00132770458452,-0.000431233221789,0.000129874813663,-0.000392569364379,0.000374538979308,0.000606817369671,0.00103561186804,0.000235319202046,0.00018753839333,-0.000210321837035,-0.00164647732416,0.000162270308769,6.1384127073e-06,0.000379193349502,-0.00143446465894,-0.000273581038528,1.36143131986e-05,-8.577412285e-05,0.000154276328078,-1.84277193933e-05,0.000229868012873,-0.00109403606995,7.17743330048e-05,-0.000581419577675,-0.00161371175401,-0.000337921753982,-4.4505433511e-05,0.000280975168067,0.000221371072199,-0.00101282447536
-0.000231160070133,0.00108085344957,-0.000141785363303,-0.00034158961564,-0.000281518170534,0.000280683104992,-0.000774214034177,-0.00188185466326,-0.000270906606662,-0.000785987550389,0.000443691950134,-0.000243660977471,-0.000350121759937,-0.000285775550674,0.000466920613717,-0.000573846993442,-0.000470478152982,0.00036693680265,0.000945719125497,-0.000238938334787,0.00102982949681,-0.000105579871149,0.000313632676376,-0.000282227659303,0.0004236573397,-0.000688855164762,-0.000185133286313,-0.000645180922502,0.000289583119867,-0.000261552438711,-0.000459299642824,0.000357437944665,0.000317925767561,-0.000879515918713,0.000637006196848,-0.000303776919528,0.000493073931437,-0.000528936548203,0.000470085664172,0.000588819558566,0.000363872405756,0.000443599278868,0.000366489859331,0.000486951665395,0.000524104857398,0.000674670020149,-0.000693342160357,0.000167223688948,-0.000410587750988,0.000736770505965
-0.000148743767643,0.000631653459479,2.26286249174e-05,-0.000592389068627,0.000223408895001,-3.09044558414e-06,-0.000685198843226,0.00132413619877,8.69454496337e-05,-0.00119110148927,0.000623898032819,-0.000492876763367,-0.000848904740146,-0.000421254004561,0.00086196482961,-0.00189692426301,0.000391368498389,-0.00080000891628,0.00106795063818,-0.000541231909298,-0.00154150953643,0.00157322674765,0.000194920372581,-0.000213376879157,0.000122197305965,4.96119114656e-05,0.00172536357292,-0.00058222913532,0.000301212508273,3.07612203079e-05,-0.000232365101519,0.00193477032326,0.000535945703251,0.00502661751934,0.00123175668569,-0.000609880999027,0.000443050450753,-0.000810029929894,-0.000298057937265,-0.000381584706209,0.000165791047687,-0.000921055630684,2.78312718059e-05,0.00105074721287,0.000813930237011,7.67812037431e-05,0.000212484638643,-9.53390672115e-05,-0.00045427291167,-0.000821946920601
-0.000248502131893,0.000918995410881,-7.45951910166e-05,-0.000333077803885,-0.000448758370046,0.000175970231687,-0.0005442369437,-0.00184490627391,-0.000327378049569,-0.000647924639009,0.000557726197732,-0.000234387465702,-0.000330874675666,-0.00034768672498,0.000429952261563,-0.000385063523041,-0.000437487593141,0.000282027893827,-0.000387290111946,-0.000311272112773,0.000801407191654,4.30301253858e-05,0.000129393275886,-0.000302933733185,0.000446705978083,-0.000566085731115,-0.00032604715959,-0.000481294819717,0.000271735859416,-0.000313387341032,-0.00159517102239,0.000269965855656,0.000359600260237,-0.000790897810023,0.000586523114472,-0.00029317702432,0.000309715037815,-0.000530568809421,0.000395262745791,0.000387254118863,0.000229751176023,0.000649009054921,0.000372600791981,0.000559403481126,0.00029748057086,0.000568961202168,-0.000323356217329,0.0001411171798,-0.000380744165302,0.00078172383053
-0.000228141403391,0.000951993464236,-0.000130055007609,-0.00033465518495,-0.000450941933496,0.000335185695925,-0.000636826595051,-0.00155976282234,-0.000300402781187,-0.000577871455146,0.000440327249194,-0.000342462897004,-0.000337753455132,-0.000331785821477,0.000418602268454,-0.000405926733739,-0.000380124212427,0.000283102037769,0.00098244703349,-0.000158725347491,0.0009249157386,-3.11046192159e-05,0.000289121540186,-0.000268225056543,0.000271308704313,-0.000553743663714,-0.000351296314225,-0.00058490839214,0.000260553711871,-0.000263500505433,-0.000931001329601,0.000288209340998,0.000263709231821,-0.000779084116794,0.00060311908062,-0.000238936687928,0.000380744355081,-0.000452649051829,0.000357574973962,0.000428157635621,0.000277541039878,0.000484625526686,0.000422812148095,0.000522636560828,0.000314242141726,0.000574028151806,-0.000464566168475,0.00015875047478,-0.000474988593106,0.000626206564567
-0.000288429247388,0.000763549480896,-3.88942845392e-05,-0.000268901726056,-0.000506971998417,0.000299611204088,-0.00035341414898,-0.00137524933379,-0.00037535468411,-0.000676860406967,0.000649286131985,-0.000246583763003,-0.000398321617439,-0.000371580795303,0.000417348078006,-0.00041875310325,-0.000262291673009,0.000308018351775,0.001010066981,-0.00018779223354,0.000799831538156,0.000266282564186,0.000297453370618,-0.000289122028774,0.000430087823303,-0.000401823570077,-0.000305460464954,-0.000613674703576,0.00025419866069,-0.00024575388487,-0.00109949263122,0.000344825024798,0.000350332180341,-0.000590691859934,0.000660185989882,-0.000307613177006,0.000500085006392,-0.00041611385942,0.000399326818457,0.000401275167856,0.00024754849369,0.000507356232316,0.000352705137241,0.000440536528591,0.000446541877871,0.000524056244353,-0.000543066512318,0.000168728472177,-0.000377557609489,0.000655400444268
-0.000204233508357,0.00137672775462,-9.60410824279e-05,-0.000371929676178,-0.000487373530261,0.000466786051378,-0.000747172077675,-0.000802728644185,5.98543209156e-05,-0.000299319500164,0.000552168247593,-0.000224762160398,-0.000115684441937,-0.000317730237928,0.000533749471309,-0.000542873177476,-0.000634707557919,0.000455009735673,0.000690773229924,-0.000147348319192,0.00113237522395,-0.000287780047311,0.000251859105305,-0.000282956289914,5.59735538369e-05,-0.000892438793762,-0.000281545445338,-0.000836777584405,0.000267630611208,-0.000329511544102,8.25290824923e-05,0.000316355285855,0.000336257349592,-0.00116914133113,0.00109064666285,-0.000277251871901,0.000633932456393,-0.000597324132472,-0.000126484997894,0.000822407979246,0.000315993536542,0.000778529900957,0.000361648963234,0.000348899282694,0.000275225039821,0.000764511641046,-0.000665174597053,0.000273556303676,-0.000410473138082,0.000871080752173
-0.000251136757765,0.000872094770155,-9.86208942927e-05,-0.000350775866739,-0.00047370552333,0.000286159774109,-0.000613408817043,-0.00143170167017,-0.000395985946783,-0.000762915932354,0.0004635203855,-0.000245934829487,-0.000313183921391,-0.000425059097045,0.000399604999132,-0.000374809812842,-0.000447763167928,0.00029405622838,0.000459697179254,-0.000231958435227,0.000858898802778,0.00019205837565,0.000182998902768,-0.000290523093421,0.000532500845857,-0.000428602643213,-0.000393278065523,-0.000488007655164,0.000253179125043,-0.00025010967572,-0.00148643598613,0.000342227987051,0.000333417028259,-0.000654018350647,0.000297665372507,-0.000295555792389,0.000571501095593,-0.000496385669213,0.000385773645539,0.000414759086732,0.000376781023438,0.000381363231465,0.000356114937551,0.000452883629684,0.000438953479994,0.00057859554153,-0.000490330247139,0.000148370956206,-0.000329129053276,0.000560015421298
-0.000119122041617,0.000530084139366,-5.81034715012e-05,-0.000244373679363,-0.000532149164679,0.000371547503803,-0.00053772753456,-0.00143955269031,-0.000362173636052,-0.000350549047641,0.000572991223139,-0.000318212830069,-0.000303510477087,-0.000255814313884,0.000524292116269,-0.000139843328368,-0.000401955958708,0.000316822313343,0.0010406647295,-0.000239807289449,0.000779337468826,0.000124090841463,0.000141692142729,-0.000299917273259,0.00038593297367,-4.64878682208e-05,-0.000291551248568,-0.000520117982146,0.000288160612244,-0.00024435703943,-0.00120145920627,0.000498937211516,0.000323912859064,-0.000772149034894,0.000560676768681,-0.000379868534079,0.000459865099296,-0.000452272814029,0.000497755753406,0.000473719173687,0.00036465176415,0.000508258708765,0.000412156239844,0.000437489685612,0.000508687468431,0.000564617175296,-0.000577522380376,0.000132297248405,-0.000460434170546,0.000824494332602
0.000449796119389,0.000474519059583,-0.000250228059144,-0.000339111576041,-0.000333902074448,0.000338913642169,-0.00176167989164,-0.000400124042928,-0.000271629035254,0.00128695591399,0.000533521943077,-0.000305123809537,-2.72628851784e-05,-0.000284904660175,0.000846026868725,-0.000202060843127,-0.000879941279459,0.000430711206309,0.000754966549598,-0.000280456950336,0.0011424115646,-0.000102379068014,-0.000533819643086,-0.000456540438525,0.000353724137516,0.00182789995614,-0.000396192516384,-0.00060655862384,0.000311947690251,-0.00042937478307,0.00146768248325,0.000718365925624,0.00056564520699,-0.00175013886439,0.000603338901009,-0.000232200863694,0.000422652844627,-0.000707865231063,0.000640583337061,0.000866957039538,0.000844526825787,0.000778618626556,4.10488817784e-05,0.000396518781365,0.000613827482461,0.00077871134189,-0.000806589212603,0.000348115683061,-0.000255899211363,0.000902268418327
-0.00020803796338,0.00078576486082,-0.000105783252338,-0.000324363913906,-0.000411829791977,0.00025562838934,-0.000569479194822,-0.00154538016053,-0.00041476562287,-0.000579310563601,0.000552468348579,-0.00024274230484,-0.000283876255336,-0.000297931393349,0.000374534819703,-0.000305609722404,-0.000328532899486,0.000284059440476,0.000260155642184,-0.000331071293074,0.000987437188439,0.000141499513844,0.000130635396006,-0.000305183508026,0.000488944046453,-0.000463515436719,-0.000359570233565,-0.000579049961203,0.000268809370171,-0.000279187979291,-0.00132487175778,0.000418331119104,0.000364827940517,-0.000739627711807,0.000623399406247,-0.000272981933853,0.000349373451936,-0.000578572086638,0.000454210586107,0.000512605371378,0.000284311319157,0.000517890724384,0.000252066706728,0.000448662053718,0.000410458998414,0.000536963212972,-0.000353693469678,0.00012345293075,-0.000339431980904,0.000715583429828
-0.000244587908278,0.000986543811802,-9.45205797545e-05,-0.000293698908552,-0.000374317137462,0.000267344569064,-0.00041908235578,-0.00144418675195,-0.00034128143117,-0.000496434993042,0.000436604318522,-0.000287191609134,-0.000241109950029,-0.000375639664042,0.000449116400216,-0.000456283931723,-0.000484070030121,0.000348770569517,0.00105509923305,-0.000293011877219,0.000821997056156,0.000167106227792,0.000240855724706,-0.000234647666741,0.000350850300677,-0.00046896370699,-0.000317769241584,-0.00062423674607,0.000263207605726,-0.000235969308444,-0.000981652886942,0.000306252192254,0.00028312789423,-0.000595551700246,0.000656585721099,-0.000164911455713,0.000501547667529,-0.000332165057475,0.000300599748458,0.000426119990548,0.000162251263795,0.000563381751731,0.000320533395348,0.000290590077473,0.000319490761798,0.000475643261434,-0.000523801397645,0.000158156291337,-0.00037577270544,0.000702594246851
-0.000202114588483,0.000749791854214,-0.000114447057761,-0.000355432678612,-0.000417620825099,0.000252123041398,-0.000377992747195,-0.00155296255684,-0.000282534258496,-0.000660993973431,0.000525434735407,-0.000308045957339,-0.000372824626057,-0.00030125826703,0.000453471681107,-0.000414168236135,-0.000492015364431,0.000300700714537,0.00101123693473,-0.00030341197858,0.000993623372087,8.14090504113e-05,0.0002704681984,-0.000263729544485,0.000451444163166,-0.000619029821951,-0.000231333283328,-0.000501160546237,0.000276206092745,-0.000250551173672,-0.00106343299134,0.000310917601915,0.00031287385779,-0.00070100223943,0.000589671344165,-0.000267639110057,0.00044561236935,-0.000386242762006,0.000498300902071,0.000476160019832,0.000288747357851,0.000403628965761,0.000331043293855,0.000395924652024,0.000400927171108,0.000482497867333,-0.000397879736075,0.00017453332432,-0.000442833603636,0.000679500960801
-0.000317822019125,0.000590348883074,1.22345750097e-05,-0.000292291760227,-0.000798857362672,-0.000437575306998,-0.000585363271213,-0.000387657566547,-0.000286029809222,-0.000331621953346,0.000410593882456,-0.000233910552295,-0.000335982195581,-0.000191336095395,0.000334963573841,8.49749432043e-06,-0.00046949360659,0.000281584421367,0.000303525399729,-0.000268266810611,0.00103874166492,0.000149361190627,0.000288075440935,-0.000211428515898,0.000549877890796,-1.63446688405e-05,-0.000142099171181,0.000220916616078,0.000264748638112,-0.000300874867073,-0.00138707449504,0.000322475457825,0.000333260425902,-0.000628449034765,0.000535464321773,-0.000243835603332,0.000544523037088,-0.000600168552044,0.000459046308454,0.000344356384181,0.00045001712798,0.000633677291142,0.000525925903395,0.000539832863317,0.000361938223203,0.000552229273229,-0.000501470359846,0.000145460737804,-0.000421378187189,0.000643307424875
-0.00200874472654,-0.0158094410675,0.00489153978272,-0.000533787411388,0.000521588526301,0.00634237679833,0.0143925009907,0.0204219927686,0.000128414103954,0.000289542258081,-0.00139377438203,-0.00140616899288,-0.00140163101811,0.00218475832249,-0.0181953875519,0.00999158661116,0.0156759922843,8.71382418525e-05,0.00450167776363,-0.00162744734523,-0.0107368998113,0.0115804241793,-0.0048735216687,-0.00120612731103,0.00314058304838,0.00885455165214,-0.00237417682112,0.00783047904962,-0.00113055858627,-4.43657704134e-05,0.000439148753709,0.00128598166554,-0.00129634609124,0.00936607277279,-0.00834917836621,-9.71995802949e-05,-0.00405144758144,0.000686741859992,-0.00226607848146,-0.00367995913836,-0.00703233179838,-0.000415236537082,0.00207298539136,0.00191133685686,-0.00291480334609,-0.0035689186982,0.00262159146582,-0.00101393210308,-0.00088514045852,-0.0050884520954
-0.000264026199688,0.00110492637643,-0.000129439349323,-0.000372637729379,-0.000567265352375,0.000336912925682,-0.000587334923521,-0.00145661318944,-0.000304901031138,-0.000762750565001,0.000530680288981,-0.000249197541558,-0.000326437634735,-0.000275363267622,0.000435749963414,-0.000366171326505,-0.000443204007532,0.000307372956947,0.000923167220245,-0.000294794564647,0.000892350249926,4.75273860716e-05,0.000155590490146,-0.000340810534548,0.000441253726377,-0.000619034850088,-0.00032980125218,-0.000566490117491,0.000257779237078,-0.000265612811505,-0.000646264738639,0.000330915263776,0.000278764020977,-0.000880571549692,0.000723500627502,-0.000287996087332,0.000400379054936,-0.000624098004878,0.000447302240256,0.000532652896528,0.000220954846962,0.000570440535299,0.000398223866402,0.000408701681591,0.00042165465311,0.000596154696919,-0.000359684593669,0.000120911026573,-0.00039191910705,0.000749204277827
-0.000204089472042,0.000946037795437,-0.00016192436817,-0.000376485043919,-0.000500560748355,0.000170991613754,-0.000275530477032,-0.00125370514246,-0.000242565551202,-0.000713082963769,0.000450503910348,-0.000299729935,-0.000288652097295,-0.000276322763724,0.000430028431039,-0.000304120298809,-0.000312426619391,0.000332196390574,0.000992589460793,-0.000262315456827,0.000821116922125,2.48250530098e-05,9.75756154007e-05,-0.000253425527762,0.000396098849399,-0.00060325834065,-0.000465337222999,-0.000611123993873,0.000269177497571,-0.000238191937198,-0.0010585992073,0.000282526805383,0.000261341963991,-0.000678602861818,0.000720462204933,-0.000291967284289,0.000453302479181,-0.000414305849175,0.000355794520105,0.000567847135231,0.000252125023954,0.000396309298254,0.000346899287767,0.000493484744862,0.000333970102576,0.000374176864961,-0.000514669791782,0.000192386074808,-0.000350490675078,0.000690230320582
-0.000210684421534,0.000880346335235,-7.88005542784e-05,-0.000345537934889,-0.000459815213092,0.000306242980015,-0.000366549788023,-0.001346214978,-0.000317439296728,-0.000586163847252,0.000481546355696,-0.000270739570659,-0.000335936750019,-0.000312645389009,0.000445846559256,-0.000312605019653,-0.000346418759025,0.000325418048411,0.00106594552047,-0.000215840743371,0.000829764396484,0.000130191738594,0.00030373358056,-0.000307898154915,0.000441773375662,-0.000410890408675,-0.000323846193207,-0.000506800496336,0.000279127058934,-0.000244229922002,-0.00131628181759,0.000362094982841,0.000316179942923,-0.00053144802623,0.000542065983629,-0.000322506299269,0.00052166081173,-0.000511817773245,0.00034495130424,0.000431195333209,0.000264785374617,0.000437971477364,0.000288503653142,0.000497905993601,0.00040440024832,0.000473978871493,-0.000465483586007,0.000119077718393,-0.000373758938329,0.000577145281002
-0.000145423115634,0.00086566101444,-4.1608802096e-06,-0.000383967249395,-0.000462473570573,0.000366508925917,-0.000302065365877,-0.00155861585987,-0.000351153249327,-0.000671337761471,0.000626454355175,-0.000294260083229,-0.000443571943121,-0.000445017764306,0.000532738223043,-0.000353386972562,-0.000521617520737,0.000366598870895,0.000975833328593,-4.28889441642e-05,0.000788528294321,0.000154422352092,-3.43358698822e-05,-0.000332513522783,0.000409908549634,-0.000414559332288,-0.000354579192804,-0.000485061750865,0.000283001104991,-0.000248959556967,-0.0011315028489,0.000428152426657,0.000365898314347,-0.00055091271088,0.00058769516588,-0.000311063333478,0.000540353463031,-0.000502090627053,0.000455428150296,0.000345113032005,0.000347068538899,0.000596056998651,0.000337910691841,0.000296298001764,0.000501068210392,0.000456101171594,-0.000533143183823,0.000200225086584,-0.000476722717182,0.000664753429999
-0.000224018150787,0.00115249772876,-0.000107946241053,-0.00027587396736,-0.000509544533398,0.000295904170434,-0.000500964981006,-0.00144595492724,-0.000284411943285,-0.000545248147988,0.000515819235726,-0.000219961797713,-0.000371982333649,-0.000330003369954,0.00040227110074,-0.000276454107463,-0.000420518221514,0.000332534211557,7.80177740858e-05,-0.000230537165324,0.000802177727331,-0.000183906784106,0.000236682046224,-0.000290534105494,0.000443528215782,-0.000644989200892,-0.00030986002749,-0.000574306402306,0.000260103057813,-0.000280082912958,-0.000777117151398,0.000411308344578,0.000251535494624,-0.000898907018286,0.000584335520591,-0.000339605985981,0.000461055039077,-0.000417783582088,0.000488271902539,0.00050808747557,0.000339869735337,0.000533000170697,0.000338878937462,0.00042921491688,0.000372687361715,0.000566794794584,-0.000417532169667,0.000173841978335,-0.000429545959703,0.000766209088935
-0.000249801549733,0.000939824118808,-6.42835690241e-05,-0.000291112629529,-0.000416130484339,0.000278926282877,-0.000436292310099,-0.00140193583959,-0.000370486315007,-0.000620078325102,0.000594518789193,-0.000256431314377,-0.00029241211912,-0.000352989843292,0.000387019784537,-0.00039832394882,-0.00048817162061,0.000369936249346,0.00105852725891,-0.000274267192651,0.00089186668192,0.000194719005038,0.000198612843602,-0.000310801219222,0.000351181569092,-0.000472863643539,-0.000277806976941,-0.000447366319136,0.000267781148878,-0.000247087936547,-0.00113367914544,0.000361863088347,0.000305111705767,-0.000569728608415,0.000600389450435,-0.000292021367602,0.000436503765937,-0.000470839967895,0.000414104564688,0.000479887805958,0.000277006147862,0.000529349747867,0.000314208041657,0.000376769600413,0.000480024038609,0.00045482107281,-0.000317154158317,0.000135829272868,-0.000375170405522,0.000550223860686
-0.000230699918889,0.000837959082058,-0.000181977268754,-0.000379983246108,-0.000454652357042,0.00034458477649,-0.000497092345511,-0.000912439502609,-0.000220367610566,-0.000705452569418,0.000413171965868,-0.000264223114281,-0.000345533006964,-0.000226257349624,0.000536623128882,-0.000294310440589,-0.000386928029479,0.000335779764014,0.00114604668789,-0.000287731448015,0.000886129167936,-8.23058822904e-07,0.000255292649747,-0.000339221023236,0.000413605462155,-0.000588601914493,-0.000301245051453,-0.000549681674248,0.000268532890163,-0.000321473610998,-0.0007228056917,0.000405506954475,0.000358691722694,-0.000816373339616,0.000681845499681,-0.000286561399458,0.000546962172224,-0.000542308193996,0.000377844794291,0.000489769364009,0.000363560039723,0.000656062362104,0.000440964280196,0.000448264678281,0.00050025761637,0.000679344784277,-0.000635159311305,0.000210968400319,-0.000489310073384,0.000747204637572
-0.000273907837434,0.000919577319991,-0.000253960082615,6.70073276059e-06,-0.000509505384248,3.76862846657e-05,-0.000634561110503,-0.0010264719324,-0.000603194795217,-0.000677219649691,0.000156949659879,-0.000322135134244,-0.000538202903324,-0.000459202756148,0.000576202482252,-0.000738956295123,-0.000125644737326,0.000104774789493,-0.0025987722738,-0.000421775454657,0.000887034693872,0.000627488099334,-5.08098234259e-05,-0.000361949012582,0.000552470998408,-0.000521316301471,-7.7644233283e-05,-0.000261216161192,0.000267113066088,-0.000228628954756,-0.00233679790471,0.000599841733152,0.000815352595931,-0.000400665811668,0.000866084422416,-0.00016820329968,0.000371109716962,-0.000353730132413,0.000667544930585,6.93917612859e-05,0.000761125778765,0.00030174165362,0.000181996810431,0.000115789699527,0.000238258592318,0.000507464141718,-7.31733745198e-05,0.000149864642384,-0.000582012393541,0.00068049373335
-0.0002519104898,0.0010182571339,-0.000114153449235,-0.000307633591424,-0.000398061178791,0.000399641209898,-0.000545274336799,-0.00155569744071,-0.00023668353641,-0.000594488708391,0.000480214946918,-0.000239314271911,-0.000387839767894,-0.000303001199229,0.000538025819904,-0.000319889030191,-0.00034886422423,0.000288128729931,0.000901084032818,-0.000357704711179,0.000852595292496,0.000147915632617,0.000205372160973,-0.000287335400692,0.00034993069139,-0.000662881514196,-0.000326087401736,-0.000476012722507,0.000267444824319,-0.00025781452595,-0.00100348504629,0.000334811817685,0.000239454729856,-0.000715673020391,0.000508536216501,-0.000325205528615,0.000519219778657,-0.00058649338308,0.000436201595428,0.000419668406851,0.00025564502865,0.00047860183041,0.000337534009356,0.000398406563349,0.000376073967194,0.000520583678227,-0.000469204259468,0.000147761090798,-0.000543595003188,0.000617636146283
-0.000217214744827,0.000894067114277,-0.000135872231382,-0.000343758863117,-0.000600806629568,0.000311020674206,-0.000550153995513,-0.00136284598713,-0.000382268420926,-0.00060769615139,0.000517514516972,-0.000276274848459,-0.000322355771706,-0.000275905634586,0.000412437603261,-0.000321898970148,-0.000423158347262,0.000334325121752,0.00107783955433,-0.000224579606922,0.000750609442446,7.25294772963e-05,0.000264038718295,-0.000273254941988,0.000393612466468,-0.000495785345366,-0.000340054368079,-0.000467118910935,0.000269492333279,-0.000250215826787,-0.00126492299179,0.000332134769089,0.000317851176782,-0.000575335001827,0.000477279741718,-0.000230867645295,0.000554465489055,-0.000547165965128,0.000317540031479,0.000533857836349,0.000206536767844,0.00032031494624,0.00027602848178,0.000430363267994,0.0004233725914,0.00041978935185,-0.000479620416969,4.96109495716e-05,-0.000379292978934,0.000528616052048
-0.000232729555671,0.000980488080998,-0.000116063752031,-0.000334692585276,-0.000501216858753,0.000292223507756,-0.00061434740799,-0.00156512395077,-0.000273207926794,-0.000781556015321,0.000509275584813,-0.000284569876801,-0.000351918054549,-0.00028788650601,0.000497180091742,-0.000366279600933,-0.00041006647521,0.000310698766289,0.0010131918302,-0.000251896473488,0.000859234681414,3.4316003327e-05,0.000247388564914,-0.000243964344755,0.000476334224189,-0.000485883108284,-0.000398395712203,-0.000559887803028,0.000270119545674,-0.000246005118137,-0.000976819207973,0.000282843539032,0.000329333876153,-0.000890745053628,0.000562936028859,-0.000296305078303,0.000514438166239,-0.000538764593591,0.000388500349501,0.000616806821853,0.000274829702044,8.69709974177e-05,0.000293850471282,0.000431416998832,0.000504991802606,0.000644998543116,-0.000592740883212,9.99970914502e-05,-0.00048909998741,0.000629571056435
-0.000242172845575,0.00119381803251,-5.39619776615e-05,-0.000313103346129,-0.000493258045782,0.000385580323628,-0.000634775762405,-0.0018015970083,-0.000291619376663,-0.000740349101102,0.000539472095957,-0.000281524853146,-0.000385294957784,-0.000357045643233,0.000515175829781,-0.000360705043895,-0.000422467651458,0.000392970633307,0.000992017205396,-0.000279954430237,0.000969316717692,-3.78621982115e-05,0.000257994228578,-0.000275962731802,0.000305352305265,-0.000711392852943,-0.00028820330308,-0.000673742569374,0.000261688120036,-0.000258055969929,-0.00045445647541,0.000396282200996,0.000245981052318,-0.000778185792532,0.000671388115131,-0.000303656449669,0.000450998361945,-0.000580073011803,0.00047570666649,0.000531016592516,0.000331858808345,0.000563076319806,0.000318549773926,0.000540401313173,0.000402282437667,0.000687701146192,-0.000655079702812,0.000207508537622,-0.000364793138917,0.000726977434714
-0.00026435690484,0.000941125594136,-9.59346107636e-05,-0.00031572737163,-0.000465234334047,0.000276272600196,-0.000658124000991,-0.00165910970927,-0.000357963226062,-0.000716134370003,0.000550710181249,-0.000260755236289,-0.000367495520131,-0.000413353118278,0.000490600689729,-0.000445792719576,-0.000529360382178,0.000337171777412,0.000323805736414,-0.00022911840632,0.000753304032033,8.35181762638e-05,0.00027015495246,-0.000273320376753,0.000437400660484,-0.000559638348298,-0.00028342981126,-0.000562355674962,0.000269125348376,-0.000282572303817,-0.00119831114887,0.000310769131613,0.000318442604718,-0.000716219924174,0.000652154621226,-0.000330715185452,0.000408785340841,-0.000498052538684,0.000475855658062,0.000369982550252,0.000246727246474,0.000426855197297,0.000400320646709,0.000561365592773,0.000321892740193,0.000556878913235,-0.000471924522151,0.000156868018747,-0.000334984040387,0.000656245667352
-0.000250935209065,0.00104466496487,-8.45929466189e-05,-0.000309997033132,-0.000465006503602,0.000304718389414,-0.000714241022157,-0.00161592297494,-0.000316778870419,-0.000664689520578,0.000590392428469,-0.000271111449267,-0.000433432349699,-0.000380413279847,0.000515627639217,-0.000464886416258,-0.000511951043174,0.000324827106587,0.000339173780944,-0.000261655999189,0.000832493245969,6.77761480088e-05,0.000290457548489,-0.000277965090719,0.000408537592146,-0.00053988587495,-0.000288637061479,-0.000653339818142,0.00028436724908,-0.000303577447653,-0.00108093112835,0.000345848970943,0.000344226896535,-0.000750850159455,0.000704783650649,-0.000294340985,0.000404285574633,-0.000497301521445,0.000456316259546,0.000464497969381,0.000267465742448,0.000463414482365,0.00035987547736,0.000558231448524,0.000313483864055,0.000581300696598,-0.00050033968385,0.000152048932192,-0.000342203713291,0.000710129395808
-0.000253872515345,0.00102696084142,-0.000132417997414,-0.000359732859557,-0.000642865324479,0.00037284485951,-0.000551475733704,-0.00169861147572,-0.000391242363794,-0.000806274429984,0.000461341201554,-0.000205684393844,-0.000380841889203,-0.000302871669627,0.000316249317161,-0.000265698965608,-0.000412602441426,0.000317040842445,-3.53739163596e-05,-0.000339955490002,0.00085754514846,-0.000210344740984,0.000215606142185,-0.000346439690001,0.000591151401687,-0.00035008420147,-0.000304661443311,-0.000595680477892,0.000267760453212,-0.000275839585331,-0.00149946104979,0.000242910604937,0.000341428842531,-0.000574224693549,0.000676932692031,-0.000347532774997,0.000481369539898,-0.000512090097441,0.000402887883657,0.000569371653732,0.000288769821059,0.000336878638508,0.000243951753113,0.000516982786401,0.00042084585634,0.000520568759385,-0.000360154563702,0.000130171437074,-0.000417331345512,0.000627695212311
-0.000254901012976,0.00104258796862,-0.000124955744786,-0.000366805102227,-0.00063321201006,0.000347923048803,-0.00059957881472,-0.00158021552723,-0.000365218171145,-0.000794500276735,0.00048683586894,-0.000200760504936,-0.000376090567062,-0.000285695145718,0.00030057120937,-0.000269029158161,-0.000404447276382,0.000330230569652,3.17554187394e-05,-0.000372407805403,0.000858777975574,-0.000164933446239,0.000182536097671,-0.000339782242265,0.000624681479441,-0.00030981840885,-0.000344911114712,-0.000609306593358,0.00026375333669,-0.000286956050274,-0.00142529187615,0.00022736866816,0.000362908764847,-0.000596387731122,0.000694560238572,-0.000357189282691,0.000522116457258,-0.000507108866257,0.000394779087899,0.000574184939397,0.00033341245286,0.000415091551278,0.000303809734198,0.000496617618683,0.00047736274821,0.000536014846629,-0.000383228490923,0.000182608938451,-0.000414902673575,0.000665245816633
-0.000254516507445,0.000946558822508,-6.80490554565e-05,-0.00033018875529,-0.000370563223443,0.000253784561635,-0.000622087637564,-0.00161596182795,-0.00036777255105,-0.000793023720055,0.000514614668934,-0.000276200892796,-0.000358637041171,-0.000362599232536,0.000379696533007,-0.000305999710365,-0.000444785204682,0.000299013443737,0.000990342643463,-0.000221760789435,0.000923283862992,0.000109636966726,0.000198012467998,-0.000297376601701,0.000475916306498,-0.000549722642946,-0.000237637123775,-0.000577887048757,0.000262826741715,-0.000246141704491,-0.000932366084806,0.000271835946884,0.000295512106934,-0.000602111842271,0.000579327638409,-0.000288173120355,0.00048936272057,-0.000521897901064,0.000457426989183,0.000479035659413,0.000301809826907,0.000584181483217,0.000342706175239,0.000330545837646,0.000354345428022,0.000565120147201,-0.000603084974483,0.00013403213392,-0.00041175820584,0.000776980728018
-0.000249333155016,0.00101442451643,-8.39059985838e-05,-0.000364658186609,-0.000247787448498,0.000261254410544,-0.000590616463955,-0.0016424022721,-0.000259868530135,-0.000760437579092,0.000497281631533,-0.000296008706865,-0.000391846857012,-0.000279488903255,0.000480055002224,-0.000443759326765,-0.000451535707342,0.000297723927707,0.000787892794015,-0.000230470462032,0.000801367403206,-0.000123790914621,0.000188447811491,-0.000296700137359,0.000366972835192,-0.000731952897955,-0.000281057974954,-0.000659650942685,0.000272472667971,-0.000261708435974,-0.000890274503734,0.000357294199485,0.000269856815171,-0.000782843317781,0.000610765171276,-0.000300210156637,0.000531959118907,-0.000494883084671,0.000531275360767,0.000504725429358,0.000222380780361,0.000541314811212,0.000362441659006,0.000480385298925,0.00030891652375,0.000526764631722,-0.000599336653152,0.000138255380758,-0.000398077860363,0.000828621322829
-0.00017288082306,0.000835042209025,-8.52707282995e-05,-0.000266898796739,-0.000513351980684,0.000203993308522,-0.000414266402596,-0.00143856654736,-0.000259587150933,-0.00079803184005,0.000500550169962,-0.000276991536552,-0.000362721805833,-0.000296395773095,0.00040047416466,-0.00033256498621,-0.00055846647083,0.000305506664283,0.00105744021764,-0.000222163457397,0.000735554198487,0.000106554279304,0.000228347938337,-0.000292969198323,0.000448780183242,-0.000615666943192,-0.000300905793055,-0.000516719899735,0.000270644659521,-0.000232051318015,-0.00118307619329,0.000222808068169,0.000275337806018,-0.000676962896122,0.000573586542613,-0.000356724243208,0.000522039644351,-0.000453020643954,0.000326397029724,0.000447001589538,0.000252988928169,0.000453309372794,0.000342609178515,0.000381715732955,0.000544396476351,0.000424068888335,-0.000471834548883,0.000146588617382,-0.000364796753815,0.000588201030185
-0.000187742573461,0.0010675470382,-0.000174733069702,-0.000372831603663,-0.000560842324486,0.000297015680925,-0.000615861067324,-0.00103147073022,-0.000174500475218,-0.000547564142998,0.000326009852898,-0.000290595163001,-0.000275891851991,-0.000345928080954,0.0005530939339,-0.000581270631166,-0.000465548890212,0.000378832278619,0.00102269937378,-0.000253461108271,0.00110046228696,5.4598705889e-06,0.000277312013091,-0.000259056582918,0.000300247690351,-0.000667150842333,-0.000237162803129,-0.000621497421608,0.000276578600504,-0.000256880311872,2.02019165417e-05,0.000270952506379,0.000325339194914,-0.00087238092999,0.000911988713233,-0.000256287456642,0.00063351859516,-0.000448869478216,0.000472961405269,0.000609584146927,0.000304264353349,0.000381474934239,0.000326556132508,0.000550628190937,0.000360583479728,0.000602401220247,-0.000521010736687,0.000221711116379,-0.00033390902246,0.00064377125313
-0.000265375313267,0.000809434940524,-0.000128462177543,-0.00030788579087,-0.000515768930311,0.000222661609197,-0.000477070777117,-0.00144332546112,-0.000350511170345,-0.000591569531928,0.000480676250496,-0.000226915628841,-0.000311010082006,-0.000346850554063,0.000406220276434,-0.000400937289947,-0.000503183092522,0.000319507567182,0.00111173679371,-0.000172184086199,0.00096458501335,0.000202183388045,0.000243465331768,-0.000322360633076,0.000428453425226,-0.000609513972504,-0.000204253204884,-0.000552877332334,0.00027765924408,-0.000255419444871,-0.0010463669493,0.000291164947292,0.000312157771574,-0.000655762062195,0.000406139684983,-0.000346614948182,0.000388861208303,-0.000541238259819,0.000288594482421,0.000426426523141,0.000288225709255,0.000504078439979,0.000444451743479,0.000424276402429,0.000510779607936,0.000525295727368,-0.000557825673297,7.29984463035e-05,-0.000331098820729,0.000629269784424
-0.000275318862165,0.000923815026283,-5.13865563874e-05,-0.000329671378721,-0.000529567776017,0.000315377559856,-0.000497317966146,-0.00158791175164,-0.000295233327859,-0.000688106501591,0.000516476167733,-0.000256151728932,-0.000357370516592,-0.000301710912279,0.000408755261244,-0.000339317158678,-0.000419824972309,0.000299433927628,0.00104362928875,-0.000249916002789,0.000851403065667,0.000101007526387,0.000287206389982,-0.000323247638174,0.000405617812471,-0.000482852905632,-0.000348881628031,-0.000622859766187,0.00026447426929,-0.000237194867938,-0.00109560405858,0.000345860934684,0.000270112089762,-0.000677788049376,0.000511505322275,-0.000274824000302,0.000536816625358,-0.000501909459536,0.000453779201681,0.000425300838579,0.000278186081901,0.00037977038627,0.000312565897449,0.000390504300226,0.000417356241849,0.000545604620809,-0.000406738423621,9.44629519187e-05,-0.000432450518777,0.000645301152091
-0.000365310245732,9.94976559016e-05,0.000178411377383,-0.000303891534152,0.000727122480996,0.000156017952559,-1.51632051563e-05,-8.43584683807e-05,-0.000196625731728,0.000384953004109,0.000942539496617,-2.96941846327e-05,-0.000496313352268,1.55268113482e-05,0.000401400342403,9.35081409897e-05,-0.000127666003371,0.000147626078901,0.0010469529202,-8.25714083098e-05,1.30374053582e-06,-0.000149349364242,0.000524520627838,-0.000226861071481,-8.77615845119e-05,-0.000217867043737,-0.000179803915427,0.00392278568188,0.000232805605107,-0.000325683685612,-0.00133161090707,0.0004630940204,0.000421878569298,7.17101252272e-05,-0.000218387644694,-0.000368122267141,0.000410275474087,-0.000415241398153,-0.000305252435863,-3.04132850914e-05,0.000393982097555,0.000425088487923,0.000291024043976,0.000284262174074,0.000623368694531,0.000551259700137,-9.25797647257e-05,-8.27259556135e-06,-0.000403517898654,4.51444014176e-05
-0.000224253806974,0.00104864858977,-0.000129116024815,-0.000378044876391,-0.000421267429053,0.000330677324923,-0.000514542441588,-0.00128867575695,-0.00030181474973,-0.000770867997951,0.00045170675264,-0.000242906121979,-0.000330403082688,-0.000446141908048,0.000566646922717,-0.000330394799799,-0.000437269785914,0.000328911788562,0.000909447809216,-0.000232296689826,0.000947903272967,3.10931873429e-05,0.00026051738671,-0.00027377984246,0.000411575034885,-0.000605289396163,-0.000302311429358,-0.000686628354408,0.000256302883726,-0.000295042771736,-0.000771491943702,0.000445409382032,0.000329968644593,-0.000857401900411,0.000601640557778,-0.000254871349434,0.000467823392743,-0.000523765540667,0.000501196525029,0.000467942004532,0.000279063696924,0.000500471731962,0.00042001306287,0.000297047899076,0.000521266778751,0.000476344629081,-0.00057418742454,0.000137474823411,-0.000396263377706,0.00065578271594
0.000362017468063,-0.000201358805196,0.00161740691057,-0.00114594422563,0.00541276577872,0.00159790895751,-0.00115104122045,-0.00112182428698,-0.0011891200842,0.00583764979329,0.000526788015522,-0.000711053436751,-0.000963757267699,-0.00066422374891,0.000958415843852,-0.00409468341387,0.00469920442195,0.00146237896938,-0.00222697105365,-0.00197627926002,0.00168927929376,0.00166231599342,0.00265118779621,-0.000449353714232,0.00141759411934,-0.0040369798784,-0.00188303755732,-0.00139808145688,0.000492845746821,1.67722619954e-06,0.00939609391691,-0.0150888883459,-0.000141502827414,0.00230907533683,0.000552236396732,-0.000183043709935,0.00119472617436,0.00159523730226,-0.000196653433431,0.00107343478542,0.00123407364289,0.000925848567368,-0.00296904091174,0.00182986118004,-0.00297571099197,0.000273082255715,0.00230783229316,-0.000113739498851,-0.00162876373271,0.00173870022993
-0.000235605969298,0.000860332620116,-7.3082487805e-05,-0.000342137538562,-0.000447298141224,0.000310165779661,-0.000470965969826,-0.00146012510983,-0.000327786260857,-0.000813656192846,0.000561057017014,-0.000283987030712,-0.000284793086346,-0.000415708272838,0.000370964792528,-0.000408528079603,-0.000368904942407,0.000324575742283,0.00101136412418,-0.000265227524073,0.00084772891031,4.71342826143e-05,0.00024065797067,-0.000292447775589,0.000382565167015,-0.000477570962157,-0.00036209387655,-0.000517969348743,0.000262093372792,-0.000233277711801,-0.00114066473693,0.000332078400206,0.000326838006335,-0.000559398218374,0.000622154588357,-0.000319806739528,0.000513186031809,-0.000420219437313,0.000513551497973,0.000485683641694,0.000332245450594,0.000427788760355,0.000309165166908,0.000483952764336,0.000417590518058,0.000548347588143,-0.000507306916948,0.000185303150714,-0.00038554576753,0.000585495820305
-0.000266373500812,0.00081448379109,-5.30757270865e-05,-0.000350973621457,-0.000421653061722,0.000292401710655,-0.000551106339152,-0.00164369495061,-0.000369247199521,-0.000584957760045,0.000601263569945,-0.000266047317015,-0.000376871065054,-0.000309225316481,0.000358294941672,-0.000315234041212,-0.000392138033223,0.000323377279107,-0.000274770992752,-0.000338770180862,0.000856716147187,0.000142123995644,0.00024383319312,-0.00027806456199,0.000392278614097,-0.000423573243283,-0.000397537462496,-0.000576173610401,0.000267643986441,-0.00028095808285,-0.0016166722145,0.000381624707181,0.000293127505275,-0.00060443147567,0.000520277777858,-0.000346206824118,0.000434717680747,-0.0004282018647,0.00044824318244,0.000340346105655,0.000281598835682,0.000420485176506,0.00037127435114,0.000449857303338,0.000450021668494,0.000535818265069,-0.000446476234386,0.000122690779271,-0.000424791223169,0.000655330532137
-0.000231061646394,0.000928477620257,-9.00352810802e-05,-0.000312740066256,-0.000403483950769,0.000300658266103,-0.000626848063971,-0.00147570526733,-0.000259178150221,-0.000589340167517,0.000535477426707,-0.000297390797388,-0.000314209904874,-0.000254550522819,0.00045692611506,-0.000374518569663,-0.000466136540033,0.000326282101795,0.000961614539459,-0.000270596858823,0.000736160486589,-3.66914783021e-05,0.000227696748112,-0.000240819891311,0.000440359987135,-0.000625396739082,-0.00038348150465,-0.000561441605499,0.000264013850328,-0.000246549588743,-0.00119641521351,0.000339936187327,0.000262890412821,-0.000630023241004,0.00061740483769,-0.000371794624422,0.000349858488068,-0.000452847943622,0.000470888030258,0.000436658067239,0.000217401477867,0.000533331290813,0.000259881202232,0.000352115605285,0.000374942959198,0.000522338302364,-0.00030921033114,0.000192141183149,-0.000391279873604,0.000675781383032
-0.000236590984139,0.000753073912274,-6.42588812027e-05,-0.00035498957693,-0.000521486623959,0.000297429441125,-0.000385751658218,-0.00135726709953,-0.000355915998015,-0.0005300496873,0.000591435709946,-0.000302459464615,-0.000416293541688,-0.000342525294838,0.000408283645122,-0.000367872444695,-0.000471928444829,0.000288428662868,0.00108212225578,-0.000273311047741,0.000896474197926,0.000120861257849,0.000167178008281,-0.000237835124402,0.000429240618182,-0.000560130595068,-0.000304217514604,-0.00054352552598,0.000259450722742,-0.000248182945747,-0.0010257307217,0.000283634781129,0.000301365292582,-0.000677121066994,0.000662435030364,-0.000267877929573,0.000503886517116,-0.000439666331664,0.000368068132785,0.000533890840577,0.000289817812843,0.000622906068493,0.00037522120579,0.000444839230357,0.000538485062182,0.000520883219378,-0.000546362278596,0.000180412607654,-0.000451855537291,0.000456944397728
-0.000287084602512,0.000815920585039,-7.86923271042e-05,-0.000371857936939,-0.00053825473644,0.000273390612504,-0.000468941578373,-0.0013680686737,-0.00034827819255,-0.000600571394635,0.000512412125686,-0.000229530149529,-0.000297211393792,-0.000322783744302,0.000429548030802,-0.000360414441321,-0.000348465103541,0.000285002668178,0.00110003222302,-0.000278332085247,0.000886822663524,0.000156018551397,0.000229971678426,-0.000304072306309,0.000393195399423,-0.000519551784883,-0.000181864443743,-0.000552202177097,0.000266506918473,-0.000250618652904,-0.00122208098123,0.000269038407508,0.000278234624293,-0.000522583319318,0.000585970362171,-0.000317136558287,0.000544455913643,-0.000463230641239,0.000374221829241,0.000409226032599,0.000225297054595,0.000511286036966,0.000404721428201,0.000435513182085,0.00032836033809,0.00041642830527,-0.000544139728737,0.000145807879125,-0.00039477285799,0.00065291731951
-0.000325474579214,0.00174501149762,-0.00121924422191,-0.000354467912859,-0.00346367937102,-0.000128882202002,0.00261145246182,-0.00296661279353,-0.00112143718141,-0.00040304830482,-0.00240176627192,-0.000566441103895,-0.000531485634826,0.000246279658283,0.000126205525802,5.60553468112e-05,0.00986240549558,-0.0020909064049,0.000997490419261,-0.00238562391199,-0.00294869738947,0.00334123798076,-0.00152228973712,-0.000147803246532,0.00224809841872,0.00217338940908,-0.000634024613984,6.68558345881e-06,-0.00151905762905,-3.24585520518e-05,0.00231798402235,0.000986565395704,0.000517321583664,0.0154777618783,0.00335515196277,0.00147980376858,-0.00177062240202,-0.00142982743925,-0.000203484634513,-0.003074606643,-0.00052242608214,0.000948810513207,-0.000641997594883,0.000530349000826,0.000356591512961,-0.000395617061267,0.00100640070798,-0.000679502706134,-0.00049827407353,-0.00966996016044
-0.000232711996288,0.000782376996685,-9.59586750496e-05,-0.00031255328655,-0.000366614743826,0.000214709947954,-0.000484059809702,-0.00159367903946,-0.000322484191567,-0.00071582752958,0.000607447741503,-0.000260110652404,-0.00037818469263,-0.00048290048292,0.000411911720052,-0.000333307346302,-0.000542036387231,0.000293676705011,0.000830279969918,-0.000199656286107,0.000830136211048,3.44602608266e-05,0.000274707125011,-0.000254311699147,0.000416584697856,-0.000496858293261,-0.000328660366248,-0.000505600707443,0.000259420301676,-0.000268190706591,-0.00123454532242,0.000424046547544,0.000315088374714,-0.000664002017875,0.000439992790741,-0.000351018551874,0.000406669097545,-0.000387928931222,0.000520685121737,0.000426039963243,0.000400109353347,0.000475999704991,0.000372649849836,0.000470298397613,0.000432760832761,0.000520159582587,-0.000474882930504,8.64938206674e-05,-0.000415090499497,0.000695783817818
-0.000198827984484,0.00116784029839,-0.00012727324067,-0.000356436951504,-0.000427618792426,0.000368900462401,-0.000703922379925,-0.00189862544512,-0.000153741447511,-0.000868045829501,0.000552046444175,-0.000244710901322,-0.000359472938065,-0.000374775606809,0.000640529149024,-0.000488126213958,-0.000522539515066,0.000385034824265,0.000797964524657,-0.000246889179468,0.00120223850829,-0.000397806034648,0.000240118080596,-0.000291950791949,0.000148718443295,-0.000872913157991,-0.000315263585981,-0.00084944959026,0.000279301965645,-0.000283063992595,-6.00254569672e-05,0.000264243787197,0.000233098639621,-0.00110481551241,0.00072956734401,-0.000266498905022,0.000557784604507,-0.000537494093987,0.000395976207174,0.000618470718406,0.000372927939642,0.000503055462196,0.000383611973561,0.000597082708282,0.000383796904545,0.000669278289088,-0.000806240181987,0.000157735182253,-0.000470006729754,0.000845957400359
-0.000247945779347,0.000486371865936,-9.48182671847e-05,-0.000269871519514,-0.000611541417944,0.00019767015996,-0.00066821845318,-0.00194744866996,-0.000519028753134,-0.00061408629211,0.0005728628098,-0.000210434683678,-0.000489119294139,-0.000425920035068,0.000660678872504,-0.000286810970887,-0.00028709060495,0.000296414972921,0.000148796171865,-0.000387933539693,0.000877384227026,0.000200635938286,0.00039988500235,-0.000322001805124,0.000672665991005,-0.000261476678894,-0.000365348938838,-0.000493765491233,0.000180432677528,-0.000449955218038,-0.00237079608455,0.000396790006828,0.000418488628549,-0.000626038076642,0.000140360226357,-0.000317272941061,0.000330046607232,-0.000627711348546,0.000430611868353,0.000461646535476,0.00053879308524,0.000287787591468,0.000448279661462,0.000539298163543,0.000253395841772,0.000488661379643,-0.000298988207612,0.000144366427759,-0.000412925556437,0.000549306196087
-0.000234756931892,0.000837109274368,-7.89120654208e-05,-0.000369246852965,-0.000181120807241,0.000271681710662,-0.000666720410415,-0.00144742008035,-0.000203237581329,-0.000723693520351,0.000519345098056,-0.000333333183139,-0.000472685651978,-0.000348223348717,0.00025696679712,-0.000569111663985,-0.000374244034939,0.000212961685592,-0.000358250379622,-0.000355459685945,0.000986015334329,0.000193117181328,0.000178420054548,-0.000275048825331,0.000351701581412,-0.000478571576542,-0.000140011839758,-0.000674777490884,0.000265491975942,-0.000286675893613,-0.00147656034861,0.000309766858457,0.000285339501202,-0.00075299378751,0.000315971194148,-0.000270307037794,0.000535285877133,-0.000597307461253,0.000396000111064,0.000437868238927,0.000334489523165,0.000640531480934,0.000366907341885,0.000575519229915,0.000527724062156,0.000615284634794,-0.000419410348824,0.000117317577986,-0.000446535788086,0.000589716126004
-0.000101916142701,0.00216720942931,-0.000206597005962,-0.000284820737641,0.000133066800622,-1.9368285345e-06,-0.000827207332617,-0.00290741333221,-0.000480146327874,-0.000821286419151,0.00043009791023,-0.000315635824131,-0.000317707549525,-0.000202033354537,0.000909249692404,-0.000405469830826,-0.000556968245729,0.000468047410579,0.000136947643103,2.33191122548e-05,0.001978645906,-2.85960376151e-05,0.000341040748792,-8.43025133381e-05,0.000266981106196,-0.00157239952323,-1.22984261924e-05,-0.000267251571439,0.000242188000149,-0.000386573995739,0.00159911476346,0.000166644763827,0.000479355355057,-0.00117154254379,0.000814102273108,-0.000309320732146,0.000151383405909,-3.60699576524e-05,0.000350863454231,0.000480951913887,0.000664611226072,0.000915529960679,0.00030214559671,0.000425996077478,0.0004150894896,0.000908094691088,-0.00028415624322,0.000385606219126,-0.00022622847857,0.000827606542224
-0.000210254227066,0.00104942211577,-9.19109629287e-05,-0.000357897570486,-0.000478347805397,0.000381925531412,-0.000695703773887,-0.00162727321853,-0.000310125147894,-0.000755373094302,0.000622975672637,-0.000255321679012,-0.000355021954994,-0.000334907366223,0.000449045767437,-0.000511682535117,-0.000413876861919,0.000369498490702,0.000965564728637,-0.000325571889634,0.000895083800262,-4.53411988281e-05,0.000303954503065,-0.000312075740161,0.000361344311652,-0.000631710232133,-0.000388317792317,-0.000701937801046,0.00027300041649,-0.000254710605969,-0.000609143067462,0.000360366065082,0.000278247263804,-0.000715073736535,0.000738059462721,-0.000294503261442,0.000475506288851,-0.000510897319775,0.000445225498486,0.000478226585189,0.000297459119932,0.000502767748251,0.000399618025033,0.000476180558378,0.000481193530876,0.000685584620086,-0.000526754444199,0.000127606574695,-0.000404766175563,0.000663019944591
-0.000252091898396,0.000884599164221,-0.000128253836,-0.000259201544257,-0.000548170454585,0.000351073266388,-0.000547078318851,-0.0013486620034,-0.000374104654176,-0.000595676453035,0.000436026307805,-0.000307635769483,-0.00040107450357,-0.000316531276154,0.000465638733345,-0.00038466094223,-0.000404301482064,0.000340699108204,0.00100786334877,-0.00028461443849,0.000825669887864,0.00019763891169,0.00027581030368,-0.000198168965268,0.000522862294392,-0.000439102738754,-0.000241202643063,-0.000404315281587,0.000272256829637,-0.000240362536177,-0.00117910754658,0.000336174372364,0.000305504114335,-0.000556219186747,0.000532167598347,-0.000216640534546,0.000522603356517,-0.000479324225657,0.00041187781501,0.000364222931899,0.000327858606703,0.000425817798128,0.000333570301581,0.000460507355315,0.00042597478671,0.000381604881161,-0.000417643818269,0.000105797443601,-0.000461621438162,0.000694294575411
-0.000222615397603,0.000866112122085,-0.000115252773758,-0.000327278491402,-0.000546731610993,0.000352157703912,-0.000576132075518,-0.00139741758809,-0.000316628623718,-0.000700876899446,0.000468846405419,-0.000328890880274,-0.000291181029,-0.000330478255688,0.000360502329059,-0.000290865066418,-0.000461634389554,0.000293295383833,0.00110519586995,-0.000289783397718,0.000788412111708,0.000101449414941,0.000220532620651,-0.000251186892579,0.000459340861757,-0.00054143528183,-0.000258552000796,-0.000573614928403,0.00026808352374,-0.000232322870518,-0.00111947012182,0.000313644181138,0.000295548105487,-0.000606202685617,0.000590148544544,-0.000276264459585,0.000496674122356,-0.000412416902407,0.000468677706663,0.000464658997071,0.000260831243296,0.000371138012611,0.000305347864826,0.000463504117216,0.000447868985103,0.000355505372208,-0.00058592998711,0.000125736201163,-0.000454422751556,0.000617606897052
-0.000187735510316,0.000710941693411,-4.5445928794e-05,-0.000367422952727,-0.000478295737563,0.000345662130988,-0.000429072059427,-0.00126295512164,-0.000397653971124,-0.000562155574085,0.000607386045637,-0.000244158406875,-0.000449346178428,-0.000323798034067,0.00051485185632,-0.000354673122989,-0.000344556632168,0.000285686841378,0.00102114487058,-0.000205010815757,0.000933638486186,3.01735579118e-05,0.000204546874073,-0.000219568926072,0.000466478549414,-0.000588212366621,-0.000258887159794,-0.000616854078601,0.000261896898717,-0.000237764156237,-0.00125543471376,0.000236665519572,0.000271918989733,-0.000586855833349,0.00061933594441,-0.000274558314337,0.00052613085157,-0.000431591748494,0.000263842366908,0.000462588646788,0.000260252935059,0.000541285142904,0.000259900873532,0.000400418786406,0.000454703450542,0.000528339961552,-0.000349189019301,7.05402772884e-05,-0.00039401399726,0.000553906540439
-0.000177811267679,0.00141061142049,-0.000162392161765,-0.000371620015584,-0.000586746464471,0.000393457353267,-0.000790753801217,-0.00164702029947,-0.000253178055873,-0.000747449094475,0.000506529552907,-0.000241136094084,-0.000346883840633,-0.000317945835951,0.000595431126763,-0.000592913937357,-0.000521152336899,0.000307100000525,0.000865068416804,-0.000175246617082,0.00093444424767,-0.000164095411555,0.000220799683582,-0.000292574711862,0.00021414667632,-0.000857257283789,-0.000308748328976,-0.000810823836642,0.000272455515589,-0.000288343759319,-5.16930132286e-06,0.000425350897381,0.000293720628562,-0.00100618725424,0.000769646256139,-0.00029453993567,0.00052657124322,-0.000526147346657,0.000462466398577,0.000655514276132,0.000218270396684,0.000628133660816,0.000379287139913,0.000538716112169,0.000407225608961,0.000781767506675,-0.000600861635644,0.000135487003884,-0.00040389048993,0.000954901028754
-0.000266925769886,0.00103715566038,-0.00016297622347,-0.000199755257342,-0.000467820335408,0.000205573329345,-0.000469505013677,-0.00173939132211,-0.000534304208642,-0.000511020842457,0.000543873367046,-0.000265911586121,-0.000417118661062,-0.00036951179503,0.000570094966304,-0.000392522710971,-0.000304265325679,0.000277094693899,0.000135298558729,-0.000354346176091,0.000760267292877,0.000209668123439,0.000286027745683,-0.000279468738003,0.000465149713006,-0.00044161359028,-0.000341943151123,-0.000500155728886,0.000267056932272,-0.000441424402069,-0.00218909648382,0.000412221579119,0.000377964235053,-0.000766050366963,0.00074692661042,-0.000237276136027,0.000226605742029,-0.000592033132393,0.000376464465105,0.000373672718921,0.000368113874222,0.000540210916848,0.000386976687957,0.000350014298689,0.000152389393064,0.000482625735055,-2.48329690292e-05,0.000137191419576,-0.000423598082728,0.000694156816958
-0.00024437157708,0.000882262376533,2.43877076337e-05,-0.000351495711659,-0.00034575662012,0.000319793925297,-0.000314523803933,-0.00159000924857,-0.000270714049869,-0.00085559571254,0.000485811883094,-0.00026721663008,-0.000350196133633,-0.000406787455169,0.000432067485466,-0.000528079118427,-0.00039446868757,0.000337389882874,0.00104123942481,-0.000200472101655,0.000949601325839,0.000144652572374,0.00030307032909,-0.000340715901465,0.000334506288282,-0.000553752240328,-0.00034179015017,-0.00066688130084,0.000272820822043,-0.00023694166985,-0.000862656295916,0.000415925508451,0.000299371836108,-0.00066777795528,0.000770999697936,-0.000305921777202,0.00039898657998,-0.000460669423277,0.000447639137699,0.000325106841035,0.000347607765728,0.000535399485471,0.000279913401411,0.000555078104036,0.000336353796399,0.00052158709249,-0.000581200849403,0.000124597588715,-0.000413357179653,0.000709295141055
-0.00263096689039,-0.0163137019309,0.000706950876686,0.00548370888833,0.00444638988901,0.00226521597609,0.00183687283844,0.0142948482331,-0.000253844696444,0.00373182362215,0.00139317092452,0.0113169898883,0.000401851027455,0.00198511333221,0.000544050174892,0.00316431923958,0.00138859604134,-0.000445699761509,-0.00127702951253,9.27728602478e-05,-0.00167053887967,0.000343571811996,-0.00210111328244,-0.00237346015683,-0.00183855687149,0.00333929067315,-0.00193368428374,-0.000191803190564,-0.0018502774847,-0.00112091664327,-0.00385319033597,0.000775954843936,0.000543106490667,-0.00151990528504,0.000303273065636,-0.000512109501353,-0.00115024997618,-0.00211061938402,-0.000374934929485,0.00140752506906,-0.0236914824892,-0.000496475009114,0.000139504690603,-0.000935110175952,0.000166283543431,0.00146484445419,0.00152525936453,0.00169202614823,0.0020840760683,0.00138990452133
-0.000260534164815,0.00110930164237,-7.11499198047e-05,-0.000312821723288,-0.00042093573581,0.000309798998198,-0.000604505703371,-0.00199873135351,-0.000241378582315,-0.000741013025144,0.000501228377488,-0.000292081591868,-0.000341085197095,-0.000291636114984,0.000471038133885,-0.000478714779194,-0.000396496038745,0.000375062361662,3.8080827652e-05,-0.000303353869397,0.000824055036318,8.82741235977e-05,-8.46700187208e-06,-0.000320902697409,0.000380501067452,-0.000583708908815,-0.000316951280513,-0.000547352491595,0.000260745182809,-0.000281932174734,-0.00132931756254,0.00027120987787,0.000276604644334,-0.000743859036335,0.000503963330171,-0.000305399317991,0.000439341742414,-0.000509723172733,0.000494394887184,0.000392706588426,0.000305973153582,0.00030476403117,0.000424832174793,0.000460199999295,0.000428759974419,0.000557087495223,-0.000516508838334,0.000168723900738,-0.000406212899847,0.000726789903823
-0.000250192983905,0.000897817624162,-0.000104011464812,-0.000338846011888,-0.000475848626742,0.000423812771122,-0.000803320582599,-0.00146583847998,-0.000364925677669,-0.00065959489038,0.000610257543676,-0.000251767633418,-0.000363189722401,-0.000372954014581,0.000407817103673,-0.000359639779266,-0.000322780573264,0.000302113402273,0.000277963849605,-0.000345320766924,0.000889290371416,0.000195501951481,0.000166548279381,-0.000335414388454,0.000535306097417,-0.000440596825684,-0.000362382467574,-0.00021723942709,0.000246676074763,-0.000282149285435,-0.00147023349421,0.000226396905401,0.000336305807067,-0.000415649216455,0.00057311004742,-0.000336823237559,0.00042654073176,-0.000524339810158,0.000469955619128,0.000347328078904,0.000327096709421,0.000270865264589,0.000265023513692,0.000416281769469,0.000399422954414,0.000515102150602,-0.000327158443665,9.16644625954e-05,-0.000394068099404,0.000621546034734
-0.00029530857211,0.000822499225145,-7.60974039641e-05,-0.000305344046253,-0.000285658317921,0.000370314410083,-0.000767666793753,-0.00177458699582,-0.000339639041194,-0.000762708528553,0.000603728388352,-0.000232584272005,-0.00037507344545,-0.000319844660573,0.000345526393638,-0.000420353597885,-0.000406083957929,0.000324841775252,-0.000269657913827,-0.00030289637535,0.000816844733607,6.98829241644e-05,0.00023758975377,-0.000353095483619,0.000630795880121,-0.000292848896335,-0.000371910111312,-0.000733610841505,0.000266212140306,-0.000266036396822,-0.00157593877002,0.000468031896136,0.0003399525215,-0.000561559193059,0.000590274020457,-0.000371346032957,0.000657884164592,-0.000570415426506,0.000545847741588,0.000415033109824,0.00026836251416,0.000392275520034,0.000351287972153,0.000487540610865,0.000552643994674,0.000466962186976,-0.000555077901907,0.000176857438127,-0.000389097303965,0.000589241562075
-0.000182385180863,0.000883840136499,-6.42749894563e-06,-0.000331655203943,-0.000324185643067,0.000255250084536,-0.00042422430627,-0.0014910064154,-0.000329057157948,-0.000715363997439,0.000520608354567,-0.000244774332959,-0.000363719613583,-0.000322741994969,0.000452560926859,-0.000431110768146,-0.000331229763439,0.000288446674376,0.000951693052071,-0.000189649978626,0.000742150795281,0.000165740726316,0.000260482166251,-0.000307099742585,0.000556236275754,-0.0004744865177,-0.000368224580483,-0.000445165568874,0.000260688340141,-0.000252666009967,-0.00124763221561,0.000369504628629,0.000329512129722,-0.000633020733373,0.000577374554531,-0.000292122475665,0.000449475817095,-0.000568329219983,0.000348296677747,0.000345503433037,0.000231502363888,0.000545078818501,0.000316543505622,0.000447018662573,0.000438319801686,0.000482808450932,-0.000466413645374,0.00011381941025,-0.000436421173149,0.000547244481405
-0.00138284588717,-0.00797134873135,0.00061349340797,0.000488357134466,-0.00275790455264,0.000779111322389,0.00142578062155,0.0173763719104,0.00106751689896,0.00773893466985,-0.00012538376207,0.00389528666161,-0.000368632938828,0.00254782770833,-0.000897376050518,0.00385893546817,0.00414177359788,-0.00214595796784,0.000502790367387,0.00129050231436,-0.00533396612611,0.00260794838708,0.00118745250323,0.000570711459002,0.00168612306727,0.0078897505199,-0.000677212450313,0.00259074276163,6.31229683597e-05,-0.000545482653599,-0.000827608951147,-0.00188897776776,0.00135511090798,0.00325972973405,-0.00277769532662,-0.000869216671003,-0.000823089612328,0.000369884071574,7.22730198928e-05,-0.00267984446866,0.00151217919026,-0.00518130771739,0.00138808815285,-0.0014988780101,0.00144352764257,-0.00186573888362,0.00171195219055,0.000525251688764,-0.000884476628606,-0.00095569627809
-0.000252118302142,0.000657433659677,-6.69869098451e-06,-0.000391983069219,-0.000272778754375,0.000193669060399,-0.00035890113927,-0.00100557538432,-0.00029191406052,-0.000843552434762,0.000587654837413,-0.000257671771296,-0.000331545122302,-0.000386680467844,0.000416972886508,-0.00032671654806,-0.000312184370684,0.000275134778316,0.00108620886088,-0.000164688246098,0.000766572143067,0.000121191098576,0.000308516395379,-0.000310254722603,0.000477860733481,-0.000306579081057,-0.000363034988421,-0.000484276856846,0.000268372002299,-0.000192809217865,-0.000952737029582,0.00048178614737,0.000321364014685,-0.000491545965319,0.000353821037495,-0.000237390948378,0.000467565049586,-0.000521531802745,0.000299157530553,0.000343740731637,0.00023255609883,0.00047460655819,0.000358107523011,0.000314008447796,0.000516411822483,0.000594899458682,-0.000411802729953,0.000127089347353,-0.000337500427188,0.000576672713662
-0.000230355517162,0.000897430918717,-6.93215063398e-05,-0.000340697542614,-0.000415987411338,0.000404418773697,-0.000600947694752,-0.00156868216183,-0.000310381900751,-0.000746790982557,0.000545134241956,-0.000255322207678,-0.000375330458266,-0.000355273906392,0.000461267555809,-0.000422057151233,-0.000414470359615,0.000332528961262,0.00108104714787,-0.000199987131054,0.000787458122399,-7.42930394845e-05,0.000222389354401,-0.000348042849836,0.000396061697426,-0.000614864876633,-0.000372754616483,-0.000631434966501,0.000247193111359,-0.000246361957976,-0.000816349083986,0.000278043046905,0.000320451190653,-0.000704795803464,0.000684410556548,-0.00034530418723,0.000599032990996,-0.000571473649624,0.000519692169376,0.000587743040753,0.000271559011185,0.00062376020567,0.000289794654803,0.000470366643292,0.000491026069274,0.000592350910971,-0.00065291690479,9.25551667607e-05,-0.00038895149192,0.0006681376538
-0.000254347362608,0.000991146837567,-8.67156674054e-05,-0.000346780982296,-0.000565897855646,0.000365861950385,-0.00050729322554,-0.00147951138949,-0.000289036082943,-0.000577157733816,0.000539799745079,-0.000273495456168,-0.000346929923095,-0.000278937706165,0.000493405321372,-0.000366938072408,-0.000400277099355,0.000342306075179,0.0010029506771,-0.000219081132836,0.00102401162529,5.06790443618e-05,0.000300603706525,-0.000276169539094,0.000405595365277,-0.00066910594518,-0.000238576986184,-0.000512930119174,0.000273121850524,-0.000268387391087,-0.000661424565489,0.000329733577343,0.000251074304886,-0.000833695845878,0.000683056765364,-0.000195127561834,0.000548815651844,-0.000443498889685,0.000437715464159,0.000549517240881,0.000332746795126,0.000595067126355,0.000344342702586,0.000456952705421,0.000440911170521,0.000459942211575,-0.000616512535839,0.0001851116475,-0.000390438165836,0.000702602385122
-0.000269228877457,0.000956108643354,-0.000103786431145,-0.000368474115634,-0.000465256223723,0.000200306717167,-0.000604228496135,-0.00187527320712,-0.000273856967347,-0.000847839243646,0.000577161510644,-0.000275211632268,-0.000193257309185,-0.000386501404277,0.000661716661268,-0.000404345282918,-0.000538134658741,0.000264064882478,0.000795862994231,-0.000220467625773,0.00100607236602,-0.000210349470909,0.000352723407805,-0.000289211747945,0.000512313833195,-0.00057053462423,-0.00025042812819,-0.00077293861259,0.000286825524614,-0.000253332341791,-0.000834063902558,0.000349000829525,0.000320737335464,-0.000680038464249,0.00065243753575,-0.000194771179163,0.000481962985953,-0.000512141194828,0.000492390219595,0.000611263633095,0.00037296113285,0.000674935208527,0.000369847292669,0.000451476966584,0.000455268568874,0.000579312727441,-0.000241090539087,0.000130625292414,-0.000423860924965,0.00100655737472
-0.000196911813274,0.000897523960582,-4.28875519725e-05,-0.000302841277633,-0.000524894682144,0.000268556491174,-0.000517793415516,-0.00164027283455,-0.000355061196988,-0.000591966061407,0.000509921708264,-0.000272798272084,-0.000311674010443,-0.000280469575565,0.000485320529487,-0.00017081240969,-0.000434010633441,0.000335131076822,0.000978450259795,-0.00025974792415,0.000833531845446,7.24531374934e-05,0.000197380881181,-0.000342373094022,0.000381228595633,-0.000664601070239,-0.000268188946841,-0.000641327013463,0.000263997022944,-0.000252173087334,-0.000837086828995,0.000372111482446,0.000279386536814,-0.000867440041994,0.000738237076645,-0.000264495464246,0.000459146650935,-0.000503086980578,0.000440977750587,0.000417061002629,0.000331958077517,0.000520119218345,0.00037207798467,0.000492923429442,0.000407278768503,0.000521227466893,-0.000465098575326,0.000154984354519,-0.000409875107598,0.000661560639865
-0.000249757885417,0.00112374986134,-1.42803483981e-05,-0.000217695413771,-0.000683844098902,0.000188957597052,-0.000733519354385,-0.0017054015276,-0.000389073654748,-0.000688219345159,0.000449634577448,-0.000305512722338,-0.000312943332674,-0.000299924114508,0.000355934045155,-0.000439172049315,-0.00051833142531,0.000351505259832,0.0010573550226,-0.000148516712892,0.000849573509166,-2.76086201294e-05,0.000292404322786,-0.000331182949457,0.000471553313713,-0.000699863560031,-0.000284187244562,-0.000526227183997,0.000277673578997,-0.000256187451828,-0.000991978009681,0.000423360981859,0.000378701337156,-0.000843742682373,0.000584411889801,-0.0002387100884,0.000622413997162,-0.000419362843654,0.000133610452593,0.000449945558281,0.000567522206428,0.000387187527094,0.000245195504621,0.0006590956371,0.000473239193958,0.000731968794582,-0.000462493916323,0.000146357819365,-0.000398341978772,0.000709626686802
-0.000227295629328,0.000895337060358,-4.21849950017e-05,-0.000354469153758,-0.000257782827391,0.000329581141141,-0.000525914639224,-0.00190123581482,-0.000325419268325,-0.000839534837119,0.000559095942455,-0.000317478119936,-0.00040260295984,-0.000372902816315,0.000287197098292,-0.000449529825493,-0.000340949237004,0.000338832640691,-0.000222389672255,-0.000233794593573,0.000901463548939,0.000233552738862,0.000184510463286,-0.000320007667583,0.000471581563769,-0.000530551094855,-0.000453015562651,-0.000636762607183,0.000256619867289,-0.000286733841135,-0.00140976230134,0.000417366039003,0.000284206126586,-0.000675320858391,0.000400938477904,-0.000331314620165,0.000568993612621,-0.000503292774495,0.000427649243055,0.000395984137116,0.000277336096825,0.000515576626985,0.000317235222271,0.000500954018427,0.000369307999493,0.000492273977144,-0.000552863484078,0.000158989757307,-0.000427859283904,0.000599035184726
-0.000263746093455,0.00112875304094,-0.000225367223864,-9.29983887348e-05,-0.000331502967378,9.87648154406e-05,-0.00034997605955,-0.00173507143334,-0.000635321847559,-0.000264539966832,0.000376705296003,-0.000255815095446,-0.000375132963012,-0.000402029869103,0.000768257227549,-0.000556760483666,-0.00017325608893,0.000215796084314,-0.000830397884879,-0.000412015336034,0.000655588390894,0.000355733248235,0.000303983155454,-0.000262303374743,0.00035901471338,-0.000488844989316,-0.000317725000782,-0.000345350823265,0.000265345424145,-0.000476810452091,-0.00254469358459,0.000448331830938,0.000453834104673,-0.000900672985137,0.000768308823568,-5.98973436475e-05,-0.000103622859792,-0.000379065094303,0.000167542312191,0.000312106412347,0.000341563764276,0.000566832421574,0.000418790534667,0.000148773223819,-0.000235143995211,0.000350016106342,0.000254617099937,6.92470510181e-05,-0.000341286669795,0.000772644583218
-0.000215481345085,0.000915349813934,-4.84916946659e-05,-0.000293594406291,-0.000353132860285,0.000289901166018,-0.000525528316423,-0.00148304444045,-0.000363853318293,-0.00057338139952,0.000603581727555,-0.000276266194529,-0.000298212729247,-0.000406478838258,0.000467759058769,-0.000282707600969,-0.000350014170722,0.000321598309952,0.000796765700274,-0.000264744942383,0.000809013869997,0.000173809308581,0.000187218552074,-0.000324211087047,0.000332176363417,-0.000734772911648,-0.000306836296263,-0.000621268868747,0.000258580868602,-0.000274249049052,-0.00117227188319,0.000475302990678,0.00033986356667,-0.000604600098429,0.000519431498145,-0.000272344012313,0.000382991583063,-0.000505855088287,0.000301482210116,0.000410910196936,0.000196180358073,0.000599296510593,0.000405472787986,0.000376487240786,0.000475206518512,0.000476294999969,-0.000486561059039,0.000217109608334,-0.00040264460335,0.000672368121954
3.80986648052e-05,-0.000297945005653,0.000296435691798,-4.34610755192e-05,-0.000399633885933,0.000197933235863,0.000265677288052,-0.00227549732909,-0.000520069110114,-0.00103238780958,5.55213920377e-05,6.60422032591e-05,-0.000228581446841,-0.000222713595532,0.000210780399229,0.00128291181749,0.000369031285591,-6.3573003729e-05,0.000227517373422,-0.000291572226195,0.000457317729034,0.00116752565219,0.000223178195169,7.1905257578e-05,0.000610558349465,-0.000474798314427,-0.000425138447005,0.000869083412457,0.000242924979429,9.32387163227e-06,9.58575429992e-05,0.000118495581228,-0.000136322216783,0.000916753859092,-0.000720195874649,-0.000316398307398,0.000712424857666,2.79353683977e-05,0.000469311078994,-0.000965435220755,0.00025955319272,4.04398628567e-05,0.00057138364282,-6.29145478828e-05,0.000422078677977,-0.000146595806114,0.000265000909485,-9.3191265111e-05,-0.000178025928642,-0.000581084753789
-0.000262683516402,0.000863335911279,-0.000115155337382,-0.000306098853996,-0.000491811116338,0.000167548435624,-0.000391036214256,-0.00130545967348,-0.000304543109053,-0.000610392496682,0.000470352702732,-0.000227265629213,-0.000334644569127,-0.000318075852392,0.00040934844989,-0.00024962448423,-0.000409563541686,0.000333809663371,0.00109467342653,-0.000340262961669,0.000810517302101,0.000178438177698,0.000258308271515,-0.000248251838307,0.000291600561679,-0.000304159910006,-0.000342323292489,-0.000365755276129,0.000253779688329,-0.000180380722073,-0.0011739950053,0.000203315417348,0.000323874233588,-0.000534173660311,0.000583619117901,-0.000343939857121,0.000396176487013,-0.00036378619733,0.000372623228278,0.000412667764359,0.000233985693671,0.000403246854721,0.000324551589198,0.000324494082539,0.000377316114437,0.000598165107922,-0.000359340713084,7.85601524665e-05,-0.000546394441659,0.000673739946969
-0.000271606809327,0.000985632258793,-6.5907738799e-05,-0.000322517867648,-0.00019762187461,0.00035656132358,-0.000524667126372,-0.00147932748154,-0.000308352456995,-0.000746136206459,0.000503956956547,-0.000269998255594,-0.000363755704993,-0.000383531848072,0.000498204201018,-0.000251109205852,-0.000431492184,0.000343435934113,0.0010435457239,-0.000186650544518,0.000850031027519,0.000139842944714,0.000291983476845,-0.000246599937647,0.000368558059602,-0.000522376826734,-0.000221366757391,-0.000604815674514,0.000264440350753,-0.000242096283352,-0.00116115326668,0.000235160271185,0.000271770873418,-0.000711833402324,0.000568613082036,-0.000324013656803,0.00040439377827,-0.000534912373906,0.000387356878083,0.000421357564387,0.000279175104296,0.000519856180296,0.000365569915603,0.000330495122542,0.000393932698315,0.000448052398738,-0.00047961123779,0.000101781657663,-0.000416572303699,0.000566369523773
-0.000246739239825,0.00105682298416,-0.000171981192354,-0.000358104310232,-0.000525642394034,0.000359508745733,-0.000604727100268,-0.00163462335863,-0.000345198736722,-0.000615614670787,0.000439784408042,-0.000303966878433,-0.00032238239849,-0.00029271739957,0.00050140940281,-0.00057249501015,-0.000403442601787,0.00033168468956,0.000858223236507,-0.000218242862123,0.00080599353287,6.22825551453e-05,0.000260282268845,-0.000268434575684,0.000430287020326,-0.000584550275826,-0.000241751267202,-0.000644047311393,0.000241472915681,-0.000262159670517,-0.000708184692691,0.000316595636212,0.000308714343922,-0.000442086072209,0.000706241634033,-0.000305794720559,0.000585339112802,-0.000493683084335,0.000440074604444,0.000482537056114,0.000323933680147,0.000468183396242,0.000358246058845,0.000373120651812,0.000329326885065,0.000593315483199,-0.000387916996504,0.000200821812601,-0.000340055110369,0.000712898294069
-0.000181285093716,0.000828099879769,-0.000186950285937,-0.000356574383619,-0.000499518120298,0.000304132473983,-0.000627747796216,-0.00153582136246,-0.000248742228529,-0.000738212119096,0.000341819343544,-0.000224467047742,-0.000301288922495,-0.000397465947341,0.000416543795631,-0.000476278379669,-0.000387489986214,0.000364023470919,0.000940150354696,-0.000292991130914,0.000734213696736,1.41554016779e-05,0.000284393991395,-0.000290971413969,0.000379330660814,-0.000535804031792,-0.000411649718703,-0.000441919570327,0.000254234954534,-0.000231101638146,-0.00122482837875,0.000239406208722,0.000312021002362,-0.000664179766423,0.000528941089308,-0.000293227401869,0.000427441521156,-0.00051230201513,0.000436872177207,0.000434846344024,0.000269534771779,0.000438420004368,0.000160512375366,0.000381480948633,0.000368293055099,0.000393605260324,-0.000319682111273,0.000113995359174,-0.00030565415997,0.000621605455157
-0.000188189492186,0.000947028041423,-6.76733634782e-05,-0.000383397932323,-0.000471009343688,0.000426255005808,-0.000810062158196,-0.00197798696967,-0.000309674410092,-0.000749022307218,0.000754898287143,-0.000308618427983,-0.000529856331129,-0.000248917572235,0.000690468647168,-0.000684081590288,-0.000570389277133,0.000365368031938,0.000958588927008,-0.000259565289879,0.000984582221074,1.10581709839e-05,0.000259763445753,-0.000354622499923,0.000362791121888,-0.000867366126539,-0.000371092857601,-0.000529578618256,0.000273490612253,-0.000272947103953,-0.000390770310746,1.77788121122e-05,0.000267277430232,0.00118759823505,0.000652786786013,-0.000247155535286,0.000717951900211,-0.000484800340197,0.000528590153559,0.000350352024205,0.000486236452923,0.000463248883419,0.000342700253145,0.000588672819223,0.000540786509675,0.000846488075234,-0.000173695194706,0.000146870083314,-0.000484430758679,0.000793142450259
-0.00117745075722,-0.00756869637862,0.00249542874083,-0.000704575504254,0.000866210312222,0.00226450889342,0.0231878528215,0.0186999496466,0.000493856743459,0.00391018602045,0.00127056269113,-0.000585240019007,-0.000233952678525,0.00213597399087,-0.00198940277879,0.0023902212561,-0.000862382746123,0.00016755413918,0.000608238848993,0.00250320187347,-0.00127501025405,0.00253947331136,-3.93946529939e-05,-0.00120325628735,-0.000226948535531,0.00374787427568,0.000159663143859,0.00204309203874,0.000275384566436,-0.000589096247955,-2.7387978427e-05,0.000330696719178,-0.000674018076797,-0.000232345842821,-0.000612185245214,5.41878830003e-05,0.00049492949928,-0.00155115697196,0.000947952008926,-0.00192124872665,-0.000205725948001,-0.00128447104703,-0.000433509388107,0.000362199044843,0.000673011750173,-0.00386140674575,-6.2037224662e-05,0.00104951587935,-0.000536824404743,-0.00177709232396
-0.000255205877137,0.000943768465389,-0.000123517899259,-0.000314241731133,-0.000570014424039,0.000183371480243,-0.000693696897445,-0.00163946630582,-0.000343995759775,-0.000539808269946,0.00054697153297,-0.000275688558822,-0.000371314785131,-0.000331283009144,0.000450276331546,-0.000439348470741,-0.000363956631335,0.000336127920182,4.13497719698e-06,-0.000310715066731,0.000841487306408,-7.60253292734e-05,0.000163446842274,-0.000225433536519,0.000399510539347,-0.000557601750888,-0.000366436360324,-0.000666351059465,0.000270276663977,-0.000287131948847,-0.00143939909205,0.000284865942723,0.000266093265219,-0.000762685309315,0.00061164376055,-0.000216479721163,0.000249917361707,-0.000451406252997,0.000444915101517,0.000588823241293,0.000274901154804,0.000347527441762,0.000308943102532,0.000370291164408,0.000151282234317,0.00050066957751,-0.000270570306693,9.37127970989e-05,-0.000345928800905,0.000731661930606
-0.000203890879475,0.000931306946057,-5.72820638623e-05,-0.00035984778666,-0.000377039845872,0.000393647625882,-0.000601977666242,-0.00174795547841,-0.0002187074648,-0.000854147592283,0.000592086967955,-0.000241377860037,-0.000433543197433,-0.000310205008777,0.000302949699403,-0.000368380105531,-0.000451358246277,0.000314747195018,-0.000336706027506,-0.000284951676891,0.000910173480665,5.44667014811e-05,0.000217303553246,-0.000353857035072,0.000407675747232,-0.000630013821867,-0.000382945321294,-0.00055867864509,0.000253567812332,-0.000303291018176,-0.001220010187,0.000415764732777,0.000288832571396,-0.000842097486483,0.000630105649638,-0.00037950773709,0.000526931110047,-0.000620513832985,0.000486325962655,0.000416923419446,0.000325018667364,0.000480701289114,0.000357820211629,0.000581833910705,0.000466267883409,0.000370354227242,-0.000566280063841,0.0001572936965,-0.000450585987156,0.000530706563083
-0.000285850339356,0.000817190476988,-9.93396649185e-05,-0.000294667062873,-0.0002758196108,0.000309907956401,-0.000381562495537,-0.00143431427547,-0.000283631415549,-0.000510516496871,0.000405662000218,-0.000266403485366,-0.00039946782364,-0.000305999856358,0.000429067050386,-0.000431258499124,-0.000411700720398,0.000269125397856,0.000929139040322,-0.000332083833826,0.000898597750439,0.000131211130477,0.000247500266565,-0.000256831666814,0.0003617119068,-0.000556307323795,-0.000336436774355,-0.00059224109435,0.000270073440541,-0.000236176365579,-0.0011631304533,0.000287035041489,0.000271470431835,-0.000693310838558,0.000583174994693,-0.000293982853345,0.000578999746258,-0.000452933033494,0.000439651497054,0.000349252709533,0.000299015033883,0.000509227264274,0.000366526319875,0.000430396363059,0.00048380202515,0.00054940260698,-0.000540269165565,0.000199293888177,-0.000349703195075,0.000769421833694
-0.000214106623067,0.000816002050867,-0.000108677096674,-0.000350166397055,-0.000573776597299,0.00020027473265,-0.000424129772631,-0.00124433713091,-0.00033307302777,-0.000642131538729,0.000452931517975,-0.000213384199801,-0.000295403673763,-0.000380822731127,0.000459510921006,-0.000413929075093,-0.000500884366848,0.000278925280178,0.00105004860368,-0.000284384721859,0.000879017275368,0.000170363223328,0.000276112975727,-0.000287853184477,0.000374755816118,-0.000524195134175,-0.000271700180569,-0.000527858279206,0.000264566616357,-0.000284359084848,-0.00100441234444,0.000295528635806,0.000371492262792,-0.000654375735849,0.000566013814494,-0.000296131607046,0.000438625064845,-0.000517225519408,0.000329902955972,0.000596504571159,0.000251123126247,0.000598187509536,0.000364156265459,0.000395995751969,0.00039481506647,0.000563327097788,-0.000418422529278,0.000146496114746,-0.000514489066494,0.000648760684125
-0.000240979584776,0.000793311061592,-8.52720584016e-05,-0.000290184686175,-0.000403216271781,0.000291315204536,-0.000525320696112,-0.00153336169423,-0.000259174064122,-0.000690812199795,0.000517964446396,-0.000265321221284,-0.000432432759517,-0.000288554713021,0.000381820092828,-0.000463836274106,-0.000449284467594,0.00027382461461,0.00106823793462,-0.000309317684857,0.000859167377467,0.000143803429287,0.000169236158604,-0.00032477189857,0.000355930748727,-0.000560465878804,-0.000312725822451,-0.000589806035182,0.000262384399346,-0.000255468901278,-0.00116551096397,0.000188282424468,0.000295461615465,-0.000635002774247,0.000528803740988,-0.000280787605274,0.00047425852851,-0.000391604356053,0.000361058873843,0.000471461627871,0.000252997132552,0.000578223966823,0.000315074272633,0.000424583818753,0.000428997450517,0.000569883071916,-0.000407787457606,0.00016201516099,-0.000444188948599,0.00071422352759
-0.000209445798754,0.0010241076984,-1.35355099003e-06,-0.000405305961934,-0.000456199458769,0.000384149867871,-0.000668918263606,-0.00182922551037,-0.000272857873783,-0.000827926164582,0.000576772799496,-0.000281642907838,-0.000339088140533,-0.000391149333061,0.000521465614954,-0.000383088122114,-0.000379224176417,0.000338743596873,0.000806330689454,-0.000250774211891,0.000904676001871,-9.45017174994e-05,0.000203910648713,-0.000306150030509,0.000382221643157,-0.000711057232116,-0.000346276472717,-0.000734283207926,0.0002706163227,-0.000252397568719,-0.000538083557672,0.000368234488969,0.000305234230538,-0.000873150445836,0.000473005371796,-0.000329645516401,0.000555803478073,-0.000586734869759,0.00045939308887,0.000468475273581,0.000267829056933,0.000425088348683,0.000407925261686,0.000546484948752,0.000511968843294,0.00057861582821,-0.000781422784639,0.000155804340416,-0.000383258419234,0.000661901760122
-0.000219679005632,0.00103558759432,-8.47050477032e-06,-0.000428461094435,-0.000473207761898,0.000362860460587,-0.000698233431624,-0.00175704859313,-0.000241428228572,-0.000773091569413,0.000591924761404,-0.000294081726479,-0.000302330227463,-0.000298245501313,0.000522525277909,-0.000368484291968,-0.000414822178161,0.000323673815095,0.000788982633896,-0.000220086967377,0.000976640647122,-6.4694323769e-05,0.000250661631734,-0.000313697571815,0.000373768103234,-0.000676487437224,-0.00029990829989,-0.00067726479154,0.000275204950798,-0.000265744661086,-0.000575441785304,0.000355198054856,0.000304205053016,-0.000874466483592,0.000641830205153,-0.000342550729226,0.000529044588447,-0.000569812770948,0.000409722452046,0.000483386828753,0.000320239542282,0.000412867343981,0.000430370294377,0.00054386932293,0.000482299359214,0.000547773970871,-0.000805264010703,0.000159165906516,-0.000399990798831,0.000677839537781
-0.00022851548233,0.00105266618094,-0.000140476989286,-0.000251187138556,-0.000521862031276,0.000296693342388,-0.000548497156024,-0.00148919269468,-0.000380356710815,-0.000424937793177,0.000495592499923,-0.000262017529076,-0.000306544354545,-0.000366931912819,0.000401123036927,-0.000382467369601,-0.000342084881647,0.000288899081502,-0.000230231190334,-0.000319975903357,0.000836097187147,2.21171310469e-05,7.67493423563e-05,-0.000300497327508,0.000439102749242,-0.000513100725167,-0.000455890521543,-0.000543453082004,0.000260336436594,-0.000383735366193,-0.00172876395361,0.000306641963713,0.000346727349525,-0.000802848413246,0.000563179511204,-0.000204867810451,0.000242571297333,-0.000571495633943,0.000442817661129,0.000595726875816,0.000291392222333,0.000682700739315,0.000291191829008,0.000298830681034,9.96362117008e-05,0.00043882909672,-0.000194701221995,8.79893009373e-05,-0.000360754893868,0.000748825362525
-0.000278193615356,0.000819552812404,-7.22190824461e-06,-0.000347763582976,-0.000551119966463,0.000317948065033,-0.000708621700262,-0.000940644490635,-0.000120155493356,-0.000818066748466,0.000657342278712,-0.000232777211119,-0.000401667146669,-0.000170313408768,0.000500803797724,0.000169876043866,-0.000591978126012,0.000202974318011,0.000701464439681,-0.000295685711306,0.000902657403386,-0.000428363391374,0.00027604371231,-0.000381644822461,5.04820397038e-05,-0.00045626397492,-0.000186933653295,-0.000702614327626,0.000230642780538,-0.000286163175588,0.00028936014854,0.000456760348842,0.000102898186343,-0.000943112660278,0.000583014588377,-0.000325485127537,0.000313852581165,-0.000500302161089,0.000486830942546,0.000481608173843,0.00020665006515,0.00023691372899,0.000546727782402,0.000664587154518,0.000404486127626,0.000294245509316,-0.000432256690946,0.000341663540041,-0.000290245533211,0.000543093564989
-0.000233741181798,0.000970548629568,-1.85973850773e-05,-0.000315960354065,-0.000423016078227,0.000253498898642,-0.000657832917331,-0.00154063788169,-0.000318950967793,-0.000838450891813,0.00059787105431,-0.000280701444947,-0.000374549849302,-0.000292720838308,0.000432527317256,-0.000435858063423,-0.00043716603744,0.000321546218704,0.000955025181257,-0.000308476424356,0.000859226775476,8.80721282438e-05,0.000278600673626,-0.00025297421817,0.000460301285692,-0.000553948362473,-0.000310129017939,-0.000560788914283,0.000263238547624,-0.000241793727239,-0.000818214115193,0.000245782228515,0.000268649909149,-0.000802144040946,0.000620955623727,-0.000358717129033,0.000480553596657,-0.000588218082174,0.000485578070986,0.000402046530884,0.000324094249664,0.000496654651856,0.000314498053914,0.000532749497207,0.000337557321611,0.000492758209443,-0.000627441983303,0.00012920605883,-0.000406635846349,0.000680587038892
-0.000239345737532,0.000964798987832,-6.41813480933e-05,-0.000330282774063,-0.000469556232965,0.000256055025223,-0.000582152523488,-0.00137924339127,-0.000267447911744,-0.000565283183542,0.000541208658369,-0.000253969418357,-0.00035699278137,-0.000349793836749,0.000311486716397,-0.000452118303406,-0.000418047262643,0.000296566823753,0.00110716350242,-0.000233853173742,0.000966389726042,0.000121186838522,0.00023771288402,-0.000271510971785,0.000333273052753,-0.000586494622308,-0.000306697394928,-0.000656785762759,0.000281863110076,-0.000255961565332,-0.000918052570535,0.000388350726092,0.00031915863677,-0.000757148939122,0.000599280563631,-0.000260264062583,0.000462713792451,-0.000455158374719,0.000560781694678,0.000543242954649,0.000311204787191,0.000628197957613,0.000331563272604,0.000395304699484,0.000367518986694,0.000528264531099,-0.000520544227133,0.000230794238063,-0.00038123539257,0.00055595990387
-0.000218539335624,0.000934890796887,-6.86778483588e-05,-0.000356332386498,-0.000426345183674,0.000188827872693,-0.000613460831425,-0.00122563585606,-0.000290546199257,-0.000634429615579,0.000614221868454,-0.00028945224586,-0.000355904857427,-0.000370295943053,0.000468842814445,-0.000517440679978,-0.000484358062155,0.000362287711379,0.00096318095999,-0.000230675142048,0.00108314268021,6.54017559709e-05,0.000159352506515,-0.000237120162549,0.000339399860847,-0.000684191415453,-0.000302524174483,-0.000592806853915,0.000258185747565,-0.000284329971498,-0.000725632594952,0.000361813592971,0.000232597162899,-0.000768427072954,0.000749132028708,-0.0002978407943,0.000584242727286,-0.000464382937878,0.000468090543518,0.000523160900309,0.000259544448421,0.000582854959111,0.000429980002112,0.000456265780273,0.000470618434371,0.000457618876914,-0.000486864008779,0.000121941106036,-0.000469299810384,0.000785951463599
-0.000550833443518,-0.000211694378472,0.000170678307161,-0.000403607469263,-0.000601417613388,0.00027975608914,-0.000173599280221,0.00312180925011,-2.57290205927e-05,0.000472442561822,0.000925736871957,-0.000322452394508,-0.000400674485563,-8.14440778334e-06,0.000755066894125,5.40181507536e-05,0.00197346910223,0.000232592087468,0.00118540633009,-0.000364655262651,-0.000227222264677,0.000380607710076,0.000373436581289,-0.00030843997863,0.000670393538381,0.000833749237709,-0.000694101122173,-0.000185713112135,0.000301080008956,-0.000309908111896,-0.000378574177348,0.000383455841438,0.000382760981223,-0.00068100335997,0.000149901852674,0.000133409572273,-0.000734555734368,-0.000777965217602,0.000219696155419,-0.000488631230463,0.000151535468636,0.00103476759251,0.000297825589976,0.000828503241224,0.000684267538837,0.000660369795591,-0.000378997352316,0.000287898402866,-0.000359011343182,-0.000321675251821
-0.000803063596762,-0.000660437648289,-7.84312833885e-05,-0.000390987517018,-0.000662708604638,0.000301286324259,-0.000134965373541,0.00574299902487,0.000340535071515,0.000325344100872,0.000882242730518,-0.000354863960942,-0.000313584363679,0.00105577355195,-7.6767576812e-05,0.000908117183973,-0.000545205198583,0.000287973847984,0.000860790853094,-0.00020541891883,0.000251320323242,0.000491340070743,0.000395837416225,-0.000507475461863,0.000966232800403,0.00181123141986,-0.00058050039106,-4.43379789321e-05,0.000229255806222,-0.000459289014627,0.000592814278452,0.000157339560229,0.000454724182837,-0.000685309930119,2.78094496565e-05,-0.000362767577562,0.000625404192823,-0.00100041396328,0.000525959373772,0.0002776040746,0.000386110416132,0.000285554444652,0.000519610739448,0.000495980000314,0.000505082527792,-7.77948614894e-05,-0.000454870892308,0.000242925753314,-0.000224363363843,-0.000409556966608
-0.000233056738416,0.000849118774706,1.27988250312e-05,-0.000341452314593,-0.000393619723048,0.000348765440548,-0.000627184646587,-0.00153962806401,-0.000257351922871,-0.000605390787162,0.000572208852247,-0.000309952196087,-0.000360616850463,-0.000361575608981,0.000409991317613,-0.000345580546683,-0.000440699255607,0.000285354689466,0.000901710955519,-0.000239145732505,0.00085096687073,5.24466388722e-05,0.000243519579558,-0.000330835361221,0.000339036103117,-0.000699071611448,-0.000321705116686,-0.000543307296843,0.000259387310521,-0.000256355924459,-0.000804565424227,0.000403693954204,0.000311831435584,-0.000535085168897,0.000554667523363,-0.00031464746799,0.000623540490033,-0.000592629070051,0.000501865242438,0.000492088450532,0.000367021093918,0.000452947643163,0.000344524739792,0.000523785323879,0.00046363128172,0.000492774422797,-0.000714088768925,9.40556615106e-05,-0.000513138442713,0.000701670845902
-0.000193336212463,0.000700045632775,-6.80111845344e-05,-0.000296994795917,-0.000431852894062,0.000307406772856,-0.00041802155499,-0.000753752805378,-0.000219160164511,-0.000384591300614,0.000571689299267,-0.000354184635726,-0.00027976700851,-0.000250484005116,0.000361302429782,-0.00015379837395,-0.000306651386615,0.000266593959174,0.00116555913089,-0.000187529440541,0.000856120243045,0.000220210664235,0.000150288303352,-0.00022741796665,0.000425356607797,-0.000366894362952,-0.000430958926365,-0.000342936437427,0.000275101557733,-0.000205576793845,-0.000956449081515,0.000365721021751,0.000196323431018,-0.000532144273568,0.000430912207774,-0.000303876061141,0.000570088775962,-0.000319429237808,0.000354311252418,0.000416584261787,0.000330379766813,0.000646953815298,0.000331267043417,0.000302795034207,0.000430116240293,0.000420132704133,-0.000421877909399,0.000111150595137,-0.000397216762655,0.000535570846749
-0.000224974698772,0.000801227309988,-2.94783757628e-05,-0.000336165762231,-0.000542739193413,0.000421386529937,-0.000505025222961,-0.000951176423849,-0.000174575806327,-0.000499744935204,0.000526247892831,-0.000277743208094,-0.000345120787219,-0.000243131463295,0.000351991580429,-0.000177049132097,-0.00045038547414,0.000306820297118,0.00110182871535,-0.000228685592209,0.000909390911889,-2.58197944548e-05,0.000222882138142,-0.000279674549189,0.000431906336133,-0.000420648635854,-0.000399250625889,-0.000488104999712,0.000267572035055,-0.000265454674604,-0.000918966445725,0.000434259676042,0.000250002177086,-0.000897450266445,0.000497742745071,-0.000329010910534,0.000560832754126,-0.00055036079228,0.000515090968489,0.000599569168995,0.000305988507249,0.000608252908688,0.000474196636435,0.000322390142981,0.000451349907078,0.000487408527187,-0.000489833330297,0.000135199865619,-0.000371199646832,0.000558262538753
-0.000217058064214,0.000931999339192,-0.000120773797825,-0.000326352941845,-0.000479832491472,0.000236324547985,-0.000482323848736,-0.00137988949735,-0.00035891246446,-0.000468635202862,0.000418468815297,-0.000232461329905,-0.000359811067761,-0.00039241195319,0.000430242787997,-0.000356396183587,-0.000354693200729,0.000274087031333,0.00106253708009,-0.000252888542301,0.000739518635803,0.000131105581577,0.000312151209427,-0.000280051913726,0.000355220262978,-0.000537438002603,-0.000312113021352,-0.000372329441144,0.000266603354763,-0.000233445129681,-0.00120013214179,0.000356460059638,0.000283487200936,-0.00061915539839,0.000505892117561,-0.000325969595579,0.000545422482822,-0.000430256047705,0.0004406998256,0.000435192235652,0.000259101153176,0.000338347515259,0.000306278054958,0.000400396144843,0.000301666047534,0.000576315650022,-0.000296832622975,0.00015198456215,-0.000353610513451,0.00057704644573
-0.000526458169305,-0.00264408479467,0.00192339474902,0.000668300799168,-0.00286514138873,-0.000523630011468,-0.0010879220748,0.00547010950123,0.000609136642826,0.00289716649553,0.000370090639264,-0.000851288051702,-0.00119786563724,-0.000156357074337,0.00139006417992,0.00266858065783,-0.000901114844245,-0.00347923686202,-0.00268961981671,-0.00102335949435,-0.00129278355875,0.00192774150703,0.00115383513099,-0.000317715502194,0.000133767673844,0.00179770964027,-0.000752209648567,0.00022190753634,-0.000124754974355,-0.000331658865633,-0.00107854237455,0.000566283562365,0.000762982754091,6.29441908283e-05,0.000490465422723,-0.000848515813197,0.00112678210212,-0.000635212859702,0.000308205752757,-0.000671007074046,0.0019806166203,-0.00027372359392,0.000632406652187,0.000807617576312,-0.000457037657607,-0.00215282055899,0.00104678265212,-0.000969988256352,-0.000356051317571,-5.11739574275e-05
-0.000235388597058,0.000865819161546,-0.000127563650526,-0.000293214944409,-0.000523957449451,0.000269215157591,-0.000490283638456,-0.00147153243621,-0.000315297182966,-0.000462075936594,0.000391382604697,-0.000292014512052,-0.000406884174964,-0.000279574755035,0.000464964893397,-0.000466571260145,-0.000423849579482,0.000313040108723,0.00101456076399,-0.000261209082122,0.000738465122182,0.000142042777983,0.000168033215659,-0.000258751839039,0.000238159737834,-0.000514984322107,-0.000282180699999,-0.000564755812201,0.000240226543281,-0.000254993624372,-0.00123133269188,0.000264542938478,0.000310326594467,-0.000602138616673,0.000380714553136,-0.000317454223675,0.00047500348807,-0.000401155569283,0.00044267285233,0.00047412031416,0.000147673370176,0.000493000297521,0.000376600793849,0.000380865544373,0.000426041283831,0.000373677351909,-0.000508217802629,9.54480286703e-05,-0.000460950289986,0.000550203488249
-0.000311919981171,0.000833456264288,-3.0306169745e-05,-0.000281400214508,-0.000233554026445,0.000226878313242,-0.000730800509343,-0.00183797601501,-0.000331367923033,-0.00108837889426,0.000681228357832,-0.000264361760054,-0.00038359146175,-0.000373340542329,0.000275353696549,-0.000541109570298,-0.000469514405428,0.000331730307112,-0.0012081881544,-0.000330314323834,0.000827119051561,-0.000117394269787,0.00023898559372,-0.000321671483849,0.000678764896356,-0.000390455532319,-0.00039446068659,-0.000699281529228,0.000264442264544,-0.000254306258251,-0.00167773887505,0.000385500304633,0.000358120984781,-0.000613449986231,0.000893416506757,-0.000419492843468,0.000764322586097,-0.000560461807706,0.000550719769394,0.00047824216722,0.000269748150862,0.000370198431079,0.000279554709571,0.000601984565652,0.000706867846495,0.00054025370659,-0.000681083066955,0.000112619281187,-0.000437367227589,0.000508858136486
-0.00272784208201,-0.0127394343061,0.00268176499045,0.000887279749828,-0.00385533673897,0.000879735507014,0.00236862917988,0.040704205747,0.00311763203573,0.00574358475362,0.00469927753235,-0.00103628685223,0.000139384274181,0.00286956752833,-2.17702310023e-05,0.00437448930187,0.0271654275925,0.00074310278592,0.00273811655002,-0.000826826702223,-0.00568778399636,0.00545456714589,0.00234450571927,0.00184363915661,0.00133834762709,0.0178130262787,0.00134681758796,0.00380756715186,7.95978928648e-05,0.000820082710797,0.00342131968443,0.00478807357855,0.00102192148744,0.00554866608894,-0.00618321853889,-0.00102477743734,0.0019802101065,-0.00473574189939,-0.00419565647342,-0.00595729024569,-0.000148406221379,-0.00247426371027,0.00328242099247,0.00355615363034,0.00271919651371,-4.61631150208e-05,-0.00388556631481,0.000698251694581,0.000492191940314,-0.0114420183553
0.00125225950652,-0.0264709766651,0.000635473441281,0.00127870663155,-0.00129438025853,-0.00387369501226,0.00225135135366,-0.00782900461598,-0.00233881656587,-0.00396235622036,-0.000974049869615,-0.00409741496881,-0.00316164792709,3.69602500108e-05,9.4003566531e-05,-0.00754195282528,0.00548643975678,-0.00242053925278,0.00137725482405,-0.00133061844821,0.00470715436675,0.00654809647544,-0.00163141131364,0.00388164987761,-0.00489890169916,-0.00912616708815,0.00334236791611,0.00192279687255,-0.00100939257852,0.00379204496412,0.00963127964759,-0.00317361178953,0.000801315893773,0.0175528415036,-0.0283234319722,0.000691476911252,-0.00708675381135,0.00887312824617,-0.00552847791829,-0.0027294920706,-0.000352786323883,0.00349855880648,-0.00150359284811,-0.00772054054156,0.00089091915588,0.00141039569938,0.0019476777135,-0.00654732842737,0.00219061178275,0.00408147373203
-0.000251172270453,0.000989023420509,-7.12178352701e-05,-0.000319597929565,-0.000499797272884,0.000307356492002,-0.000527044958108,-0.00145392389681,-0.000306414206154,-0.00058678334067,0.000542033902284,-0.000262427798704,-0.000374853986983,-0.000289039579636,0.000358488692264,-0.000459816930941,-0.000450083878268,0.000312205375186,0.00100066560497,-0.000201352476163,0.000849353882278,3.68459138917e-05,0.000295840645188,-0.000303379001003,0.000406246864752,-0.000594352129136,-0.000317829961317,-0.000510858082887,0.000249735741719,-0.000253334213044,-0.000936851781262,0.000336678039757,0.000349215718727,-0.000719742185318,0.000614776015281,-0.000285503389878,0.000372739300186,-0.000500874481331,0.000461307749833,0.000502983762719,0.00043264021867,0.00055275962512,0.000324345913619,0.000470073110432,0.000324075178228,0.000481833085632,-0.000470987464555,0.000113033454423,-0.000420954833763,0.000640774090092
-0.0276874666229,-0.086828143872,0.0152658229472,-0.00283553511403,-0.00742723788391,-0.0837382248083,0.0200873644945,0.202615811411,0.0344792531077,0.0667155370081,0.00951811192293,-0.0230238269267,-0.0227867491111,0.0160543042949,-0.0245135970694,0.0719992601082,0.00639426225189,-0.00696578784316,0.0281787066756,-0.00808678901547,-0.0678215281034,0.0234451034278,0.00570499365505,-0.00404696379031,0.0254328940553,0.1213254128,-0.0192844874384,0.0474879585896,0.00132181624239,-0.00512204922197,0.162648323393,0.0304584019918,0.00776806641108,-0.0150392146335,-0.068257228391,0.00767760834328,-0.0109726941155,-0.0364048993543,0.011973926644,-0.0391584470008,0.0136591634182,-0.0428788395752,0.0050269840679,0.0313587065547,0.0166848276596,-0.0414257580626,0.066207678573,0.021337399912,0.0535357509064,-0.0216537505389
-0.000261771818906,0.000708353556522,-9.67752791697e-05,-0.000248326807229,-0.000310218424173,0.000355378852347,-0.000437057399373,-0.00145016193123,-0.000359275150439,-0.000756534686317,0.000513862121759,-0.000283138737256,-0.000423248055914,-0.000311217858267,0.00045597824235,-0.000282436759897,-0.000399323692168,0.000322961803672,0.00078825248418,-0.000315803795541,0.000713576193422,-9.64266734364e-05,0.000153619260942,-0.000293692193206,0.000509744182078,-0.000524026552045,-0.000307006163676,-0.000624936380245,0.000277140887335,-0.000263197052233,-0.00134338173813,0.000383911758185,0.000370602602344,-0.000519166214306,0.000576699589854,-0.000330322589487,0.000404643033654,-0.000471342766531,0.000447514587055,0.000108812194363,0.000224910153415,0.00042742144443,0.000358188814109,0.000392536413998,0.000446214518148,0.000557275470078,-0.000595752064799,0.000170920519812,-0.000445662880634,0.000634592081667
-0.00097563790669,-0.00356253294086,0.000859733910223,-0.00074357943005,-5.20628160288e-05,0.000625186430641,0.0098510647132,0.00398063610299,-0.000828861411667,0.0013157911095,0.0011771281731,7.25772791953e-05,0.00522777183625,-0.000701025449951,0.000431486983612,0.00386071006321,-0.000335188220308,0.000451756310568,0.00146461806844,3.87729295452e-06,-0.00139698203538,0.00148416878677,0.000607909395404,-0.00136163806257,0.000373651100281,0.00199990248478,3.82847635777e-05,0.000696455118982,0.000244603945494,-0.000569657260069,-0.000171644171208,0.00161827652819,0.000795493604549,0.00225112313633,-0.00179359776476,-6.75588926398e-05,0.000560591461989,8.07884050899e-05,0.000444522845832,-0.00145644166968,0.000288431894824,-0.00293577363903,0.000680475391966,-0.00156752242502,9.10389151777e-05,-0.0010595494473,0.000938534563469,-0.000843732197733,0.000330318120546,-0.00205040323696
-0.000216292233713,0.000964214153069,-4.24395128365e-05,-0.000256243797956,-6.53789907236e-05,0.000376329013022,-0.000757088385103,-0.00179006016264,-0.000436463730391,-0.000646969393346,0.000714376293945,-0.000243014972684,-0.000486944763377,-0.000433996157642,0.000255356968713,-0.000574912027958,-0.000386338102441,0.000293069416173,-0.00223266204062,-0.000304774849085,0.00133259337484,0.000618191381108,0.00025542141831,-0.000341679899577,0.000503103345659,-0.000675981245713,-0.000760948879731,-0.000742479518915,0.000259149412422,-0.000356029743623,-0.00166779959147,0.000580700002985,0.000213663189606,-0.000758577712286,0.000545066042816,-0.000321190114962,0.000560338773632,-0.000634877988352,0.000617525467302,0.000263976191449,0.000198635701943,0.000853396676457,0.000343366008583,0.000761424089266,0.000447501470098,0.000565560133504,-0.000668466964434,0.000240778880442,-0.000372337672679,0.000568098882835
-0.000143888966318,-0.000348353393784,-0.00078006404698,0.000287962152489,0.000243773393706,0.000565910764216,-0.00241323739449,0.00178809624687,-0.000755998971718,0.000516071174231,-7.38101332083e-05,0.00606068858786,0.000571230417498,-0.000638295765686,0.000715133083458,0.00175431214286,-0.000320442721989,0.000378769035604,-0.000209581622324,-0.00035004979134,-0.00108589731127,0.00236540513782,-0.00276036740686,0.00208935091292,-0.00077755161228,4.2315745059e-05,-0.00032571353615,-0.000516289940686,0.000271745118655,-0.000221557521607,-0.00140658055318,0.0016860511425,-0.00126059538191,0.000978300785403,0.000728047666728,0.000219106219926,-0.00174939048871,-0.000641047638514,0.000275539797273,-0.000807900896138,0.00117754915066,0.000643015470602,0.000662613627794,-1.30509195897e-05,-0.00066491208087,-0.000681363600422,0.00121756209176,0.000263371431412,-0.000849574552862,0.000782756210627
-0.000271865709608,0.00104946433328,-8.97392275833e-05,-0.000390856355841,-0.000594070555287,0.000319346222517,-0.000663729784863,-0.00151912479435,-0.000406626513852,-0.000755661337687,0.000549893508545,-0.000272116985045,-0.000369217571297,-0.000322498885044,0.000442495274224,-0.000504306581328,-0.00063054602502,0.000304647084818,0.00108950736439,-0.000187445750481,0.0010639320247,8.16846767291e-05,0.000215651574099,-0.000317515526891,0.000528569424281,-0.000692472805282,-0.000408056734984,-0.000727384540992,0.000283515374834,-0.000263317425295,-0.000341169207425,0.000280826010844,0.000365645348217,-0.00096865530461,0.000657364140122,-0.000270244002209,0.000541981088805,-0.000601799953512,0.000469143376886,0.000524939636654,0.000265526353579,0.00064744221701,0.000244254070756,0.000424703331054,0.000443861286376,0.000696827957219,-0.000558664966705,0.000163536597718,-0.000409608987109,0.000683183058169
-0.000241578986561,0.00105259856263,-0.000128942645198,-0.000356768701831,-0.000521873178301,0.000265681662919,-0.000381463459003,-0.00137579642905,-0.000299517812313,-0.000614536976594,0.000567878128701,-0.000308173455111,-0.000404101580122,-0.00039706736687,0.000510327999995,-0.000220348696525,-0.000431782685049,0.00031538718744,0.001046838344,-0.000184005682701,0.000838381188662,0.0002102342507,0.000341098661561,-0.000328850321315,0.000300384568349,-0.000468253477627,-0.000373106592791,-0.000366056482037,0.000263544605776,-0.000245921640068,-0.0011433736195,0.000374116185987,0.000337006697054,-0.000588967930554,0.000480624581586,-0.000271729401125,0.000487462708074,-0.000577555071364,0.000445495889432,0.000390777121382,0.000150942099872,0.000455028683414,0.000401931036333,0.000356464412163,0.000371959225332,0.000493703982723,-0.000531616821685,0.000125846180182,-0.000416864552121,0.000598311032441
-0.000258769168526,0.00102478675301,-7.78562395112e-05,-0.000372191359049,-0.000504374518587,0.00034788648727,-0.000653758431722,-0.00193135503344,-0.000410775079675,-0.000874885880949,0.000586624393311,-0.000257154143428,-0.000383751327647,-0.000377157373827,0.000474552855895,-0.000385154658047,-0.00045848129584,0.000369913211533,0.00102023929392,-0.000251007718343,0.00091301203925,3.51007128044e-05,0.000280834128126,-0.000312418757076,0.000575427912546,-0.000423064186925,-0.000306867355164,-0.000736416455708,0.000270899657396,-0.0004044495945,-0.00156763486265,0.000391384892718,0.00031562302231,-0.00083391765694,0.000686248373061,-0.000320277935763,0.00055569937824,-0.000605603930685,0.000571476696691,0.000488762858666,0.000310740375017,0.000498844932325,0.000357001031816,0.000536481785724,0.00051994065524,0.000470709546266,-0.000645216046437,0.00015255330205,-0.000431550881424,0.000671116804458
-0.000244907148517,0.00102992988431,-0.000113239649911,-0.000353166959313,-0.000394635051791,0.000309635770048,-0.000514002546128,-0.00170803643017,-0.000294792533096,-0.000699566705404,0.000434001408975,-0.000366266549088,-0.000358659624955,-0.00034937442587,0.000366124775281,-0.0004427166336,-0.000439341811482,0.000284642592814,0.000272085718012,-0.000349167566244,0.000797459684179,3.46146446237e-05,0.000126901429131,-0.000283308110859,0.000316356906138,-0.000647872466854,-0.000327953278422,-0.000545939281316,0.000264626152358,-0.000285623308036,-0.00128067169913,0.000351308623794,0.000226152638147,-0.000691199954546,0.000456675398611,-0.000330645767794,0.000485577305824,-0.00049688610082,0.000334062480959,0.000494147167058,0.000254178172723,0.00048861561301,0.000390092025264,0.000454097201777,0.000190025994172,0.000372805104936,-0.000557686191272,0.000127152840207,-0.000497177969615,0.000744475604908
-0.000258789365521,0.00109156745895,-4.47305472629e-05,-0.000342345615949,-0.00042780280141,0.000315250937954,-0.000686885809979,-0.00229929700421,-0.000457115480002,-0.000987700459102,0.00065690718767,-0.000310314985476,-0.000536458008664,-0.000409458862563,0.000551397945449,-0.000338996982214,-0.000461024907511,0.000356041595247,0.000950267940374,-0.000404754520339,0.000961831328055,6.56424420595e-06,0.000346681855701,-0.00034723164168,0.000766444682028,-0.000546912188473,-0.000358802936147,-0.000740785821233,0.000271638853545,-0.000492397712085,-0.00207079323099,0.00043840621193,0.000299686209027,-0.000799587568248,0.000607871930468,-0.000395370491921,0.000555563679062,-0.000619906194092,0.000518302412009,0.000533481642205,0.00038464324366,0.00048234303537,0.000410877440782,0.000578079662812,0.000539134357908,0.000543896928751,-0.000530759773915,0.000159689670974,-0.000453211707343,0.000751066906175
-0.000186392998366,0.000421500237049,-1.58874536531e-05,-0.000332544114103,-0.000166514222848,0.000216238093547,-0.000196668387024,-0.00142005378554,-0.000186174214707,-0.000151825586544,0.000319353201622,-0.000307714468362,-0.00012209401798,-0.000399553628534,0.000289916188914,-0.00032821890077,-0.00011875666053,0.000241924769169,0.000723827406629,-0.0001660945556,0.000229803278488,-0.000116487065401,0.000163714072563,-0.000137830055801,1.11397749944e-05,-0.000319250254687,-7.63362752346e-05,-0.000156055706317,0.000250077513956,-7.68405540576e-05,-0.000557631621467,0.00013152377531,0.000278526106402,-0.000273473757781,0.000317077268092,-0.000229235439883,1.6591611845e-05,-0.000181293153649,-9.82632868965e-06,0.000228533668862,0.000135515653236,0.000344495985085,0.000183958222925,-2.23795731101e-05,0.000108639449169,-6.36302642191e-05,-0.000275549688016,0.000160245673025,-0.000301937530091,0.00013086813827
-0.000238954368992,0.00108299858155,-0.00015169163527,-0.000322387728497,-0.000376044055482,0.000452046189916,-0.000542656611156,-0.00114287453241,-6.34928018241e-05,-0.000786180357256,0.000491539044697,-0.000291220334275,-0.00037051010814,-0.000329409995429,0.000545391550633,-0.000465064670716,-0.000456938673164,0.000377096343284,0.000903478692725,-0.000261469471904,0.00110379612419,-0.000169506853652,0.000270928140817,-0.000347706789272,0.000443936182761,-0.00078214104376,-0.000412987928782,-0.000609030643145,0.000263633116521,-0.000325195644441,-0.000512187847178,0.000420649564269,0.000289083247799,-0.000985157211663,0.000618962938946,-0.000292074800265,0.000610698335416,-0.000618788110125,0.000432382354645,0.000624387187173,0.000262524451058,0.000592139696989,0.000481316581728,0.00039769695139,0.000492256333922,0.000649139961225,-0.000611738103997,0.000249701059094,-0.000487067712865,0.000767720667574
-0.000241807766127,0.000869135588729,-0.000131880983964,-0.000318813320956,-0.000474586315252,0.000245054089974,-0.000381035445976,-0.00138527603519,-0.000348261162023,-0.000547412479652,0.000522267440727,-0.00023952987478,-0.000202220414939,-0.000283431627003,0.000385261799778,-0.000361409960594,-0.000324908380505,0.000309400590806,0.00101469683629,-0.000250844600803,0.000893781737582,0.000164701057773,0.00024136546765,-0.000303112739065,0.000506645978679,-0.000410514717285,-0.000273412038349,-0.0004265540547,0.000256388670278,-0.000254938442886,-0.00120241379686,0.000328233782239,0.000297558246753,-0.000583393925812,0.000548388484199,-0.000241674519379,0.0004189708289,-0.000492814031443,0.000379165667662,0.00045612132992,0.000273509250313,0.000653244625584,0.000270786764753,0.000502105021941,0.000403941305472,0.00052884775981,-0.000486842547062,0.000134150157596,-0.000429537817918,0.000635915655704
-0.000194353485122,0.000966587377758,-8.43910022552e-05,-0.000341393453826,-0.000398907236674,0.000309423431725,-0.000443533266699,-0.00148991076384,-0.000350946340403,-0.000610482819279,0.000490245859915,-0.000315458838324,-0.000289509692132,-0.000381072628833,0.000425290691342,-0.000434648237871,-0.000345210164318,0.000323849913734,0.000956983921003,-0.000258118560886,0.00060077736651,7.81334633492e-05,0.000194579262139,-0.000243741252042,0.000487372972966,-0.000603628287286,-0.000324422092956,-0.000613765825903,0.000274388912783,-0.000248179962231,-0.00106206452249,0.000291929701247,0.000330965967746,-0.000652632139492,0.000629670105029,-0.000311903429334,0.000435542642825,-0.000552079630054,0.000322962306157,0.000604925238022,0.000247413715005,0.000465923599765,0.000302366068264,0.000399050336431,0.000379966090557,0.000619071893135,-0.000443930486339,0.000110044202516,-0.000408808659766,0.000482885723385
-0.000235587202562,0.0010552083794,-6.40334433798e-05,-0.000417890059208,-0.000406971889649,0.000392364534425,-0.000781186463749,-0.0012928723054,-0.000235716099507,-0.000725601193791,0.000566920682566,-0.000218584088865,-0.000334211529609,-0.0004491528723,0.000472899897511,-0.00054908634112,-0.000463978056382,0.000342693260456,0.000759657929822,-0.000257615066525,0.000948350591996,3.54984354995e-05,0.000185776377748,-0.000311864426977,0.000400277261279,-0.000591721849895,-0.000417508820312,-0.000615904161928,0.000268480928963,-0.000293817395674,-0.000671854433827,0.000424698318497,0.000275068292297,-0.000791728295954,0.000630031402643,-0.000300060827315,0.000625102054444,-0.000443625576315,0.000516184188948,0.000576318651375,0.000348802501205,0.000548012770949,0.000289016344247,0.000458985111636,0.000400538160975,0.000642365723102,-0.000564897817793,0.000174432772032,-0.000542923861067,0.000748535627794
-0.000165138976445,0.000860518736897,-0.000139848644699,-0.00031067905243,-0.000501417315125,0.00031510515414,-0.000393230914724,-0.00145644538454,-0.000252155636502,-0.000607218272689,0.000453486123289,-0.000276024275606,-0.0003557561802,-0.000398945996427,0.000512710565821,-0.000386498815984,-0.000346909296395,0.000307926675919,0.00100076691666,-0.000206640448733,0.000789357778287,5.4174689548e-05,0.000153845797294,-0.00035088784522,0.000344731746505,-0.000609667362368,-0.00034467322783,-0.000605397753471,0.000258488306528,-0.000271371892346,-0.00107781727339,0.000433120912699,0.000312254490713,-0.000643017546431,0.000658482555646,-0.000246078955248,0.000504759984815,-0.000572467930741,0.000365697947307,0.000480291354123,0.00031701553543,0.00042380140281,0.000321151786526,0.000436396866504,0.000356426867261,0.000551958751216,-0.000448993260542,0.000157188553108,-0.000408655730827,0.000737808414281
-0.000246480537888,0.00121977943593,-0.000142453073996,-0.000369935598009,-0.000569876605638,0.000431245493414,-0.000721945790154,-0.00165064102084,-0.000331614504013,-0.00074823593813,0.000562789402201,-0.000252171965028,-0.000370681423945,-0.000252176885913,0.000538399859325,-0.000460666074146,-0.000584806597798,0.000302092038091,0.000974457309938,-0.000235648581968,0.000972654245895,-0.000128070616201,0.000253792683912,-0.000346174731613,0.000341655577851,-0.000747079833976,-0.000275259068065,-0.000647333661643,0.000279678631914,-0.000290140091573,2.98334768264e-05,0.000350304370235,0.00027231276626,-0.00112674472685,0.000625541657037,-0.000256265260853,0.000561918180338,-0.000493261160905,0.00045773581949,0.000553965270122,0.000268101161715,0.000697237040562,0.00040621337557,0.000445615165868,0.000465399617709,0.000641755389521,-0.000663190255619,0.000245419133648,-0.000451385567816,0.000845256101169
-0.000949445585404,-0.00695124548867,-0.00121887209727,0.000232261269492,0.000220813532597,-0.0037602609718,0.0228616346444,-0.000496077938023,0.000743913784534,-0.00477150980354,-0.00167018476694,-0.0018018041006,-0.00170766739332,-0.00185426945768,-0.000247854928577,-0.00417430114809,0.0017386457804,-0.000950554766226,-0.00154980082222,-0.00263133427561,-0.00501743231102,0.00319241672128,-0.00156762873465,0.0128388035402,-0.000172310534259,0.0046871560542,0.00550005252953,-0.00238828607663,0.000422076906233,-0.000380886428417,0.0107130817141,-0.000391928659826,0.000491327431274,-0.000490457874057,-0.00910526010511,-0.000500492122684,-0.00236250571469,-0.000815241000664,-0.000830967163119,-0.00556191410778,-0.000522251058966,-0.00299998890033,-0.00261853545114,0.00139658027821,-8.5243330725e-05,-0.00571990548721,-0.000534265733869,-0.00266903123795,-0.00127125150483,-0.00792034530405
-0.0009652428578,-0.00977759628181,0.00137060909686,-9.64179273938e-05,0.00045063644112,0.000611861451968,0.00201334113967,0.0172507821904,0.00148184713557,0.00222920872523,-0.000591874197737,-0.000642992564225,-0.000148405070977,0.00192240800886,-0.00522342273026,0.00268549712095,0.00104985365938,0.000307566985511,0.00246428153831,-0.000219313586117,-0.00211923097469,0.00318700493204,0.00111269323334,-0.000282039106377,0.000581399224429,0.00516884543784,-0.00012380872792,0.00657256593829,-8.35091429206e-05,-0.000832316063083,0.00187994342459,0.000463397094934,0.000921294375329,0.00194552669419,-0.00074442517689,-3.71416233534e-05,0.00035235866185,-0.000923379769336,9.70672501629e-05,-0.000814212872944,0.000336291441444,-0.0009389198148,0.000199486943091,-0.000163207315037,9.56913049571e-05,-0.000427500048861,0.00176233640727,0.0014502473894,0.000702162903019,-0.00159225320733
-0.000593095233559,-0.0441607131652,-0.000270479953997,-0.00112342212312,0.0017167913792,0.00040055666916,-0.00242167352962,0.012175722833,0.000819211440653,0.000865273501708,0.0013028436721,-0.000158282184223,-0.000686474131084,0.000379394656168,0.0015799074104,-0.00387779593362,-0.000480317840305,0.000668090246828,0.000205315703941,-0.00051928132493,0.00331483779272,-0.000907269552094,-0.000143221715925,-0.000352362518037,0.00169592676846,-0.0032121121602,-0.00197998773753,-0.0056596895267,0.000623357891948,-5.08489915806e-05,0.000633229757198,0.00144190503715,-3.18169881942e-05,-0.00554287930482,0.00156063542674,0.00164839321935,0.00108447717143,-0.000666041530102,0.00103960144612,0.00162987528065,-0.00123423594184,0.00299654770656,0.000238546391863,0.000987314694996,0.000548811809324,0.00424904202763,0.000559825065392,0.00128591800919,-0.000294292812236,0.00188141243907
-0.000253686686852,0.00112490654998,2.51313205528e-05,-0.000365071823687,-0.000504319801518,0.000347639120616,-0.000745675389568,-0.00177101078662,-0.000340272637324,-0.000797859087636,0.000534035339142,-0.000237236455509,-0.000409240584962,-0.000308186414076,0.000382563336553,-0.000444483574295,-0.00034033577213,0.000266536071153,-0.000842582442613,-0.00031741842584,0.000856204329732,9.63054260371e-05,0.000198530316016,-0.000319553703801,0.000314918360589,-0.000580016960373,-0.000387822234045,-0.000730844028439,0.000254010631378,-0.000287236311516,-0.00153080553354,0.000238098321162,0.000282879835118,-0.000679868356761,0.000548058741298,-0.000349229324075,0.000409209821137,-0.000430289874164,0.000499717806079,0.000478061470076,0.000275065449881,0.000327963457723,0.000258889791528,0.000574563761567,0.000338485836724,0.000494715552205,-0.0004634741951,0.000170657333306,-0.000482505107707,0.000698038601039
-0.000260198708884,0.000870896199616,-0.000152001973805,-0.000335386861929,-0.000446935304266,0.000438714080778,-0.000429581438349,-0.00131444343905,-0.00032181529482,-0.000663015423113,0.000469735613247,-0.000299860167591,-0.000368824927319,-0.000408769752955,0.000349957181195,-0.000356682003211,-0.000425888604936,0.0003073966569,0.000965752251235,-0.000261846940944,0.000920911709657,0.000148941526831,0.000277154220611,-0.000261742461169,0.000485561958914,-0.000494491935051,-0.000330449554351,-0.000687751536841,0.000276252205577,-0.000275673170519,-0.000846387831685,0.000330074047686,0.000335963436028,-0.00062876412034,0.000726790177736,-0.00030592424662,0.000490441076507,-0.000566185898551,0.000408859858064,0.00045239858162,0.000288409681426,0.000648057280216,0.000361365717439,0.000568615411513,0.000394643123488,0.000560564656961,-0.000636477528429,0.000147461298177,-0.000397405764085,0.000686792069594
-0.000423460385225,-0.00208550483514,0.000169702854809,1.18111630576e-05,-0.00114966741468,0.000251974072292,-1.0221431989e-05,-7.13618245223e-05,0.00256856392543,0.000301578413794,0.000406822767478,-0.00054245461088,-0.000461798153212,-0.000214631814141,0.000268250748325,6.0097373273e-05,0.00351177982348,-0.000134350816145,0.00121784835678,-0.000475835777254,-0.00135234851485,0.00149361348053,0.000782589740939,-0.000248600705288,0.00144696783695,0.00118816255026,-0.000167956992943,-0.000122687719802,0.000157228081315,-0.000291464410991,-0.00170303644261,0.000290491231814,0.000487457861381,0.000763703954583,0.000885824625861,-0.00036472357563,0.000676577386215,-0.00111365481839,6.81763278054e-05,-0.000733619967458,0.000285097696257,-0.000153430977787,0.000341944254644,0.000906780444832,0.000136930862791,-0.000217143262706,-6.07248267982e-05,0.000225583418608,-0.00034534646892,-0.000844408861484
0.00048989480568,-0.0528842095434,0.00464985827776,0.0110439012571,-0.00309271394893,-0.00545761273939,0.00450668888696,-0.0365554244799,0.0191991427281,-0.00700814793473,-0.0147893245084,-0.00492704382428,-0.00531064011458,0.00250111093871,-0.00168737238026,0.011153750841,0.0626933464118,-0.0108650560411,0.000751421129903,-0.00210078392087,-0.0440994523198,0.0300448285112,0.00418577563889,0.00485885767586,0.00975640742432,0.0252836538746,0.00952047433636,0.017635028838,-0.00123777787479,0.00208870458389,0.0333253185638,-0.00265052522043,-0.00208432214128,0.0371632873617,-0.0113325734274,0.00400669643201,-0.00961795344426,-0.00276400155178,-0.00562536931983,-0.0262215938626,-0.00146703115948,-0.0248053893083,-0.0112584032323,-9.59545032576e-05,0.00282994880059,-0.0254198191507,-0.00627045872671,-0.00135970094894,0.00324035677853,-0.0291745545801
-4.46495438598e-05,0.00249475294283,-0.000512143515143,-0.000694956753361,-0.000752946599031,-0.000158674206859,-0.000568962641418,-0.00371596141489,-0.000622858767579,-0.00157649827305,-0.00027865066977,-0.000169912436184,-0.000381415883485,-0.000838426082333,0.000489079499238,-0.000511244593788,-0.00104698327662,0.000600154221936,0.000646594072297,-0.00124921148859,-0.00285357754892,0.00287486777482,0.00162962837543,0.000254218205507,0.00210432665877,-0.0011479888354,0.0022370201047,0.00406521110501,-0.00104113297563,4.4163859362e-05,-0.000739288471313,0.000222607691101,3.04391105069e-05,0.0012244838815,-0.00148026447338,-0.000975709493143,0.00158080383328,0.000510623133888,0.00118145133004,-0.00143836029148,-0.00637501811828,-0.000917453579953,-0.000649440840345,0.000166377092135,0.00165896890088,-0.000630926375822,0.000549422203483,-0.000570057389922,-0.00120454697976,0.00123078193762
-0.000258789365521,0.00109156745895,-4.47305472629e-05,-0.000342345615949,-0.00042780280141,0.000315250937954,-0.000686885809979,-0.00229929700421,-0.000457115480002,-0.000987700459102,0.00065690718767,-0.000310314985476,-0.000536458008664,-0.000409458862563,0.000551397945449,-0.000338996982214,-0.000461024907511,0.000356041595247,0.000950267940374,-0.000404754520339,0.000961831328055,6.56424420595e-06,0.000346681855701,-0.00034723164168,0.000766444682028,-0.000546912188473,-0.000358802936147,-0.000740785821233,0.000271638853545,-0.000492397712085,-0.00207079323099,0.00043840621193,0.000299686209027,-0.000799587568248,0.000607871930468,-0.000395370491921,0.000555563679062,-0.000619906194092,0.000518302412009,0.000533481642205,0.00038464324366,0.00048234303537,0.000410877440782,0.000578079662812,0.000539134357908,0.000543896928751,-0.000530759773915,0.000159689670974,-0.000453211707343,0.000751066906175
-0.000240405566904,0.000839324580004,-0.000138140895527,-0.000309687174875,-0.000513928646057,0.000233873075903,-0.000484080344875,-0.00141837991825,-0.000355008797629,-0.000550636668011,0.000423612305133,-0.000262189781713,-0.000307486150326,-0.000345400628247,0.000495949735623,-0.000515734458544,-0.000348545211219,0.00028116396803,0.000996148989296,-0.00022652879447,0.000785919585228,0.000120583365134,0.000260193271629,-0.000305652068852,0.000416909382958,-0.000395267514227,-0.000308777262252,-0.00051287362349,0.000257199599719,-0.00025444428145,-0.00125192399617,0.000356576463708,0.000294300470169,-0.000658073361419,0.000583319287591,-0.0002748679374,0.000332302802448,-0.000553728156815,0.000286405145557,0.000448917218447,0.000193981226267,0.00046223593046,0.000268583255608,0.000383304069539,0.000397484433412,0.000605433633175,-0.000409573951303,0.000129870611152,-0.000419396418653,0.000588184857385
-0.000188886266558,0.000839031743065,-0.000122497987441,-0.000355368010219,-0.000338924937029,0.000175247292646,-0.000553995516582,-0.00157503920495,-0.000238826711887,-0.000634878953888,0.000490628326925,-0.000268031633964,-0.000307580499314,-0.000337949031073,0.000437162853879,-0.000439720170862,-0.000487394804178,0.000374583164577,0.00090120254823,-0.000202668954453,0.000900574227268,-5.64245715828e-05,0.000208198099695,-0.000348378589531,0.000383732879298,-0.000494280080581,-0.000295540332533,-0.000504124731069,0.00027300869188,-0.000260258862329,-0.00100315740191,0.000356239837349,0.000333196981684,-0.000775417288981,0.00059374832009,-0.000321620033818,0.000442646084418,-0.000607689540396,0.000443870250888,0.000447179427995,0.00028186130538,0.000466878283559,0.000377299919143,0.000317758059591,0.000412168591142,0.000366255292188,-0.000461856264532,0.000103150484698,-0.000428928780162,0.000699933233928
-0.000228833509107,0.000924214057129,-5.76220293146e-05,-0.000370698340658,-0.000618440871182,0.000396689440992,-0.000591784740173,-0.00159458573951,-0.000391024487032,-0.000781481714019,0.000483639648832,-0.000358445186375,-0.000382654867733,-0.000372910544763,0.000434295903357,-0.000494575882407,-0.000564920822681,0.000296344930459,0.000997094013269,-0.000125138549426,0.00107655328165,2.51114557392e-05,0.000351780230451,-0.000290319790397,0.000403443572216,-0.000675564850957,-0.000486874664947,-0.000384080895853,0.000276656134817,-0.000242249928437,-0.000639167550095,0.000388645702218,-0.000141339295503,-0.000563350461228,0.000405904504102,-0.000337814307328,0.000549595876719,-0.000475809258464,0.00040389204548,0.000372237704137,-2.53834222353e-05,0.000251976570341,0.000275843421117,0.000563320863739,0.000385461546305,0.000593619930822,-0.000599373584048,0.00031262716857,-0.000137756202941,0.000792604322868
-0.000271275406119,0.000798742019435,-8.24662140636e-05,-0.000362171475632,-0.000567200388283,0.000256437658695,-0.000625384869058,-0.0015068767924,-0.000283233148115,-0.000713559692762,0.000574805693904,-0.000231179203451,-0.000327595330467,-0.000489231410427,0.000432617635982,-0.000426690611378,-0.000410496189587,0.000331246506115,0.00106842440696,-0.000197422517202,0.000815827620332,-7.39571019766e-05,0.000261232478684,-0.000288022729603,0.000312411939832,-0.000610162036052,-0.000337655978215,-0.000485050125807,0.000276192599822,-0.000263553706211,-0.000790540670978,0.000324711600718,0.000340344912755,-0.000694138740274,0.000620051287638,-0.000259071845687,0.00044562317583,-0.00057641852634,0.000376137450992,0.000504483471989,0.000230653686226,0.000616551966203,0.000257146245279,0.000490990320492,0.000497829071372,0.000476386777,-0.000543894975823,0.000101087240028,-0.000464128568571,0.000865663244506
-0.000257441618484,0.000949187507983,-0.00014717441354,-0.000272503460553,-0.000362775027532,0.000198853946112,-0.000526834222625,-0.00129494982758,-0.000317345102812,-0.000659276940179,0.000395158975389,-0.000225054584309,-0.000380356795449,-0.000260575153524,0.000505299276897,-0.00030225857723,-0.000415195596713,0.000357839344677,0.000825199219779,-0.000274566445523,0.000929335654513,-0.000233163460461,0.000216443686075,-0.00030150343117,0.000339305039354,-0.000457112275831,-0.000335181240375,-0.000466793530741,0.000262280398566,-0.000253266630945,-0.00120260406143,0.000303039811906,0.00031286154867,-0.000815921440317,0.000566741795369,-0.000235546294513,0.000352864115291,-0.000395260788031,0.000358340859785,0.000618021290899,0.000359053750738,0.00048083159685,0.000405531754182,0.000291826240284,0.000305547076583,0.000466941007095,-0.000289751027873,0.000174172578774,-0.000375364254483,0.000448954899419
-0.000239777304319,0.000803923199577,-0.000140019415122,-0.000342084177264,-0.000463153176978,0.000273749660141,-0.000392184986693,-0.00161944376031,-0.000363236059848,-0.000627095800265,0.000442222553938,-0.000246834225015,-0.000423948827764,-0.000353981356724,0.000410531110113,-0.000476597795817,-0.000356593862471,0.000264684337384,0.000381108114692,-0.000255883831259,0.000818007204976,0.000266183998511,0.000210811040086,-0.000298208253156,0.000396433215326,-0.000589626743222,-0.000394093257484,-0.000597664632964,0.000258060219659,-0.000278808831373,-0.00144206129051,0.000369247533967,0.000262386956416,-0.000635652160985,0.000421141188665,-0.000274068603882,0.000494551494483,-0.000486207674411,0.000387401412324,0.00041693419974,0.000287772221282,0.000459825409361,0.000307945188877,0.000454586763384,0.000502175557723,0.000523713418125,-0.000471067927113,0.000148997564517,-0.000365824654344,0.00069431894675
-0.000180875998561,0.000929408761304,-1.5965510949e-05,-0.000343017683599,-0.00029881715507,0.000411326486637,-0.000443828929173,-0.00111322146177,-2.62237488866e-05,-0.000717757497209,0.000562019473003,-0.000304389074277,-0.000345960473969,-0.000292191177528,0.000469875090578,-0.000247872171643,-0.000370035483069,0.000331666034872,0.000624921388427,-0.000308457366043,0.000816929304586,-0.000143035470223,0.000266188022844,-0.000296000365497,0.00033731577167,-0.000564327606513,-0.000253759162512,-0.000699604205511,0.00023495660195,-0.000274544860115,-0.000380477238515,0.000489474701713,0.000269375189801,-0.000659701743533,0.000600670716366,-0.000361002040715,0.000438853272584,-0.000531902543924,0.000441850788303,0.000469242089083,0.000301065881993,0.00025539334811,0.000432769910477,0.000510600769414,0.000513423323143,0.000656413014675,-0.000635307489684,0.000246776458859,-0.000337822833337,0.000703692578772
-0.000228798031034,0.00090430746508,-5.15643082924e-05,-0.000328529035109,-0.000450185657997,0.000308741659436,-0.000357472836669,-0.00148852533892,-0.000337061742885,-0.000665428997814,0.00050544802338,-0.000280914588383,-0.000286055854786,-0.000357160899841,0.000497205659536,-0.000254831791075,-0.000338861046347,0.000328316172185,0.000936094491919,-0.000298920482695,0.000713450084158,0.00021975850317,0.000202772670594,-0.000245445701669,0.000300308170327,-0.000475108034771,-0.000245294609272,-0.000486126846169,0.000267076738848,-0.000255307232061,-0.00133638985153,0.00033055574132,0.000229505894847,-0.000604936593064,0.000451684021208,-0.000284630397324,0.000380871310678,-0.000504925682622,0.000349605959177,0.000411442528148,0.000264385775509,0.000401214135981,0.000274461224373,0.000480765058758,0.000236427869324,0.000569442834799,-0.000401450123701,0.000147668215765,-0.000381117599983,0.000599740848624
-0.000224568837802,0.00093252310311,-0.000142114619788,-0.000289746340332,-0.000564452943506,0.000328640274153,-0.000498612765907,-0.00118121656112,-0.000314112077418,-0.000545554360843,0.000469691609353,-0.000281777365168,-0.000294946981821,-0.000317554826022,0.000491491457134,-0.000393903529564,-0.000458164871544,0.000298787428843,0.000998729228858,-0.000287874264473,0.000905349180807,4.61080332474e-05,0.000125830812328,-0.00027140942904,0.000390621821979,-0.000643112731946,-0.000348934179722,-0.00056211970419,0.000263378489596,-0.000276241688772,-0.00083164345348,0.000296443907878,0.000266385530028,-0.000932044847772,0.00073195391951,-0.000202861964023,0.000529862536145,-0.000478985791715,0.000464180644166,0.000488663254472,0.000317911375183,0.00062259897752,0.000297851498877,0.000374571231204,0.000271727116147,0.000645919647202,-0.000483743431723,0.000160662906898,-0.000413580042875,0.000745278618937
-0.00067313363321,-0.00598410826318,-0.00914919190526,0.0104688635294,0.00193636317418,-0.00863178082102,0.0203667479939,0.0151598331327,-0.00616314616896,0.0132856189388,-0.014319053163,0.000598333255437,0.00414585034706,-0.0020292244698,0.00334932448593,-0.00143351444085,0.00830785219184,-0.00142286422559,-0.0444855749982,-0.00156794879821,-0.00693044976123,0.0132216305869,0.003737564953,-0.000355554345657,-0.00498118731533,-0.000360759764209,-0.00197249282025,0.00990271769818,2.8920033191e-05,-0.00171437641054,-0.0211324913122,0.00300147795112,0.00515819568443,0.00855923885969,0.00489004298564,0.00516929848963,-0.0131853707376,0.00264419981688,-0.0352058899118,-0.00663180530098,-0.00013487176347,-0.00619850274037,-0.000789448748469,-0.00695237896667,-0.0155103989832,-0.0046463786837,0.0174812725885,-0.0027419968931,-1.60226507462e-05,-0.0173432855409
-0.000257853391317,0.000912250980573,-5.87311596907e-05,-0.000325594580992,-0.000441192263079,0.000230269528521,-0.00055773648241,-0.00131889337082,-0.000340922364341,-0.000547734245228,0.000655017617589,-0.000312947500381,-0.000328332946279,-0.000417594389696,0.000347053059867,-0.000441123416408,-0.00043113756056,0.000329240596534,0.00108090859319,-0.000295937824864,0.000764016236525,-1.81728745462e-06,0.000199832222125,-0.000266407289455,0.000506845674899,-0.000484552498454,-0.000401010229039,-0.000386554344461,0.000282646730272,-0.000268988583408,-0.00102447778477,0.000316995669153,0.000268186712928,-0.000636838070255,0.000639195611876,-0.000274756119515,0.000425920906398,-0.000474491647986,0.00046542598948,0.000535576336188,0.000268130871449,0.000525520412638,0.000315646821683,0.000385529271287,0.000276879687885,0.000625051835923,-0.00052990802231,0.000125493938224,-0.00037779548722,0.000620304527306
-0.000192839691227,0.0011517051343,-0.000195540357956,-0.000388922436296,-0.000342064950744,0.000371911510822,-0.00057645550367,-0.00189772859128,-0.000247959572868,-0.000802498864027,0.000420499119603,-0.000261598954999,-0.000349782986351,-0.000298140076851,0.000445845510012,-0.000527316854089,-0.000450052854648,0.000377099100812,0.000808110740911,-0.000181144858772,0.00115092218708,-7.94156723318e-05,0.000186542060724,-0.000320706469449,0.000280540239866,-0.000821199573975,-0.000344697046188,-0.000817759410071,0.000276138097261,-0.000278484199006,-0.000257058049214,0.00038630602339,0.000302789101309,-0.000903127422701,0.000700538034317,-0.000357189048275,0.000522318997162,-0.000487884887077,0.000462007423172,0.000578071737781,0.000364610443199,0.000577484558696,0.000396186076447,0.000555617821188,0.000377319461105,0.000696925912071,-0.00067684312487,0.000266701594639,-0.000331685081811,0.000759443298502
0.00275726837229,-0.00234399679486,0.00044610861725,-0.000359677395214,0.00112133341028,0.00156730615328,0.000918709187871,0.0165728782255,0.000328122568067,0.00401160342914,0.00300792212024,-0.000890076547806,-0.00222810916322,0.00191892433808,0.00144786847868,0.00101622937702,-0.000551413291285,-0.00245505690751,-0.00139020070324,-0.00130003811298,-0.0129214249014,-0.00291810862237,-0.000436981858391,0.0010980555199,0.00176821694408,0.00945771417903,-0.00326283095963,-0.00202385135192,0.000177674901605,0.000117076896384,0.000666438518903,0.00256268274562,0.00122326193831,0.00122486406099,-0.000777471616985,-0.00147493182257,0.00226873018894,-0.00158356647159,0.00228281112382,-0.00111632613078,0.00251177600941,-0.000208923786391,0.00351030821208,0.00187558885861,0.00223065662889,-0.000403763263495,-0.00254301574002,-0.0333884038776,0.0121709463854,-0.0096702972506
-0.000223910967311,0.00097055204089,-3.7228256673e-05,-0.00034211172129,-0.000361884470806,0.000360995345862,-0.000473950357614,-0.0012423715087,-0.000243485383113,-0.000541129642228,0.000549830447566,-0.000233146808321,-0.000350567940999,-0.000215753200697,0.000538977129296,-0.000403408487088,-0.000509687701502,0.000304078705327,0.000893564732385,-0.000245064216382,0.000809697777746,4.1669817103e-05,0.000186450472576,-0.000254865092761,0.000535061943405,-0.00052658852449,-0.000310956729013,-0.000566565614837,0.000254132628129,-0.000247289564905,-0.00106106678022,0.000448585907095,0.00030156890918,-0.00061829512713,0.000628577560057,-0.00021336782072,0.000431229744058,-0.000510504325501,0.000459991292066,0.000450669052405,0.000304503153554,0.000506428701881,0.000300211717486,0.000405564396696,0.000524416871721,0.000584733594646,-0.000465680905958,0.00015774768979,-0.000508913992517,0.000801804212761
-0.00021408393256,0.00105331143824,-0.000143207620475,-0.000303046196087,-0.000487994016549,0.000313939349018,-0.000512190166862,-0.00113525973441,-0.000238613172666,-0.000536601171847,0.000483545010329,-0.000228273587645,-0.000302785174635,-0.000244443303889,0.000585352987089,-0.000383803443649,-0.000562007784719,0.000302924752499,0.000790913542738,-0.000293345886244,0.00087553708483,-9.81234554283e-06,0.000245142416581,-0.000241661396068,0.000515489653903,-0.000591973836714,-0.000315114796627,-0.000680938236089,0.000268494748023,-0.000289650796914,-0.000940543720553,0.000344784795126,0.000304799229453,-0.000787149669264,0.000753092648536,-0.000227482060232,0.000465599661127,-0.00055746586615,0.000447632558463,0.000529552851626,0.000308333120766,0.000595986652195,0.000309248064924,0.000447140871269,0.000427456327669,0.000578474052277,-0.000504100648152,0.000153882977623,-0.000451397662175,0.000793641626579
-0.000239844725359,0.00081426380549,-0.000128981492119,-0.000386295580249,-0.000482652879784,0.000302030252547,-0.000595982083275,-0.00140384712585,-0.000304669916885,-0.000710311158829,0.00047387660314,-0.000303170470775,-0.000351964551731,-0.000367532696149,0.000507830048266,-0.000370804645478,-0.000351595089428,0.000347089649289,0.0009398746846,-0.000268790238099,0.000949004804616,-7.28897148508e-05,0.00024838966295,-0.000245016694775,0.000395942999693,-0.000587434523993,-0.000305833629583,-0.000590150389641,0.00026846462444,-0.000244661176545,-0.000948579330792,0.000417575827603,0.000336232975899,-0.000529744746628,0.00061168109696,-0.000292462797247,0.000567860590725,-0.000526678322865,0.000455221827104,0.000601932063262,0.000222749281799,0.000527894533337,0.000418144220787,0.000584942949572,0.00038717950109,0.000540791463837,-0.000512230864664,0.000210306424482,-0.000433211125774,0.000679838861873
0.000454054013845,-0.01263504897,-0.00124170841808,0.00103595232852,0.00174185654013,-0.000653529135526,0.00362146272401,0.00196747022158,-0.00166248347836,-0.000405922982295,0.000302354877952,0.00243035901584,0.000225863370267,0.000978125167202,0.00226049007758,-0.00156967387542,0.00216618415169,0.000891686348365,0.00173771064338,-0.00158910394936,-0.00496194074801,0.00475132351408,0.00161470328258,-0.00111321190439,0.00405208667268,-0.000864306126168,0.000732813815249,0.000435492917337,0.000434978669985,0.00028759294704,0.00359507261288,0.000909538100557,0.000357098367846,0.00541606753128,0.00172231461872,-0.000564638633718,-0.00276154368009,-0.000328386796679,0.000537332363526,-0.00294744433303,-6.9078484259e-05,0.00197784082638,-0.000801568579815,-0.00316890601084,-0.0354974171806,-0.0201286794998,0.00466519288174,-0.00188644317212,-0.00184132686988,-0.00110851719363
-0.000796773859422,-0.0032648603251,0.000129275204798,-0.000221741958308,-2.98553491835e-05,0.00091794004077,0.000521110093619,0.0057539819212,-8.28570406259e-06,0.000674750929429,0.00122730656449,-0.000361329893623,-0.00104427793671,0.000644605357464,0.000220760043862,0.00662929494119,0.00015759856146,-0.000344958129701,0.000945255503991,-0.000514012188845,-0.000481708148384,0.000868039935643,0.000440204788687,-0.000374269519064,0.00111701914864,0.00309810816511,-0.000663391751104,0.000108498111265,0.000148938593121,-0.000350789839336,-0.00158169092717,0.0004217579057,0.000390276953448,0.00076436368207,-0.000855966836957,-0.000677882910391,-0.000798629097622,-0.00135290749521,0.000338161774686,-0.000839433513051,0.000430377674043,-0.000130529391393,0.000609367993271,0.000617903619503,0.00113151071675,-0.000106462007019,0.000178617597042,0.000126895321179,-0.000501377477299,-0.00111701714949
0.00195900247644,0.0279662532053,-0.00426018239532,0.00558420763327,0.0017177848017,0.00429462327106,-0.00918507881362,-0.0327239970393,0.00960184546093,-0.00170064264782,0.00187959748498,0.00335194497152,-0.00379471435731,-0.00560563213787,0.00391420589316,0.00164711344292,0.00258710593731,0.00527537100048,-0.0333025640064,0.00489780047545,0.0102658343029,-0.02450166612,0.00194530809447,-0.00180160622576,-0.0322848225344,-0.0236416600258,0.00824968026724,-0.00840164854723,0.000656384989333,0.00197975407757,0.0526846960707,0.00469677825271,-0.00564876341523,0.0208045885527,0.00219700878209,0.00671506492517,-0.127692975025,0.0103275130384,0.000707866953228,0.0134903018032,0.0103526544953,-0.008151972243,0.0024390372498,-0.0023448485839,-0.0072435440797,0.000627100215513,-0.00476861303881,-0.00768416532856,0.00200682059857,0.0233154101917
-0.000182619247362,0.00111360797578,-9.07194671471e-05,-0.000348090440747,-0.000326631621838,0.000291562680929,-0.000734300363259,-0.00163892767722,-0.000318764749014,-0.000627986540099,0.00055575131161,-0.000240426270709,-0.000329681052331,-0.000319871111094,0.000512404450978,-0.000526148661741,-0.000576908404124,0.000396677593014,0.000961596045218,-0.00022072246756,0.0010703845369,8.59550386584e-05,0.000261795848548,-0.000297525903167,0.000279657125987,-0.000741540065507,-0.000322581477464,-0.00062243080842,0.000275682475088,-0.000255861737389,-0.00045706433234,0.000378968426467,0.000311335148879,-0.000901023206935,0.000698173440016,-0.00028179750408,0.000484839765155,-0.000598862654612,0.000485601542627,0.000520714262525,0.000311911685531,0.000503051676772,0.000416837065429,0.000573537693743,0.000397048511614,0.00054623690268,-0.000626578709368,0.000191559241051,-0.000385413133121,0.000664095996788
-0.00025782009379,0.000981100122509,-0.000142308424669,-0.000354087597055,-0.000473754670513,0.000305312468432,-0.00034723491597,-0.00144131858023,-0.000332038523631,-0.000766795467046,0.000398277354826,-0.000264250217409,-0.000388331643947,-0.000279564617881,0.000389993749418,-0.000415583725175,-0.000392957090818,0.000360828040512,0.000997659417066,-0.000309434334199,0.000866471040044,0.000113484073079,0.000245995261579,-0.000256779715078,0.000446907951525,-0.000578114921673,-0.000408871513277,-0.000558189240033,0.000260167461473,-0.000225130989681,-0.00111466907407,0.000276727231562,0.000354540922973,-0.000618781740186,0.00059629231789,-0.00025123083511,0.000542676986324,-0.000465123232414,0.000527939091729,0.000396730332043,0.000310027550187,0.00045839648375,0.000326868665267,0.000421008206772,0.000393201522934,0.000405857318378,-0.000436002081853,0.000188788818474,-0.000430485080041,0.000582688222997
-0.000258789365521,0.00109156745895,-4.47305472629e-05,-0.000342345615949,-0.00042780280141,0.000315250937954,-0.000686885809979,-0.00229929700421,-0.000457115480002,-0.000987700459102,0.00065690718767,-0.000310314985476,-0.000536458008664,-0.000409458862563,0.000551397945449,-0.000338996982214,-0.000461024907511,0.000356041595247,0.000950267940374,-0.000404754520339,0.000961831328055,6.56424420595e-06,0.000346681855701,-0.00034723164168,0.000766444682028,-0.000546912188473,-0.000358802936147,-0.000740785821233,0.000271638853545,-0.000492397712085,-0.00207079323099,0.00043840621193,0.000299686209027,-0.000799587568248,0.000607871930468,-0.000395370491921,0.000555563679062,-0.000619906194092,0.000518302412009,0.000533481642205,0.00038464324366,0.00048234303537,0.000410877440782,0.000578079662812,0.000539134357908,0.000543896928751,-0.000530759773915,0.000159689670974,-0.000453211707343,0.000751066906175
-0.000189804877671,0.000779208780382,-0.000105714238651,-0.000358522373243,-0.000443618236032,0.000223393912613,-0.000503047910035,-0.00161223871776,-0.000357631093756,-0.000548338719121,0.000612166429577,-0.000306326159073,-0.000343322693626,-0.000298490377056,0.000457177713231,-0.000469502800272,-0.000415865038152,0.000331440001443,0.000842261498558,-0.00032640667312,0.000906227882272,2.42202512011e-05,0.000203071299191,-0.000223729735725,0.000466528614731,-0.000501502635015,-0.000243813831499,-0.000499009058962,0.000270717323324,-0.000264900719883,-0.00128758066964,0.000263405567017,0.000321194509827,-0.000650690544442,0.000570670876237,-0.000265362978691,0.000351434276365,-0.000418140026627,0.000407551037889,0.0003915876779,0.000352287900197,0.000519784900155,0.000326957294977,0.00035594863679,0.000405692079521,0.000520977915308,-0.000343554110073,0.000111669623121,-0.000411083221382,0.000606080166022
-0.000217607755762,0.00092426511582,-0.00015780974505,-0.000338480851209,-0.000411230937702,0.000327123188839,-0.000476544249469,-0.00145827943729,-0.000314214969466,-0.00068799140677,0.000477462185172,-0.000187353884513,-0.000273536538865,-0.000319685343198,0.000333843109561,-0.000399044840561,-0.000432259295447,0.000325072666521,0.00101586615481,-0.000255153657015,0.000779035110915,0.00017518848239,0.000235393552829,-0.000406788942787,0.00048467334338,-0.000536595599576,-0.000248747017141,-0.000477582972972,0.000258542615315,-0.000192929769993,-0.00115830558792,0.000391193479797,0.000324754538523,-0.000652388540983,0.00060164306083,-0.000334400564615,0.0003904881601,-0.000457069702056,0.000451316923124,0.000414371387198,0.000335711822369,0.000445049200296,0.000279140477029,0.000452304198813,0.00045706187714,0.00050884018085,-0.000413860803858,0.000145347533823,-0.000405566036791,0.000607802014567
-0.000252366016915,0.00087120893866,-2.63369872181e-05,-0.000342328790634,-0.000322764981998,0.000301070886749,-0.000560935204247,-0.00158667811568,-0.000349947073841,-0.000827047705313,0.000540714310301,-0.000279938934774,-0.000452563173754,-0.000271844396613,0.000389920040439,-0.00037530305324,-0.000446715803541,0.000376970245026,0.000206267727469,-0.000298232881897,0.000840808150848,-0.000200827309205,0.000306002778932,-0.000269961123327,0.000554156425486,-0.000468493296136,-0.00042059735768,-0.000607800298863,0.000267391136852,-0.000245949378652,-0.00137921095602,0.000360502742807,0.000358738135645,-0.000494466264905,0.000610430974489,-0.000350098722468,0.000576966948736,-0.000490292028444,0.000569077703571,0.000369071936568,0.000358139178217,0.000478454195891,0.000363801922855,0.000495417984102,0.000390079273163,0.000505833757222,-0.000479621186851,0.000159911661349,-0.00043243979683,0.000578812780101
-0.00185139353229,-0.0108515913681,0.00144498955178,-0.000340796365099,0.00106942033158,8.26936399699e-05,0.00503824651055,0.0185044085826,0.00230266649934,0.000291463773023,0.00481484316099,0.000217978230636,-0.00382960347598,0.00616394817389,-0.000806755176013,0.00999428281061,0.00205769245797,-0.00289506624583,0.00267084127596,-0.000843766051506,0.000172456910674,-0.00377034515648,0.00155509928465,-0.00233974601493,0.00345556163872,0.0145341956879,-0.00168935989961,0.00313065045925,-0.000164725324846,-0.000608675352034,0.0161358081046,0.00253198642049,-1.75364958887e-05,-0.000272184136172,-0.00526216305973,-0.000779379190139,6.71291480977e-05,-0.00342968623861,0.00265719163303,-0.00487809316775,0.00310754096481,-0.00226892526059,0.00253476700109,0.00223190879686,0.00117201474763,-0.00142675507849,-0.00350009977171,0.00262332678337,0.00226838012001,-0.0163500416657
-0.000230934727129,0.000828124338867,-4.65759171737e-05,-0.00034080786736,-0.000408622518666,0.000312606998731,-0.000498158344266,-0.00166358305298,-0.000333409287685,-0.000720575339911,0.000523731789714,-0.000273990605005,-0.000378190171582,-0.000294102901106,0.000482999235891,-0.000425124044934,-0.000378942815457,0.000283749285716,0.00108179583547,-0.000281101228573,0.000846738029875,2.41436207324e-05,0.000334196434002,-0.000319655832599,0.000516449573468,-0.000448858695116,-0.000267984356123,-0.00056849940964,0.000258620595756,-0.000270199000533,-0.000979807142519,0.000247086590116,0.000311486103092,-0.000612151925892,0.000514776212219,-0.000297506534875,0.000560295100019,-0.000449913173931,0.000415598641862,0.000449647809611,0.000247305371032,0.000442046389073,0.000293954536201,0.000432288384929,0.000395957290456,0.000568229410974,-0.000571554273319,0.000100566274363,-0.000495304852643,0.000557911455494
-0.000214240134877,0.0010207914189,-9.80082651003e-05,-0.000350128049207,-0.000549354656209,0.000196021465859,-0.000349660680666,-0.00157577621728,-0.000335249079133,-0.000806555189321,0.000535777993939,-0.000297050220001,-0.000322128884318,-0.000267482987246,0.000425127173786,-0.00026879057576,-0.000336245323635,0.000346766588238,0.00103562434981,-0.000260237447451,0.000952657351547,0.000144406956027,0.00026860309072,-0.000286959067468,0.000396932844439,-0.000409978564476,-0.000395748818914,-0.000605562612236,0.000267512366361,-0.00025886821155,-0.000992071068928,0.000398530687887,0.000288298741564,-0.000578001429043,0.000646681225901,-0.000236877637383,0.000591562450344,-0.000590955351875,0.000367151836735,0.000355490541596,0.000324993826773,0.000487301556914,0.000296068574406,0.000499398430751,0.000283559769241,0.00062793961378,-0.000343555504555,0.000163265146348,-0.000402669642813,0.000512743900923
-0.000259348206665,0.000978003470366,-1.55713204647e-05,-0.000318203339382,-0.000430232439384,0.000271457706299,-0.000662614304259,-0.00144366619859,-0.000308011845442,-0.000754438501967,0.000557695821714,-0.000279817480484,-0.000353563189168,-0.000230560409223,0.000489811426953,-0.00046098938271,-0.000368087358955,0.000315657673323,0.000936095815742,-0.00024433527002,0.000872663851598,4.43186790111e-05,0.000220004911313,-0.00018781236678,0.000413217777285,-0.00065626869191,-0.000253943679142,-0.000486918633976,0.000269143133391,-0.000228423014833,-0.000960524744117,0.000254756293675,0.000322088290485,-0.000709534972844,0.000500126565405,-0.000343061774497,0.000472680214076,-0.000215633403744,0.000394477886872,0.000460958578487,0.000171867593905,0.000378092626224,0.000386393386431,0.000472398252616,0.000345328100063,0.000504392816909,-0.000286982376957,0.000126944167469,-0.000429922023108,0.000603032370521
-0.000208219387396,0.000921238720957,-0.000196928721746,-0.00035767936013,-0.000361551541389,0.000382153318605,-0.000541718499201,-0.00155508584941,-0.000361895087894,-0.00072177731936,0.000428254384489,-0.000282161124224,-0.000405288810361,-0.00034699766029,0.000460162983082,-0.000279119357556,-0.000561977879872,0.000370022948993,0.000944311908482,-0.00022663053509,0.000744996702027,-4.51871487914e-05,0.000202139758104,-0.000239127787512,0.000304511568542,-0.000699477394225,-0.000363065562227,-0.00060392017118,0.00028024581152,-0.000261093747286,-0.000881227923618,0.000276637457644,0.000256653040865,-0.000834485962755,0.00057840010432,-0.000176690868641,0.000497815472501,-0.000517948725605,0.000390195627461,0.000396896212945,0.000246610119465,0.000577235045849,0.000362517840135,0.000392915671107,0.000459405410979,0.00047370857177,-0.000426241968194,0.000120732070172,-0.000478153857282,0.000870506142897
-0.000236726894329,0.00110973045349,-9.02626601037e-05,-0.000382448151006,-0.000470661119646,0.000258442900459,-0.000815104865804,-0.00155712635185,-0.000305496270338,-0.000859355322505,0.00047984580648,-0.000276602699178,-0.000393214874433,-0.000399998316169,0.000508506472541,-0.000618785344542,-0.000432478026207,0.000345614072119,0.000771531547382,-0.000233175006333,0.00088608369866,-2.30335686629e-05,0.00034509796972,-0.00031325368319,0.000327527077389,-0.000705635518145,-0.000397649920861,-0.000639505212376,0.000272247384958,-0.000274841713857,-0.000586342205855,0.000314832260792,0.000263373319499,-0.000756375684057,0.00061918772385,-0.000283482107731,0.00048475982759,-0.000522890400296,0.000398698497037,0.000533175417269,0.000235585309249,0.000427635604884,0.000368345599967,0.000540963099941,0.000321071068308,0.000596151050155,-0.00064723524423,0.000200497270529,-0.000311007490539,0.000597400483975
-0.000218602917314,0.000853331818661,-9.46288322855e-05,-0.000317947666843,-0.000541232074811,0.000281183737128,-0.000522521680721,-0.00141336006076,-0.000344106651617,-0.000645083020556,0.000487425897477,-0.000255134283125,-0.000343966065687,-0.000264446836563,0.000517777957876,-0.000377623907902,-0.000409831729461,0.000269087553715,0.00101956459767,-0.000233193149724,0.0007553725486,9.07041018797e-05,0.000268091309305,-0.000243546141258,0.000369417464282,-0.000625289978897,-0.000333630717903,-0.000475892117046,0.00026693478966,-0.000241348789494,-0.00118827997582,0.00039681122111,0.000293848500196,-0.000579746640005,0.000431013136968,-0.000350864244963,0.000434143286965,-0.000485734258484,0.000496964861374,0.0004184869833,0.000299930826,0.000503875018784,0.000273943637978,0.000283446489989,0.000390146211456,0.000505676083429,-0.000221929538908,0.00013302657894,-0.000476717970762,0.000633296876711
-0.00151278293705,-0.00984422832613,-0.000696291982805,0.000651158792904,0.000759971236976,-0.000971952687641,0.00513884201395,0.00150517421867,-0.000987021792738,0.00946626796727,0.000198717782007,0.00056119080669,-0.000490600365619,-0.00168425900166,-0.000576304788973,0.00420445962483,0.00138132165822,-0.00080240296322,-0.000371866553322,-0.000379307083669,-0.00243612620423,0.00480525444028,0.00271372392527,-0.000391155607389,0.00259907702825,0.00948406133469,0.00311914783783,0.00494273432212,0.000331358478356,-0.000259656155493,0.00521930538117,0.00123281540403,0.000486262150345,0.00931443333581,-0.0117629565101,-0.000773870708938,0.000815859511355,0.00137035938204,-0.0011055188081,-0.00392115171311,0.00371106392991,-0.00136300763822,0.000308603512733,-2.32164914732e-05,-0.00142594129116,-0.00293116596922,0.00333120563453,0.000723853435731,0.0023398733483,-0.00326977075225
-0.000258789365521,0.00109156745895,-4.47305472629e-05,-0.000342345615949,-0.00042780280141,0.000315250937954,-0.000686885809979,-0.00229929700421,-0.000457115480002,-0.000987700459102,0.00065690718767,-0.000310314985476,-0.000536458008664,-0.000409458862563,0.000551397945449,-0.000338996982214,-0.000461024907511,0.000356041595247,0.000950267940374,-0.000404754520339,0.000961831328055,6.56424420595e-06,0.000346681855701,-0.00034723164168,0.000766444682028,-0.000546912188473,-0.000358802936147,-0.000740785821233,0.000271638853545,-0.000492397712085,-0.00207079323099,0.00043840621193,0.000299686209027,-0.000799587568248,0.000607871930468,-0.000395370491921,0.000555563679062,-0.000619906194092,0.000518302412009,0.000533481642205,0.00038464324366,0.00048234303537,0.000410877440782,0.000578079662812,0.000539134357908,0.000543896928751,-0.000530759773915,0.000159689670974,-0.000453211707343,0.000751066906175
-0.000199001744559,0.00106165357776,-0.000132991581783,-0.000322367645569,-0.000535744400778,0.000375644385269,-0.000621441225295,-0.00141960538881,-0.000274870173421,-0.000588544460596,0.000461793454593,-0.000247465651436,-0.00039001121489,-0.000365914426838,0.000520829607276,-0.000491225924317,-0.0004704513202,0.000361585274422,0.000888404293528,-0.000184746806945,0.00102829469318,6.26263684509e-05,0.000274707094803,-0.000314058059577,0.000415615041248,-0.000700341438213,-0.000278721359331,-0.000508992856035,0.000292592962591,-0.000273851300326,-0.000368798302533,0.00035702966609,0.000377303319189,-0.000954055250464,0.000702961918639,-0.000264183997716,0.000498142536959,-0.000398125313704,0.000459063675811,0.000626428241553,0.000344944973503,0.000617227299018,0.00042134228523,0.000520650199919,0.000295654740065,0.00066470920416,-0.000549272209112,0.000188598175339,-0.000494966782802,0.000627760416464
-0.000258789365521,0.00109156745895,-4.47305472629e-05,-0.000342345615949,-0.00042780280141,0.000315250937954,-0.000686885809979,-0.00229929700421,-0.000457115480002,-0.000987700459102,0.00065690718767,-0.000310314985476,-0.000536458008664,-0.000409458862563,0.000551397945449,-0.000338996982214,-0.000461024907511,0.000356041595247,0.000950267940374,-0.000404754520339,0.000961831328055,6.56424420595e-06,0.000346681855701,-0.00034723164168,0.000766444682028,-0.000546912188473,-0.000358802936147,-0.000740785821233,0.000271638853545,-0.000492397712085,-0.00207079323099,0.00043840621193,0.000299686209027,-0.000799587568248,0.000607871930468,-0.000395370491921,0.000555563679062,-0.000619906194092,0.000518302412009,0.000533481642205,0.00038464324366,0.00048234303537,0.000410877440782,0.000578079662812,0.000539134357908,0.000543896928751,-0.000530759773915,0.000159689670974,-0.000453211707343,0.000751066906175
-0.000232389556213,0.0010143448381,-8.30250370442e-05,-0.000342400437023,-0.00057776019381,0.000296637727535,-0.000546902325882,-0.00124764025405,-0.000311181522189,-0.000671865944307,0.000569946365542,-0.00026148032694,-0.000293501791039,-0.000384036426747,0.000469724777389,-0.000368840204086,-0.000508919773306,0.000363345037246,0.00105081696486,-0.000268546753898,0.000856032781866,0.000112712123103,0.00017814546067,-0.000254112964467,0.00038142634633,-0.000601127295866,-0.0003931573102,-0.000557076237764,0.000269548641537,-0.000270547126491,-0.000959436229779,0.000192331227048,0.000323033189281,-0.000648984124853,0.000594559406419,-0.000236544846393,0.000500828978879,-0.000431274667271,0.00035876726119,0.000426719559268,0.000309222867218,0.000563336819046,0.000391665833994,0.000380406463264,0.000404880978695,0.000594733100316,-0.000505329597021,0.000202000639886,-0.000408152452605,0.000623123684969
-0.000236899457037,0.00105144115575,-4.6986465771e-05,-0.000294512779024,-0.00040804751218,0.000263908263189,-0.00052060073795,-0.00148028548091,-0.000260323395098,-0.000682449734186,0.000509187145073,-0.000262448626612,-0.00037307605075,-0.000408416025735,0.000429856414072,-0.000445495153282,-0.000394430867593,0.000345404731986,0.0010031485148,-0.000235383871082,0.000942786581746,-1.38036247619e-06,0.000241648999896,-0.000282931491649,0.000354298548494,-0.000547112711147,-0.000438113624781,-0.000644492345075,0.000259916363405,-0.000251526066954,-0.000793005265165,0.000344339295465,0.000325236103644,-0.000786989067383,0.000633375373959,-0.000237400533746,0.000585442243935,-0.000435448706096,0.000524339578688,0.000624161693763,0.000322718026294,0.00041776748459,0.000262074375828,0.000459108363318,0.000341832369024,0.000589543454213,-0.000597401550361,6.13793057777e-05,-0.000433561017897,0.000663090013318
-0.000205924311859,0.000870766694903,-0.000130965373213,-0.000252519660327,-0.000440270262419,0.000322522224711,-0.000530835501788,-0.00137336824954,-0.00028020439187,-0.000610213984754,0.000479255420966,-0.000320337572123,-0.000258070529543,-0.000354888726055,0.000408283778321,-0.000424797196949,-0.00031943761216,0.000337405922931,0.000918884140469,-0.000252541826475,0.000983483664641,0.000156859099304,0.00028892260853,-0.000243812587117,0.000512848057696,-0.000616294895973,-0.000371676698059,-0.000548260790904,0.000279255057389,-0.000226514841771,-0.00112774615373,0.000349650459775,0.000305150306037,-0.000617610674266,0.000538935784384,-0.000322326673155,0.00046089019013,-0.000509458218579,0.000459614793586,0.000614767309985,0.000239078792444,0.000318997859451,0.000256454677165,0.000467098754139,0.000308366413033,0.00038761560749,-0.000423332166405,0.000165944286361,-0.000384591456758,0.000726475815065
-0.000229024656958,0.000968143992171,-0.000160409533782,-0.000302187389081,-0.000472479800213,0.000161474489519,-0.000539404388479,-0.00141963199772,-0.000332438170773,-0.000766587436048,0.000365679003885,-0.000273758375103,-0.00036417118598,-0.000343787901204,0.000413423338834,-0.000444852712108,-0.0002479609885,0.00032595638712,0.0010573754369,-0.000296442590821,0.000732303014687,0.000211164107628,0.000283709535466,-0.000264299697177,0.000438647835013,-0.000619020084968,-0.000405701805953,-0.000411671540514,0.000210848283566,-0.000238948387716,-0.00119594742426,0.000261873289818,0.000321939366134,-0.000698075374902,0.000511598809451,-0.00034310798253,0.000473149883339,-0.000526292696494,0.000416455341795,0.000373687724467,0.000269920364418,0.000350111725216,0.000323073731654,0.000436604663714,0.000450470792365,0.000427981456802,-0.000389379028925,0.000129789638458,-0.000420172458612,0.000703984030279
-0.000242767711267,0.00102565195515,-7.29773700274e-05,-0.000358867494446,-0.00031100566667,0.000312369600817,-0.000704871161112,-0.00195762541097,-0.000229636768721,-0.000855193608362,0.000486570602599,-0.000294108428047,-0.000424847545585,-0.000363630239129,0.000575432995431,-0.000517761261534,-0.000320283734055,0.000346042659251,0.000695374374567,-0.000324181683647,0.000993011241575,-0.000101510816044,0.000225143292759,-0.000288827411752,0.000182390167209,-0.000655903810796,-0.00025350059132,-0.000657463114651,0.000262475202045,-0.000261266458762,-0.000762753832855,0.00035781863215,0.000249110015058,-0.000828408759998,0.00069885608656,-0.000313162472497,0.000512007730248,-0.000596260749151,0.00047298415922,0.000451362823313,0.000316438763462,0.000387311194466,0.000355207561671,0.0005227768292,0.000347242975397,0.000507815659284,-0.000686760272657,0.000165283206632,-0.000360128926999,0.000683332070154
-0.00070064667887,0.00463672145967,-0.00962444751768,-0.00117306941472,-0.00376680181844,0.00279669335826,0.00189099433499,-0.0009223209294,0.000787435161305,-0.0059851471345,-0.0130896021253,-0.000608444225883,-0.00276090170125,-0.00206221274182,-0.000292000778637,-0.00351755138136,0.000924276566173,-0.00070789861199,0.000126706024633,-0.00169988067354,0.00165423695255,0.00471011663357,-0.000970418015803,-0.00143292663456,-0.00221836892605,3.45638764452e-05,0.00204983751271,0.00175257531984,0.000349910701374,0.002975403705,0.00403039763166,6.77546906734e-05,-0.00429044882796,-0.00108084122029,0.00539138106689,0.0009501128339,0.00010967803934,0.00119866201461,-0.00269438579261,0.000354497887159,0.00017972570369,0.0053494191883,-0.00050449344502,-0.0961207217828,0.000427595359588,0.00595773583888,0.00159452748173,-0.00108523530702,-0.000539979818925,-0.000867609953572
-0.000237206812693,0.000870027361076,-0.000115615495065,-0.000333687566991,-0.000500364603188,0.000280799612449,-0.000459439550625,-0.00150605478117,-0.000361931420752,-0.000554392087832,0.000414641649476,-0.000270017896529,-0.000300605909506,-0.000368429194106,0.000472925681223,-0.000252007285358,-0.00031207650034,0.000338140843999,0.00107820810214,-0.000251606752889,0.000811900606579,-1.53307775813e-05,0.000211471755989,-0.000196488005105,0.000358808524063,-0.000660762599638,-0.000378737717835,-0.000557549604454,0.00024978361148,-0.000247822675302,-0.000856977268495,0.000378230666558,0.000320754760461,-0.000785639076036,0.000616644580341,-0.000288071881112,0.000501942768147,-0.000416996131146,0.000390921064395,0.00040734730176,0.0003318634979,0.000404791633199,0.000248327102821,0.000311146353559,0.000524230181053,0.000521810498523,-0.000455042731535,6.10726691019e-05,-0.000445296987056,0.000684240035244
-0.00022076711664,0.000887280896809,-0.000166200809424,-0.000289588884642,-0.000541647746814,0.00029675903091,-0.000480817340825,-0.00143908685705,-0.000388385280293,-0.000664735116105,0.000449394442868,-0.000271981163069,-0.000297544966825,-0.00026383505623,0.000388944969319,-0.000427317552919,-0.000416485628917,0.000270387726865,0.00106921762414,-0.000273583018863,0.000799460440897,6.24827535798e-05,0.000164097303434,-0.000239386935098,0.00045726975451,-0.000519902939042,-0.000221587760685,-0.000512279807253,0.00027478522357,-0.000256915909157,-0.00111494714305,0.00026125184855,0.000344255686768,-0.000602080441348,0.000553633614787,-0.000266392895269,0.000509549892121,-0.000473392392846,0.000293269978235,0.000450999592027,0.000245022771967,0.000541494632047,0.000342498741859,0.00043581757439,0.000504839017112,0.000459689492341,-0.000385195372729,0.000141725225159,-0.000443452189749,0.000655942933917
-0.000234630728267,0.00096868810427,-0.000143202355774,-0.000340858867383,-0.000589953016701,0.000323195367479,-0.000605096293357,-0.0015744841154,-0.000346441443803,-0.000725685813732,0.00049651066253,-0.00030857237789,-0.000302598891113,-0.000282029653504,0.000444045898193,-0.000509276135915,-0.000545080593082,0.000379188127203,0.00104099512351,-0.000258625470253,0.000801580649347,-1.79998751288e-05,0.000188377270665,-0.000329377576901,0.000418834920457,-0.000649633379974,-0.000413476100005,-0.000480228247938,0.000272825608014,-0.000188648596803,-0.000577867750984,0.000300094830753,0.000361101321481,-0.000693759847936,0.000652517593632,-0.000277795961537,0.000687172127279,-0.000384929263425,0.000432272829819,0.000568141663845,0.000288086187385,0.000507204002812,0.00023703540331,0.000428914267371,0.000384657986204,0.000566037237784,-0.000543530082297,0.000105273819898,-0.000380967780247,0.000518295225335
-0.000288510879457,0.00100135403044,-0.000197362601942,-3.33406747712e-06,-0.000307806981732,-1.48470573953e-05,-0.000320955272586,-0.00167826806157,-0.000694682255578,-0.000452012094598,0.000371141422207,-0.000264541974497,-0.000391566048368,-0.000372419641253,0.000824029648498,-0.000483118073374,-3.15140330644e-05,0.000136830044276,-0.00184710856543,-0.000395722473279,0.000620419330714,0.000505776027201,0.00024023185262,-0.000326942246469,0.000336137751908,-0.000351931984047,-0.000458984778924,-0.000319377017639,0.000241814374719,-0.000497301627159,-0.00308243667523,0.000499300813694,0.000509473393591,-0.00056444632509,0.000800250597604,-9.34880552437e-05,-0.000117872339504,-0.000392898989492,0.000165790439424,0.000111437143863,0.000328178274152,0.000430934892697,0.000290422267162,0.00014900744054,-0.000258015395942,0.000275750064655,0.000230648250298,4.40489623145e-05,-0.000370873709287,0.000619170253079
-0.000284797983813,0.000806628879246,-0.000145450031419,-0.000313628237563,-0.000467207742868,0.000289893817786,-0.000526287220903,-0.00128677490748,-0.000387476238099,-0.000467603114948,0.000418245740093,-0.000284002821651,-0.000307003699876,-0.000272659841876,0.000363515100087,-0.000332250782424,-0.000391691074454,0.000280741609675,0.00106302217764,-0.000305940632275,0.000968790304103,0.000178974596114,0.000281522178546,-0.000267470289125,0.00034500678313,-0.000430866184807,-0.000321261894587,-0.000620666588606,0.000279902904953,-0.000254841548285,-0.000978261239749,0.000293891436199,0.000309376935626,-0.000849743378762,0.000550722911653,-0.00026304604559,0.000455428407589,-0.000503455352681,0.000324524242049,0.000472432755857,0.000358775021006,0.000606286290435,0.000338864406242,0.000288296587608,0.000441780614323,0.000574242450718,-0.000417099881613,0.000167646283407,-0.000395775794906,0.000736262216834
0.00606771511369,0.0197591144649,0.00754195037522,-0.00511423544438,-0.0306662158948,0.00376519511986,0.00183904587307,-0.037654753513,0.00457724593079,-0.000470740785561,-0.00418719591073,0.003125906959,0.0103243181679,-0.00701110320158,0.0119123954807,-0.038857966655,-0.0171421342225,0.00205587952067,0.000843428739726,-0.00821157172863,-0.0202294082218,0.0156848809032,-0.0179819692088,-0.000806502979533,-0.0114858595008,0.023327071606,-0.0187736804268,-0.012424792028,-0.00203547833972,0.00939890977066,0.0688919829851,-0.00820501173046,-0.00973463933839,0.0161903120997,0.00868455522355,-0.00258272435025,0.00666415140524,-0.00149294322692,-0.0910874182386,-0.00555701377591,0.00790637772881,0.0141451141101,-0.0050677987307,-0.0336512505733,0.00248616780585,-0.00282960320087,0.00852908955157,0.000809133269557,-0.00330262252019,-0.0663939329992
-0.000173239570911,0.00140624235945,-0.000156216397265,-0.000327243930315,-0.000405296046756,0.000368144243775,-0.000551118768026,-0.00190587239237,-0.0001910396177,-0.000794667988443,0.000495250525729,-0.000172439229141,-0.000189885629818,-0.000252842697206,0.000543124201643,-0.000376865012434,-0.000475525373213,0.000362579073381,0.000686734822955,-3.96817861787e-05,0.000845358239791,-5.14177822867e-05,5.93207235681e-05,-0.0002432862589,-7.36547270898e-05,-0.000912372820343,-7.92643744113e-05,-0.000682428216204,0.000317252081875,-7.14785574442e-05,0.00170160028966,0.000436545335987,0.000262288200716,-0.00100565001097,0.000653790012896,-0.000318562935827,0.000478845641763,-0.000259133081522,0.000363998453199,0.000391966406886,0.000167947765622,0.000361602084621,0.000375030932803,0.000285987625711,0.000177286737895,0.000566108142053,-0.000644362407984,9.98051875606e-05,-0.000395826259877,0.00084188157747
-0.000245365272369,0.000758863045538,-0.000121737983905,-0.000282484771678,-0.000549478696785,0.000297319612564,-0.000360637961657,-0.00156402253787,-0.000360992932074,-0.000443440006023,0.00049179342614,-0.000242270912342,-0.000336278713613,-0.000341224986252,0.000448941311956,-0.000453950867909,-0.000363236719287,0.000355749768673,0.00100246651215,-0.000229756567423,0.000755857933874,7.32327933568e-05,0.000240891505432,-0.000276246580293,0.000474194167527,-0.000458921012271,-0.000252979437371,-0.000420461794055,0.000264828342423,-0.00023991264569,-0.00130164444628,0.00020611632894,0.000264389427472,-0.00058007466433,0.000601098333347,-0.000240396235241,0.000450096971062,-0.00053065396955,0.000425079419028,0.000427710597585,0.000246400957538,0.000408485552305,0.000237833176394,0.000369220404667,0.000420220517412,0.000437147292341,-0.000470967565353,0.000114677054256,-0.000405749843046,0.000685669979498
-0.000185633735283,0.00164890995286,-8.94818560181e-05,-0.00037511557227,-0.00034514769566,0.000424594607835,-0.000996968592309,-0.00187194128684,-7.65580262506e-05,-0.000993929826229,0.000532128803033,-0.000285906679699,-0.000385092014706,-0.000443650671539,0.000636554706653,-0.000727327231673,-0.000691978091997,0.000406984744553,0.000430274301046,-0.000269528413343,0.00123430777971,-0.000520303863402,0.000289119295918,-0.00036196064518,9.90175410122e-05,-0.000950614406103,-0.000220213660024,-0.000894222937091,0.00027509536018,-0.000290033560976,0.000326929808292,0.000513720834415,0.000149766308476,-0.00114449675533,0.000930962919759,-0.000330492623113,0.000564953361443,-0.000570393114617,0.000636364683491,0.000708370087091,0.000291805334665,0.000429901744958,0.000425906042868,0.000441838957821,0.000455335269137,0.000824778815816,-0.000872292965614,0.000251475106048,-0.000435707769219,0.00076732535003
-0.000254239521498,0.0008473414731,-6.36194384693e-05,-0.000367134385013,-0.000357723014758,0.000312815255441,-0.000638169246866,-0.00150210580998,-0.000313235617479,-0.00073719617853,0.000498353409063,-0.000256449502403,-0.000346643054841,-0.000375635151003,0.000429752271359,-0.000442547372813,-0.0003656488571,0.000312290918156,0.00100044842443,-0.000221424108718,0.000904914134182,2.94160384153e-05,0.000265171411319,-0.000261346810599,0.000534660172393,-0.000596985020371,-0.00047050791012,-0.000567731279487,0.000264855338733,-0.000239332622462,-0.00112797964475,0.000311926119253,0.000312350628166,-0.000617673298858,0.000687229328398,-0.000285045269444,0.000475694825873,-0.000475488675794,0.000390485916765,0.000429675492686,0.000193022816771,0.000594361826296,0.000192388234653,0.000389571347286,0.000452205401291,0.000524207851881,-0.000482644389574,0.000131580688212,-0.000401198315788,0.000639413997461
-0.000232383131574,0.00083356152978,-0.00014966329686,-0.000329467335822,-0.000634086253348,0.000196682482907,-0.000605722309439,-0.00132192627767,-0.00029244083174,-0.000652789737904,0.00054050848342,-0.00019232051816,-0.000337392319679,-0.000388053001469,0.000468714055195,-0.000463237696537,-0.000380907029279,0.000323628173339,0.000923037605839,-0.000227115602391,0.000834880583874,5.77404517821e-05,0.000318412059486,-0.000251116212818,0.000346225416327,-0.000584477815513,-0.000303976363741,-0.000641933312934,0.000268251831345,-0.0002658067385,-0.000826208403939,0.000334931474741,0.000365816600476,-0.000601952578569,0.000651481927891,-0.000281668107372,0.000592042800786,-0.000455268837386,0.000457378297233,0.00048683292979,0.000237522892018,0.000622605932903,0.000267502735981,0.000419495955165,0.000334053912967,0.000470301829165,-0.000344355131197,0.000141685710194,-0.000364272620139,0.000688495659794
-0.000270187885881,0.000856345998733,-8.98224714155e-05,-0.000314479050043,-0.000544233971294,0.000253967639028,-0.000525567302987,-0.00160496701011,-0.000247061402937,-0.000595785322411,0.000563575557363,-0.000209435190975,-0.000378706688661,-0.000337491233265,0.000502943643835,-0.000369391804308,-0.000370283390003,0.000339844896577,0.00101377315337,-0.000236227918072,0.000787052760092,7.6834251297e-05,0.000231402676138,-0.000306601533878,0.000434839225483,-0.000600984692417,-0.000390728409416,-0.000544577538319,0.000280556909389,-0.000255309067131,-0.000931683561937,0.000289138065183,0.000310227120885,-0.000627594454083,0.000671529767541,-0.000314277605219,0.000452598775395,-0.000566381576822,0.000465765406843,0.000573679942546,0.000354229221307,0.000531279175351,0.000302146573865,0.000338250140319,0.000323588080575,0.000554637480137,-0.00062962232074,0.000116164628684,-0.000393104238709,0.000420420780189
-0.000109883375023,0.00309609825263,-0.000386845753507,-0.000531566356167,-0.000444810998305,0.000678595554682,-0.00126751253793,-0.00343825980876,0.00069940948734,-0.00117447457305,0.000356882060083,-0.000272990133494,-0.000314446179204,-0.000561096427175,0.000854798774428,-0.000700463604711,-0.0012083150344,0.000528048453574,-0.000916326484259,-0.000277149431732,0.00196392704072,-0.00223006369302,4.88345390696e-07,-0.000415820424238,-0.000803208296829,-0.00164504927342,0.000376572489083,-0.00158103254955,0.00031488706408,-0.000427829518522,0.00307482250473,0.000673102451811,4.04667528431e-05,-0.00222800355453,0.00121526969368,-0.000202274796993,0.000757818668012,-0.000676837113777,0.000569746813853,0.00182962135908,0.000559938736899,0.000780743097447,0.000613929228637,0.000580766653552,0.000356576360587,0.000707286040259,-0.00137871410303,0.000412675632558,-0.000405324285704,0.00181140351033
-0.000194014830455,0.00122944585386,-9.7902548475e-05,-0.000377117515516,-0.000563812861207,0.000343014033588,-0.000598399047578,-0.00174036766031,-0.000353562076063,-0.000589448599204,0.000571125141511,-0.000276598239972,-0.000299996391972,-0.000302616737338,0.00041237650412,-0.000438263345572,-0.00041373992762,0.000286845707446,0.000868395729496,-0.000265219523028,0.000856144747044,8.28713096842e-06,0.000276375326696,-0.00022024690936,0.000505176255555,-0.000558768550867,-0.000307272674975,-0.000723128280696,0.00028171080315,-0.000314095664594,-0.000487541510597,0.000349977846606,0.000344316184408,-0.000839640563376,0.000877358590644,-0.000267332075472,0.000567670495535,-0.000564336039309,0.000518414001179,0.000477943624067,0.000343471111305,0.00035628085709,0.000418787070864,0.000525364548942,0.000446553871642,0.000539917174752,-0.000593150203615,0.000175953106127,-0.000325382970419,0.000574695520624
-0.0015237977328,-0.00287260063897,-0.000162647493318,-0.000643844174887,-0.000588590395598,0.00113064353145,0.000684546205998,0.0166972726357,0.00222022413759,0.00331289294177,0.00145850432418,-0.000387003074255,-0.000317793743402,0.000654126911196,7.65274986979e-05,0.00431805815936,-0.00040424456637,-0.000177078628426,0.00131146714613,-0.000110321679017,-0.000183419149055,0.000550368728484,0.000631432311769,-0.000405573887287,0.000905896183912,0.00390489046774,-0.000745792202772,0.00043895398229,0.00020683143579,-0.000562009904219,0.000624772786056,0.00101983093415,0.000373613745055,-0.000664730134039,0.0004217156187,0.000272770529136,0.000139686024051,-0.00189238778225,0.000637860537356,-0.000413412335275,0.000405608183243,0.000182779081712,0.00159967548102,-0.000498105158237,0.000693839585983,0.00131144949516,0.000566232496097,0.000251543122686,-0.0012684729904,3.52096825337e-05
-0.000994862121194,-0.00779995739172,0.0176349798502,0.00322531400813,0.0126448945249,0.000402036386948,-0.00475416757216,0.0024197191363,-0.00530621196248,0.0157080359131,-0.0171111241542,-0.00550895216321,0.000545934254423,-0.00248611938965,-0.0131326083975,0.00273143592977,0.0116531143871,-0.00059365497261,-0.000640676536844,-0.00349290739708,-0.0160859386317,0.0165939477389,0.00444625778884,0.00225113193714,0.00799358860893,-0.00420637242732,0.00870785872515,0.0108042744959,0.00014524627156,0.000798022399264,0.00324563229485,-0.00310821632747,-0.00582928688683,0.0302832049405,-0.00882108414603,-0.00147358473051,-0.00213479552964,0.0170727887838,-0.00646712887906,-0.0112258497499,0.00293785875666,-0.0107051711983,4.17332695903e-05,-0.00167611952843,-0.00107531640425,-0.00873476787893,-0.000158374102824,-0.00506100879209,0.00677534072551,0.0105741366558
0.00180129821342,0.0487838472441,-0.00488970437337,-0.00405410633958,-0.00521460667977,0.0103166161663,-0.0229357891641,-0.0185120128075,0.00736534973745,-0.00897149752338,0.00183060799338,0.0012434203936,0.00056193010608,-0.00213864332421,0.0116183616323,-0.00979008078027,-0.017472640509,0.00703426078661,-0.013425861252,-0.000687931237765,0.0316870055092,-0.0250135873233,0.000992745256907,-0.00460907822491,-0.0159175650032,-0.0254563601278,0.00199127353768,-0.0245438157414,0.00166586407434,-0.00449567988885,0.138620026116,0.00566184341307,0.00134700295844,-0.0447821613762,0.0209524320332,0.00205173453085,0.0103939707518,-0.0108534230653,0.00871850115472,0.020127353488,0.00709164268078,0.0129201213056,0.0052080960946,0.00837238593565,-0.00278464045032,0.0167383936181,-0.0229198302885,0.00829043828163,0.000147038006052,0.0214866399224
-0.00026023391211,0.000765187692052,-7.93836897303e-05,-0.000365362385941,-0.000443549252412,0.000339414534205,-0.000563418356442,-0.0017866133596,-0.000335360051334,-0.00081210850259,0.000432223758409,-0.000284217959568,-0.000458313233186,-0.000190612901414,0.000463909805349,-0.000422769243783,-0.000375578256338,0.00026575315043,0.000871177107929,-0.000272451237618,0.000383504879186,-9.96029689284e-05,0.000310104464586,-0.000286178615343,0.000480638917538,-0.000541329621123,7.60641665059e-05,-7.93241616395e-05,0.000271027299937,-0.000265413501399,-0.00114681109902,0.000285162366957,0.000339744608797,-0.000750932483521,0.000595458571994,-0.000309005419118,0.000441868897778,-0.000566026899013,0.000468228315956,0.000572347004933,0.000292256508067,0.000315966643641,0.000307839280838,0.000351851639586,0.000482412933282,0.000537786871668,-0.000591869620213,0.000105677186068,-0.000483738743474,0.000379614299671
-0.00024692163218,0.000671066392568,-9.72336959433e-05,-0.000299148097271,-0.000562286716756,0.000259393748863,-0.000467343099216,-0.00126635012808,-0.000364710485972,-0.000665430498851,0.0005422440505,-0.000292639119974,-0.000276294694123,-0.000246577354614,0.000357340998554,-0.000456871191593,-0.000477843724998,0.000288386597794,0.00101080071265,-0.000309293377348,0.000672632693709,0.000122099047231,0.000278182951745,-0.000236840653001,0.000520771017458,-0.000419096725645,-0.000265225673523,-0.000382474719503,0.000259898851057,-0.000239980489936,-0.00136844837492,0.000281442863885,0.000330486788107,-0.000531495298569,0.000504601966905,-0.000390286343602,0.00051055808072,-0.000431872757776,0.000297037050967,0.000554251899058,0.000316387970147,0.0005852267002,0.000329760665922,0.000357059580701,0.000417777314508,0.000522708822928,-0.000329366442729,0.000143306375838,-0.000424012192682,0.000710718704547
-0.000203778385625,0.000798764307474,-0.000112174584983,-0.000322277187495,-0.000443875935536,0.000329046949079,-0.000614344111807,-0.00143364566085,-0.000291511096521,-0.000739610833093,0.000511537964401,-0.000286965257247,-0.000397262216369,-0.00022832640081,0.000397952563922,-0.000385744709595,-0.000339071339735,0.000260444682687,0.0011112536473,-0.0002532923968,0.000731626774883,3.71892413791e-05,0.000287617767337,-0.000265479941072,0.000489606958003,-0.000532781951798,-0.000327198453899,-0.000550634242036,0.000261836090401,-0.000246390569235,-0.00117609710153,0.000320334374518,0.000347976978333,-0.000553992480839,0.000549231722714,-0.00033858033643,0.000484640848387,-0.000570046345198,0.000412928947769,0.000506733900274,0.000321108519942,0.000459840445862,0.000340009152553,0.000427909254068,0.000448621477658,0.000511712041911,-0.000398486690726,0.000157347353125,-0.00041826052735,0.000510145391819
-0.00026257227048,0.000739054117882,-6.77666549772e-05,-0.000248095506194,-0.000363667511506,0.000293278651811,-0.000538179119686,-0.00137599854378,-0.000472738377663,-0.000645039396922,0.000572725181491,-0.000242977562748,-0.000316513078314,-0.000322898066726,0.000419382275358,-0.000428714596861,-0.000340058340412,0.000285413294534,4.67564285656e-05,-0.00027690826874,0.000840879723792,0.000212881666076,0.00030032056701,-0.0003325549685,0.000504625808225,-0.000456411617016,-0.000455493301309,-0.000508527005616,0.000269235563234,-0.000287927509878,-0.00172333518158,0.000398177937251,0.000386582504109,-0.00044086966089,0.000681655941991,-0.000324863985523,0.00039988747604,-0.000423520397014,0.000476848331563,0.000375229373192,0.000309902649365,0.000533887927368,0.00034925293364,0.000493058907863,0.000288965583404,0.000439970266682,-0.000406486638153,0.00010574044452,-0.000418387524288,0.000605548259753
-0.000198271905172,0.00143217977107,-0.000145758508734,-0.000337829972361,-0.000651753244142,0.000177840174605,-0.000672858287233,-0.00162275155279,-0.000334989869651,-0.000677924464268,0.000498593322156,-0.000215920262274,-0.000312547922538,-0.000362145617105,0.000543377784082,-0.000448825008361,-0.000528345798564,0.000381762795638,0.000948936324372,-0.000252476752924,0.00107786321589,-0.000179680988596,0.00019129347924,-0.000293728726445,0.000324853501599,-0.000757992209474,-0.000229992829772,-0.000712493462698,0.00027692718499,-0.000293231766262,-1.82328514437e-05,0.000338852475178,0.000290509270732,-0.0010889150777,0.000824851941563,-0.000285541433349,0.000435092343241,-0.000569332724115,0.000525173009238,0.000656778356374,0.000274597916105,0.000544851172709,0.000383495728543,0.000490093863476,0.000368531391832,0.000613218316965,-0.000718203798684,0.000153655122688,-0.000506703980255,0.000680039824539
-0.000210005186893,0.000884159860252,-0.000184730108505,-0.000222731435137,-0.000429157534539,0.000268447267608,-0.000454514246326,-0.00131764292349,-0.000372183964643,-0.000522350266695,0.0003741883873,-0.000242534660827,-0.000309724126153,-0.000256555730775,0.000456599038232,-0.000478916524022,-0.000347239094636,0.000319308326433,0.000998959098785,-0.000198669709388,0.000714212176648,0.000183710075231,0.00025376095106,-0.000289445796735,0.000433963438819,-0.000526102800482,-0.000411199213664,-0.000469965134909,0.000257289843881,-0.000252187415468,-0.00120747950422,0.000328459482208,0.000318654980317,-0.00071653423779,0.000715324332919,-0.000402153086915,0.000475432317278,-0.000528683316983,0.000424126556594,0.000464755835886,0.000257557089948,0.000489167630228,0.000274107307398,0.000413539180744,0.000463249387786,0.000365042152679,-0.000523800188717,4.71539537402e-05,-0.000439294536432,0.000574285349873
-0.000258789365521,0.00109156745895,-4.47305472629e-05,-0.000342345615949,-0.00042780280141,0.000315250937954,-0.000686885809979,-0.00229929700421,-0.000457115480002,-0.000987700459102,0.00065690718767,-0.000310314985476,-0.000536458008664,-0.000409458862563,0.000551397945449,-0.000338996982214,-0.000461024907511,0.000356041595247,0.000950267940374,-0.000404754520339,0.000961831328055,6.56424420595e-06,0.000346681855701,-0.00034723164168,0.000766444682028,-0.000546912188473,-0.000358802936147,-0.000740785821233,0.000271638853545,-0.000492397712085,-0.00207079323099,0.00043840621193,0.000299686209027,-0.000799587568248,0.000607871930468,-0.000395370491921,0.000555563679062,-0.000619906194092,0.000518302412009,0.000533481642205,0.00038464324366,0.00048234303537,0.000410877440782,0.000578079662812,0.000539134357908,0.000543896928751,-0.000530759773915,0.000159689670974,-0.000453211707343,0.000751066906175
-0.000218478177986,0.000834477175397,-9.2741730109e-05,-0.000286327161584,-0.000631234787844,0.000292906783759,-0.000446496262299,-0.00135563550515,-0.000363800758969,-0.000524171540368,0.000406807271179,-0.000263426994996,-0.000329845416497,-0.000248285983369,0.000530157009306,-0.000370050972522,-0.000382662032281,0.000307033707176,0.00106335807386,-0.000311760685254,0.00088923907455,0.000155521735124,0.000283587842517,-0.00028167804244,0.00049802981775,-0.000532026457604,-0.000429509426472,-0.000455765615519,0.000260827188748,-0.000235320301573,-0.0011910817055,0.00028747219017,0.000301539363801,-0.000627150795758,0.000524924248437,-0.000260277947839,0.000565152921719,-0.000476953080803,0.000113712645452,0.000502286174333,0.000211366713251,0.000544908729554,0.000292326113005,0.000441449484022,0.000435429602566,0.000544193165497,-0.000465963892058,0.000111630425634,-0.000420311032086,0.000621052108891
-0.000504948023781,0.000188119989228,-7.89125291515e-05,-4.3273045244e-05,-0.000376051229157,0.000155038720171,0.000530306635164,-4.68768374371e-05,0.000152973091653,-0.000401625324704,0.000976930187294,-0.000135906932414,-0.000309701200396,-0.000522287103703,-0.000365133654815,8.68923322116e-05,0.000683684320495,0.000526616169191,-0.000174234241775,-0.000355787326419,0.000936005771132,0.000486685906067,0.000589968512846,-0.000389592601357,0.00119480909113,-3.42802908114e-05,-0.000291584174317,-0.000671347225302,0.000286827743715,-0.000283207402998,-0.00157893854835,0.000610344498096,0.000421771368174,0.000159186579518,-0.000819541580341,0.000680326416673,-0.00934200823783,6.89134421988e-05,0.000518472418517,-0.000273812848898,0.000857077943798,0.000258792268299,0.000761486476698,0.000687161772548,0.000945041875022,0.000601462563674,9.01977851343e-05,-0.00242857478404,0.00103441349222,0.00138275400959
-0.000237798280456,0.000860486673258,-5.49090863035e-06,-0.000348441960456,-0.000497230957301,0.000234486903486,-0.000608603315141,-0.0015491194283,-0.000259152939211,-0.000732871890219,0.000612050743556,-0.000326654236535,-0.000325738646599,-0.000256520772701,0.00041094268594,-0.000383896779492,-0.000403540593686,0.000363329063155,0.000954807212539,-0.000197458832839,0.000779778604116,7.06341558448e-06,0.000331900544926,-0.000248704103915,0.000494902365326,-0.000536941476374,-0.000262562726711,-0.000413938989278,0.000272758382492,-0.000243676785395,-0.00111425332313,0.00028138597221,0.000294565113573,-0.000653011832068,0.000507230659769,-0.000315165269402,0.000545551262949,-0.000475795049747,0.000388186544917,0.000551688310141,0.000285120180588,0.000331870199885,0.00035814027358,0.000398856039397,0.00049191597641,0.000567583940675,-0.000557797074804,0.000109756176716,-0.000375185813144,0.000577486214336
-0.000227309641594,0.000816448276556,-6.70861328956e-05,-0.000294573692802,-0.000521022712628,0.00036186327599,-0.00051655620658,-0.00140519775589,-0.000312498831647,-0.000698461003624,0.000549316047104,-0.000262296539072,-0.000373084536027,-0.000375075727227,0.000436961177294,-0.000388003389565,-0.000343570215816,0.000322166902836,0.0010171014915,-0.000226568558402,0.000856094349463,-2.4152601324e-05,0.00031071251492,-0.000243252151371,0.000355831158738,-0.000592280453666,-0.000246700737542,-0.00036474748046,0.000256530604925,-0.000238363722305,-0.00116555906548,0.000266423902106,0.000326020814094,-0.000653971111892,0.000483687769952,-0.000265149868011,0.000416488864886,-0.000596823955659,0.000422971221312,0.000475408543697,0.000348558770956,0.000471705478139,0.000356463846508,0.000413340617334,0.000419143487206,0.000418777722787,-0.000554885078637,9.02813019323e-05,-0.000422450717858,0.000606002390681
-0.000218848071675,0.000832052420506,-2.04013871751e-05,-0.000339580656527,-0.000329072963268,0.000233006143696,-0.000513662258124,-0.00125219799306,-0.000337215444224,-0.000590259340117,0.000604219467274,-0.000281975148077,-0.000354668475934,-0.000393473615821,0.000546935223784,-0.000416994273343,-0.000435990991857,0.000324976522719,0.00101371683134,-0.000231887019669,0.000813109662741,9.45041317728e-05,0.000249471304104,-0.000295948945886,0.000458504436327,-0.000583425121724,-0.00027639312225,-0.000657224679798,0.000280538489565,-0.000248295222203,-0.000970504917414,0.000344758125511,0.000341015612198,-0.000746619978303,0.000661120463941,-0.000293201314154,0.000471575661233,-0.00058243592214,0.000481784969533,0.000382695119253,0.000227000474617,0.000606489451157,0.00034433745765,0.000391515057845,0.000431433625744,0.000451855148865,-0.000580271321917,8.41384902152e-05,-0.000494684755403,0.000723186814872
-0.000122270834575,0.000455831522865,2.84797675417e-05,5.4496823283e-05,-0.00174996442259,0.000112764615505,-0.000613256478712,-0.00175382138315,-0.000708050198295,0.00189353105313,0.000104176949207,-0.000461133094809,0.000205623818866,-0.00109026535698,0.000440962779386,-0.000647774691138,-0.000131481574019,0.00043812408033,0.000327563576785,-0.000248630649638,0.00234136675813,-6.76232142337e-05,0.000673725088975,-0.000205554215588,0.00110796183731,0.00120379593877,-0.000567076638306,-0.000686532188741,0.000273719428251,0.000112872465948,-6.93887432941e-05,0.000501838189243,0.000579164720188,0.00123122548587,-0.00351381524528,-0.000217444231757,-0.00132960621709,-6.73192121493e-05,5.68181082467e-05,0.00140900969941,0.000725900541219,-0.000122317241745,-0.00153343524791,-3.64279818286e-05,-0.000519740666773,2.48663896153e-06,-0.000392280265073,0.00406311581652,0.00833218269165,0.000435814590415
-0.000257256856628,0.00101791638039,-0.000134896844245,-0.000310895879986,-0.000516895346257,0.00017343323534,-0.000546466203548,-0.00151540232483,-0.000316417868035,-0.000607168245659,0.000528489589954,-0.000255420101463,-0.000256765530603,-0.000393504032981,0.000530967499438,-0.000424817071685,-0.000391501820646,0.000318840565421,0.001004469391,-0.000220483769098,0.000911155072934,-1.09395102979e-05,0.00024499718132,-0.000256892142825,0.000370068264379,-0.000586924343202,-0.000250223455459,-0.000541060048191,0.00026658637152,-0.00021686289956,-0.000790548873398,0.000384260838765,0.000332202381891,-0.000786202828687,0.000579458092942,-0.000351974358983,0.000310730816726,-0.000498846478318,0.000321686050272,0.000487425639402,0.000303069992347,0.000533408523518,0.000302867898067,0.000376815648343,0.000278958621979,0.000662156276066,-0.00036756868111,0.000126724942198,-0.000428550938603,0.000717558898754
-0.000378181753963,-0.00177677071792,0.00387421391246,-0.00319496561827,0.000584125374542,0.00479288537412,-0.00848871332466,-0.0162353660474,0.00256097187831,-0.00923118127416,0.0059051950423,0.000331746684284,-0.0036316742386,0.00125970363644,-0.00455076056145,-0.00205410697104,-0.00254679175799,0.00112886705207,-0.0635302690283,-0.00145214022136,-0.00333840393394,-0.000858463620362,-0.000458881104021,-0.00248615993784,-0.000888394926124,-0.00428588010419,0.00207727665791,-0.00191452399402,0.000530997816555,0.00111859237885,0.00531327654632,0.00113209963728,0.00451307038568,0.00429756484718,-0.00716557997369,-0.00302239946526,0.0030872843117,0.000979580891722,0.00664149946712,5.35741251889e-05,-0.0067417559898,-0.00317625883309,0.00131159854303,0.00222091680144,0.0067183230666,0.00101647656617,-0.00341089672532,0.00201132207669,-0.00099135379703,0.000600555895852
-0.000277947212227,0.000763857251687,-5.99875245612e-05,-0.000333366209678,-0.000508104672288,0.000344065971815,-0.000575210831775,-0.00127356820547,-0.000307913222529,-0.000707632836787,0.000622364907659,-0.000318036453519,-0.000287954916083,-0.000228294218684,0.000447488456788,-0.000296866668228,-0.000318508320566,0.000228635923864,0.000776496199273,-0.000307347320841,0.0011211719639,6.21986534836e-05,0.000248704275798,-0.000207010049084,0.00033786080998,-0.000571962222548,-0.000392699203899,-0.000573072953159,0.0002320686518,-0.000244021624761,-0.00091971327405,0.000494760305951,0.000317660958914,-0.00057937439538,0.000415672976292,-0.000362051663427,0.000291700207969,-0.000570897814718,0.000403796416053,0.000389790788746,0.000403177012267,0.000535942449853,0.000401716640931,0.000533016291879,0.000462978948561,0.000591331805312,-0.000707173858466,3.59040405791e-05,-0.000387988903456,0.000754086639394
-0.00160111629532,-0.0192633215417,0.00179792670418,0.012390200359,-0.00108244530215,-0.00170729312456,0.00410924868365,0.0176636655204,0.000210202151187,0.000716059269949,-0.000380895268692,0.001102451417,0.000639128377046,0.00134404773421,-0.00290310960828,0.00172593966946,0.00283898435927,-0.00011570137709,0.00342145602346,-0.00250898173574,-0.012979490111,0.0028345477903,-0.00117318558227,-0.00116976754443,0.0029322213202,0.00498984903715,-0.00262367658127,0.00118046528776,0.000584501687081,-0.000369672504172,0.00158592323456,-0.00251645844416,-0.000130013530259,0.00806263088179,-0.00295723874001,0.000488819520608,-0.00561612429686,0.000211069668119,-0.000505708709358,-0.00360929773316,0.000814018554409,-0.000965368436431,-0.00417391890766,-0.00875382522825,-0.000141075319106,-0.00270331746114,0.00146545393534,0.000407440031257,0.00269847549719,-0.00533966638244
-0.000228657989694,0.000784278506526,-7.06219076438e-05,-0.000355573269794,-0.000437075812146,0.000138609566014,-0.000514610437578,-0.00169246841729,-0.000277875601862,-0.00073608585299,0.000461572989724,-0.000309531924032,-0.000231655487311,-0.000317210332413,0.000392916643427,-0.000486157990691,-0.000442580412126,0.00028163704876,0.000838562928739,-0.000237011866399,0.000761243464455,-6.1816712977e-05,0.000176166420162,-0.000146442528457,0.000212105918387,-0.000555311476277,-0.000214995925578,-0.00065473911578,0.000261559163456,-0.000223274419242,-0.000987961324758,0.000215650961847,0.000226845124974,-0.000522628838496,0.000724571599399,-0.000316234581991,0.000424044782974,-0.000390086460927,0.000365049296903,0.000501854707363,0.000298282740171,0.000463173218194,0.000320248445545,0.000402929430237,0.00039232200311,0.000472818607213,-0.000534256530415,9.30472754128e-05,-0.000423052954634,0.000520422505027
-0.000249342533819,0.000778856394337,-0.000130660327123,-0.000324495091441,-0.000453581827499,0.00025069942016,-0.000577895409065,-0.00156198136928,-0.000317478679035,-0.000694633954703,0.000458668219916,-0.000241275375846,-0.000328313826064,-0.000318123573279,0.000449083886393,-0.000327490226137,-0.000498671674199,0.000299238208053,0.000975794534718,-0.000260108545517,0.000728011709703,0.000107456247699,0.00027179304968,-0.000246229118056,0.000459073816499,-0.000542987650773,-0.000336226017762,-0.000565369581182,0.000257957772503,-0.000250238203874,-0.0011125155667,0.000288886410879,0.000300763762481,-0.000614015490892,0.000528148636894,-0.000278309266565,0.000508976280255,-0.000488122415696,0.000381039766264,0.000440103479963,0.000253625562883,0.000586812385128,0.000348193065469,0.000442209538939,0.000423425624311,0.000431721991005,-0.000515551516365,0.000142334352476,-0.000404353833676,0.000730520654375
0.000781751722421,-0.0174197966752,0.0087067045113,1.31015632409e-06,0.000939996707872,0.000439219651803,0.00131549213868,0.0177624168371,-0.000765723637545,0.0127069233668,-0.0122662515675,0.00208573820276,0.00237286124464,0.00278584292655,-0.000289376202148,0.00210605708513,0.00438589248835,-0.00414420079446,0.00109605976827,0.00142396512465,-0.0162588375752,0.00414371992091,0.00135762179877,-0.00312704703192,-0.00049457259523,0.00474172555713,0.00297704099756,0.00642145043782,-7.45423597912e-05,-0.000636705366372,0.00282998863054,-0.000909960531371,0.000973577782685,0.0160017428637,-0.00267793139703,0.0060966717053,-0.00512966984555,-0.00118198023907,-0.000920503658705,-0.000952997949427,-0.00124820353667,-0.00228867596571,-0.00124752928664,-0.00445354859734,-0.00310200393236,-0.0192084662681,0.00464954588216,-0.000369030849651,0.000605637888638,-0.00269979631197
-0.00025632512085,0.00106803678172,-0.000161497832316,-0.000343211384881,-0.000591857869522,0.000282411720693,-0.000475480702887,-0.00149860457879,-0.000370345670511,-0.000412642528464,0.000416815478614,-0.00023917515643,-0.000263764917775,-0.000326836522599,0.000482818240451,-0.00049989382679,-0.000363798548791,0.000363882127867,0.000931094956745,-0.000169666956614,0.0008782184516,-3.70606765756e-05,0.000247892011084,-0.000319001902879,0.000333336052069,-0.00061642537543,-0.000346131614019,-0.000527600875247,0.000261358006191,-0.000277010488275,-0.00071966362643,0.000372248001015,0.000337442841595,-0.00080902392432,0.000651088599798,-0.00024410243317,0.00052992143698,-0.000497584182977,0.000425058486394,0.000618518004834,0.000219076598527,0.000430449205478,0.000362592497853,0.000456039201879,0.000265716364609,0.000508649516557,-0.000515004246086,0.000120674492199,-0.000421759343804,0.000722283029568
-0.000223307882441,0.00105375333215,-0.000179630124192,-0.000362344261483,-0.00058356474952,0.000350190623698,-0.000579449325918,-0.0011006588164,-0.000162033046521,-0.000622097313711,0.000466479018212,-0.00028444244134,-0.000291177927004,-0.000358031656975,0.000547677837434,-0.000524741471145,-0.00049619377641,0.000356794421645,0.000774229432263,-0.000188281503205,0.00118520241161,-0.000108084454725,0.000283938144291,-0.000264698684764,0.000346215969106,-0.000544271678123,-0.000287317957729,-0.000693103201065,0.000265527023195,-0.000307787766834,-0.000589291306228,0.000376827616519,0.000380756577127,-0.000931675922469,0.000852603102895,-0.000294869609557,0.000486297223941,-0.000480139021294,0.000455919885637,0.000638769110842,0.000339409162244,0.000742522787088,0.000450315546313,0.000460283266509,0.000246877413689,0.000650569451701,-0.000609064617723,0.000164703488463,-0.000474997633037,0.000757281765009
-0.000226388410814,0.000781728722963,-0.000146646428019,-0.000331774283981,-0.000559353108434,0.000265941241473,-0.000447435975625,-0.00135694098374,-0.000296866485037,-0.000485198496327,0.000459243638985,-0.000284178899767,-0.000387259022045,-0.000327630367959,0.000383193677386,-0.000118071279741,-0.000409440762367,0.000323423918863,0.00100667267696,-0.000270585999112,0.000717840030709,9.30324099325e-05,0.000200006418554,-0.000262712153067,0.000557323785963,-0.000581636620222,-0.000339625139096,-0.00043634630623,0.000270515067781,-0.000248797566331,-0.00114623056752,0.000353293158435,0.000324444717943,-0.000626277285188,0.000655464034932,-0.000260092210866,0.000552474317559,-0.000396746364121,0.000449366267614,0.000463347655281,0.000238509019485,0.000622700069607,0.00032340164992,0.000552261690856,0.000266285601022,0.000441318682103,-0.000536417977944,0.000145069720588,-0.000465759161148,0.000547360895405
-0.000267052894,0.000675496047056,-0.000125846167471,-0.000302682175354,-0.000378759502935,0.000202907674574,-0.000504026870591,-0.00144551289116,-0.000301097752415,-0.000769704392534,0.000462348249056,-0.000315666246978,-0.000422221009177,-0.000383271824884,0.000311676484014,-0.00043216020477,-0.000390602617939,0.00031353412097,0.000797870777064,-0.000205217588333,0.000730958437076,8.8847936365e-05,0.00011986191723,-0.000241947028536,0.000357419411333,-0.000429676930606,-0.000352973951618,-0.000517309815249,0.000263258691838,-0.000258754414628,-0.00140432175817,0.000326475405539,0.000308653935251,-0.000535726602901,0.000606709005684,-0.000358054078222,0.000455999519006,-0.000549261751969,0.000376114593041,0.000395061503488,0.000251389858324,0.000424932113034,0.000374228315821,0.000413469748362,0.000319987584642,0.00041383417712,-0.000409897521401,0.000115284434305,-0.000341632753593,0.000719169806234
-0.00025044400678,0.00098188597188,-0.000111103377483,-0.000347059584358,-0.000537998119917,0.000315924426345,-0.000695409930171,-0.00160532560038,-0.000270772208192,-0.000723137890727,0.000503813756686,-0.00021251691501,-0.000352971730087,-0.000445587460253,0.000417854045447,-0.000360933442218,-0.000381278795363,0.000370456550653,0.00088200345422,-0.000231959085346,0.000886736648404,0.000243588493163,0.000302099037228,-0.000294224170531,0.000434728188957,-0.000542254619701,-0.000349452923185,-0.000574570122839,0.000278840783704,-0.000255864605421,-0.000906951159388,0.000324527162102,0.000295106418693,-0.000687541557476,0.000495711926926,-0.000290122640628,0.000579934403328,-0.00044776055912,0.00040319475765,0.000439866655488,0.000189522958003,0.000401516221258,0.000326334476395,0.000499328050851,0.000445946716736,0.000533396731189,-0.000604857423442,0.000199032064733,-0.000432068165533,0.000661627358508
-0.000240060112167,5.68278069396e-05,0.000181215628989,-0.000224347227319,-0.000953845096536,5.51874250677e-05,-0.000610913856242,-0.000890692937699,-0.000346160927421,-0.000996933829912,0.000588290279444,-0.000446850506139,-0.000274649773319,-0.000573640854148,7.29786451644e-05,-0.000256064769496,-0.00030023632823,0.000118170256799,0.000971473496375,-0.000382675021453,0.000306574950307,0.000563555703741,0.000348463048879,-0.000335889878897,0.000623569766624,-0.000546765143008,-0.00043457721481,-0.00081980779189,0.000284792390429,-0.000256850306346,-0.0014298443094,0.000213141042978,-0.000565429556138,6.78580670137e-05,0.000405900890667,-0.00040284700973,-0.00049447448333,-0.000701378345424,0.000570393704773,5.62529636829e-05,-0.000279177483277,-2.53489028069e-05,0.00053882521575,0.000654094295344,0.000688716107782,0.000292678896395,-0.000487959658515,-0.000151287328043,-0.0005632926698,0.000192445728317
-0.000248007104488,0.000722850395676,-0.000117416723446,-0.000392101241598,-0.000416224900844,0.000365913084407,-0.000453704739997,-0.00127861355774,-0.00037499527263,-0.000519743216006,0.000489758241112,-0.000278509637566,-0.000383250394374,-0.000293949806454,0.000490574277435,-0.00033383682261,-0.000390031720587,0.000341401063324,0.00103686538975,-0.000196425437482,0.000944104303645,8.11420010277e-05,0.000204101017883,-0.000310454599155,0.000502371531401,-0.000590534155081,-0.000390327699657,-0.000483182166275,0.000272635930382,-0.000255384754043,-0.000959570186264,0.000176938484737,0.000145767799916,-0.000496177700645,0.000713614241327,-0.000419030152708,0.000477812835173,-0.000486349092862,0.000419097364861,0.000500551806465,0.000276022307289,0.000682433258623,0.000396323669785,0.000437804946055,0.000465811590447,0.000599856255548,-0.000450025259886,0.000133751160845,-0.000382844258399,0.000740378545981
-0.000253396273009,0.000847106001976,-6.85793815082e-05,-0.000324533035916,-0.000343348724156,0.000277340378882,-0.000463889234485,-0.00123602399716,-0.000381611904349,-0.000547931466967,0.000485012668876,-0.000297743606426,-0.000313096897922,-0.000329020884149,0.000488039199859,-0.00040778823905,-0.000379785953045,0.000305607849287,0.000973245235214,-0.000304167703158,0.000671766429366,0.000129760297232,0.000154519119237,-0.000229803405231,0.00039340406961,-0.000568187208531,-0.000278945282678,-0.000637507290942,0.000261627736858,-0.000244930413898,-0.00127429821747,0.000284217562207,0.000321321049409,-0.000724218410958,0.000522977860876,-0.000316869607166,0.000455500992263,-0.000564772806832,0.000409624501587,0.000445919962677,0.00024923398143,0.000551421862482,0.000329575796455,0.000314008498076,0.000349876256676,0.000574538968686,-0.00047572323923,5.78497353315e-05,-0.000447716461231,0.000559536997951
-0.000262542140269,0.000968661669791,-0.000106223819636,-0.000302318047457,-0.000518618041049,0.00030206638619,-0.000500547868286,-0.00173200161829,-0.000295292106096,-0.000582377374135,0.000443266541333,-0.000331531938767,-0.000422101997254,-0.000344229873362,0.000176187421187,-0.000438200171128,-0.00040308911516,0.000373217645544,0.0010209254462,-0.000262729633788,0.000868599433396,1.07628971631e-06,0.00027947634273,-0.000342840298661,0.000278594587692,-0.000532964967762,-0.000290801177947,-0.00072292884295,0.000256348731342,-0.000244170861197,-0.00102561948312,0.000342143309554,0.000326710036205,-0.00064770345017,0.000564866150496,-0.000295351369983,0.00053031220995,-0.000507323823926,0.000509773629145,0.000250287991715,0.000351389429058,0.000420644129207,0.000327028572339,0.000573159812011,0.000340801655309,0.00052027805212,-0.000603500222879,0.000212049178468,-0.000353704937925,0.000620954585998
-0.000440514017549,-0.00251466189409,-0.00228173892933,0.00114456171617,0.00299984106104,-0.00269294039513,0.00708625275943,0.00428372501089,-0.00236772260123,0.00145376069852,-0.00193725603262,-0.000762020909986,0.00065141686424,-0.000708565214263,0.00250910353001,-0.00403952737252,0.00291398401412,0.000340687073134,-0.0325760998628,-0.00254970939789,0.00254686557926,0.00562367498084,-0.00102865190652,0.00106070695664,-0.00156809759175,-0.0023646716133,-0.00213085731118,0.000213505182158,0.000292339869649,0.000230497206528,-0.00994196303152,0.00373710517143,0.00176784760723,0.00254137514036,0.00224514013712,0.00273162722831,-0.00552161862217,-9.2278337102e-05,-0.0102017614364,-0.0055573245108,-0.00156643785355,0.00294637638821,-0.00117762835935,-0.00267874177362,-0.00615163318296,0.000652547312523,0.00311146513909,-1.83651272602e-05,0.000348289359274,0.000454562644065
-0.00100255933239,0.00598873375329,0.000893963920977,-0.000857001696959,-0.00366257472113,-0.000966828744547,-0.00110248479091,0.0127513290404,0.00289690850192,0.000998558110811,0.00273026283949,-0.000155480307506,-0.000417004350733,0.0027965414155,0.00108298404734,0.00429474010741,-0.00117413248507,0.00157335988212,-0.000514664535486,-0.000519493295292,-0.00251598914695,-0.00338563468226,0.0010745611307,-0.00184625450394,-0.000340111437304,0.00199474775512,0.0028062310974,-0.00107362163359,0.000610128210823,-0.00136636948316,0.0380090130761,0.000527636115244,-0.000156903609438,-0.00611757667466,0.00230068060323,-0.000846874434786,0.00212170446955,-0.00329587319662,0.0013895449569,0.00252810410059,0.000755795860169,-7.25342849611e-05,-0.00044704775209,0.0018519236639,-0.0032783818069,0.000819259220029,-0.00397368618823,-0.000588303325929,-0.00250627811138,0.00148550719792
-0.000231961536587,0.000916999658361,-0.000106695636094,-0.00031601316957,-0.000514618236613,0.000255640037626,-0.000502730547187,-0.00147895364077,-0.000358070161885,-0.000592766997295,0.000511978095145,-0.000275999269621,-0.000339972937399,-0.000398957710536,0.000414929445738,-0.000418611461799,-0.000443847720118,0.000344532646975,0.00104115960733,-0.000248186418531,0.000784369226352,8.78124897925e-05,0.000148472721256,-0.000290038985124,0.000414862751909,-0.000593817479434,-0.000309470105116,-0.000621286443185,0.000236859890103,-0.000261301137437,-0.000826684910295,0.000330280742575,0.00031991756854,-0.000863216396513,0.000611731473959,-0.000285926894256,0.000543440078221,-0.00043292072787,0.000378743902734,0.000562508988441,0.000329230185458,0.000490057220929,0.000333314391189,0.000486248699942,0.000334647916359,0.000576212539431,-0.000540947663425,0.00012286314841,-0.000414748212965,0.000686967300968
-0.0002351117118,0.000943317701083,-3.63086381763e-05,-0.000384019335277,-0.00061313295705,0.00042009572418,-0.000545983565983,-0.00135490438534,-0.000241544652544,-0.000588814262647,0.000525149384495,-0.000301177664009,-0.000339917969667,-0.000344376874094,0.000433981343788,-0.000395014189543,-0.000508463291847,0.000318081178821,0.00106273188769,-0.000287733864435,0.000897895850362,9.54341414167e-05,0.000197564869763,-0.000258815353913,0.000389788763052,-0.000520709082634,-0.000408716352397,-0.000555835736079,0.000271534102086,-0.0002471186843,-0.000959855878531,0.000368105742598,0.000341924109396,-0.000719613771843,0.000554489469301,-0.000228713257486,0.000511403180211,-0.00052317114057,0.000414273144378,0.000519328522588,0.000328952202629,0.000584242122103,0.000350701991675,0.000422093148828,0.000466857118628,0.000494155817536,-0.000418006503873,0.000140356280398,-0.000405979825848,0.0006977381884
-0.000233595039869,0.000516885091922,-7.21854394865e-05,-0.000200083060183,-0.000404311938983,0.000191607768378,-0.000434882064499,-0.00186646147415,-0.000590289008948,-0.000605365267492,0.000485576713758,-2.00452384357e-05,-0.000516973105241,-0.000416675740053,0.000694668972498,-0.000529418890724,-0.000301596622635,0.000253840773681,-0.000456063889436,-0.000332015873984,0.000697059681199,0.000714276357671,0.000433256644234,-0.000190273773548,0.000854451679572,-0.000220369050497,-0.000275529081163,-0.000318872800445,0.000254601252025,-0.000440990910828,-0.00250543587114,0.000441321084626,0.000364960405867,-0.000116257125218,0.000335538903263,-0.000203997931673,-1.14413233199e-05,-0.000615940213219,0.000365360930499,-2.02957563807e-05,0.000354742858271,0.000137830963928,0.00025201662534,0.000381099325049,0.000152498582402,0.000177628876001,-0.000112356757926,-0.000327246639418,-0.000117478497109,0.000238484523738
-0.000220999276522,0.0008652435438,-0.00010536974642,-0.000358266741249,-0.000496337990319,0.000141237545713,-0.000648750872133,-0.00138766077177,-0.00027623041341,-0.00067246471566,0.000427553474313,-0.000241793888043,-0.000296491827503,-0.00034356964209,0.000414631315699,-0.00027633855174,-0.000322134357517,0.000304086045783,0.00108013963128,-0.000263996440126,0.000791075894617,2.64969197824e-05,0.000179700823857,-0.000298177832257,0.000518006740181,-0.000620367118134,-0.000317014903567,-0.000552987972538,0.000261296614591,-0.000255398943296,-0.00114619345004,0.000323734294423,0.000301231043469,-0.000690464251847,0.000629034173412,-0.000295905589612,0.000453567722901,-0.000452425987736,0.000420861250021,0.000558908142318,0.000308696122126,0.000504141799567,0.000323328049149,0.00037515652827,-7.04785328616e-05,0.00058765609287,-0.000611692655091,0.000150162801737,-0.000444501846384,0.000438569900219
-0.000260809149982,0.000944748055156,-7.23600883274e-05,-0.000330921786548,-0.000500681102992,0.000327155518878,-0.000499586152082,-0.00149713853254,-0.000324267615308,-0.000736769839912,0.00052332749566,-0.000262246409281,-0.000438268454344,-0.000356330075813,0.000395039756297,-0.000371585719428,-0.000496629189859,0.000345151924,0.000997475738225,-0.000300387402343,0.000837997126825,8.92276818172e-05,0.00023028313542,-0.000284887139276,0.000477651225421,-0.000525102723788,-0.000372381411174,-0.000568403431344,0.000282284210833,-0.000239531105231,-0.00100507783996,0.000244178627721,0.000268051963514,-0.000649444158671,0.000504539813861,-0.00025915961602,0.000551140643451,-0.000608873891882,0.00045726195169,0.000540115058307,0.000292643816224,0.000524171899325,0.000309434156947,0.000443378645706,0.000441277468425,0.000565135346576,-0.000359885771228,9.6010581769e-05,-0.000427676386939,0.000587230090663
-0.000274745383388,0.000883233801982,-4.57362294674e-05,-0.000327599459512,-0.000363091077363,0.000287974466846,-0.000535283748794,-0.00163294141431,-0.000370938361492,-0.000612798355538,0.000551415318052,-0.000258840236184,-0.00033157668233,-0.000334305460259,0.000409075665606,-0.000409088527324,-0.000410141702134,0.000306403072446,0.000526568868674,-0.00021621304367,0.000885898900889,0.000149908411983,0.000195900170434,-0.000274987268606,0.000476169957729,-0.000457573149773,-0.000369274505725,-0.000661681947165,0.000254000900273,-0.000257415948096,-0.00134591392493,0.000392119415281,0.00031864938695,-0.000732905283424,0.000599071974159,-0.000344993704833,0.000609590337829,-0.000543895711919,0.00049094171951,0.000318449740206,0.000303464724604,0.000452378961484,0.000303715620547,0.000578537733875,0.000489478515664,0.00050021228556,-0.000525521213479,0.000172561399937,-0.000417588453873,0.000489862646981
-0.00045461702378,-0.000367088495101,-4.09407652948e-05,0.000170003193855,-0.00115612772527,-6.02240398679e-05,-0.000386426562182,-0.00145104750778,-0.000195242835379,-0.000282549670493,0.000477761932562,-0.00022813325611,0.00060322641321,-0.000243154015862,0.000225655514967,3.62391217957e-05,0.000257384689562,0.000363964848043,0.000874033521817,0.000190275626293,0.000199911928049,0.000369172020991,0.000356211018287,-0.000595168892711,0.000288830225248,0.000854021055814,9.82452282489e-05,-0.000602494288485,0.000273415124162,-0.000282419226185,-0.00093089018326,0.00043815824501,0.000545143472667,4.68173379084e-05,0.000301657529647,-0.000138590812543,-0.000192763132631,-0.000665302232864,7.37355802551e-05,-0.000354467121005,-0.000207298894266,0.000460695740766,0.000217078625217,0.00053450690583,1.80151363817e-05,3.75074652412e-05,0.0011324163721,0.000144240046448,-0.000488703646593,-5.2689321338e-05
-0.000247094077693,0.000973512026218,-0.000283377209697,-0.000309108485023,-0.000411256842153,0.000276323262758,-0.000583512731181,-0.00159109893832,-0.000334037434982,-0.000839846553523,0.000226128924344,-0.000264642961175,-0.000309715542681,-0.000361636229911,0.000379339836809,-0.000327505218547,-0.00036296706657,0.000283451713242,0.000870331926151,-0.000263019723575,0.000808498611948,0.000100221733571,0.000289113216361,-0.000227952360192,0.000417637138852,-0.000493157581631,-0.000385069878513,-0.000480003270517,0.000267084385874,-0.000246569571904,-0.00109980603016,0.000408080969272,0.000282509638139,-0.000669095279264,0.00056046647379,-0.000259309780972,0.000427704425608,-0.000570339402069,0.000430038871993,0.000589725664752,0.000283754161667,0.000503974146567,0.000309876450307,0.000334187723274,0.000512018849765,0.000463330407091,-0.000532111445524,0.000212882615213,-0.000346114100653,0.000686363944706
-0.000219055682491,0.0010500356162,-5.32947314794e-05,-0.000391674206392,-0.000393969012129,0.000337193940793,-0.000579979128343,-0.00157248792424,-0.000327846398804,-0.000757883148092,0.00041111676281,-0.000221037874883,-0.000294157321897,-0.000446293789319,0.000499238498304,-0.000417586723121,-0.000459036895221,0.000323191330604,0.000983379329706,-0.000302180591668,0.000775754312235,-7.81345846497e-05,0.000125874412105,-0.000310289464716,0.000285890808622,-0.000544111497422,-0.00030975765818,-0.000813773362837,0.000254267507757,-0.000248645632324,-0.000322504609205,0.000360069593375,0.000204026796639,-0.000865948422444,0.000632911771356,-0.000288724813102,0.000562201747124,-0.000542054307312,0.000455664245963,0.000499101800346,0.000322026028163,0.00046175387203,0.000286016908924,0.000482041386919,0.000460505182869,0.000588644608705,-0.000387019376335,9.9922968766e-05,-0.000445189203032,0.000689955984803
-0.000966786432782,-0.00189811185367,-0.000264614604449,-0.000363207937439,-0.000213759228876,0.000260108142302,0.00120890100897,0.0156943018761,0.00254628210252,0.00162962845422,0.00125614327965,-0.000202835033201,-6.50709040772e-05,0.000831050322478,-0.000323956653123,0.00103646639239,-0.000563008215903,0.000221582721841,0.00137915642927,8.63046312538e-05,-0.000226973660498,0.00225853278953,0.000184423945097,-0.000193310351836,0.00058721068846,0.00240466954081,-0.00186790704345,0.000536214289802,0.000301258188132,-0.000482546387578,0.00032427399585,0.000273121665595,0.000510902628791,-0.000916541310906,0.00125115299866,-0.000224031756116,0.000197372891149,-0.00139761112235,0.000252595911808,-0.000555275868313,0.000126155180072,0.00224097590852,0.000689170867382,9.84653776446e-05,2.82194191658e-05,0.000526345344102,0.000150746211486,0.000418936428511,-0.000482636341119,0.000942916031571
-0.000245033863841,0.00086002124916,-0.000141591291474,-0.000299410074699,-0.000443239730482,0.00025532889554,-0.000522493353978,-0.0012617664437,-0.000326891317428,-0.000647055654976,0.000407066962175,-0.000281096039528,-0.000313953330119,-0.000355749476662,0.000489147089286,-0.000323805751726,-0.000348653924488,0.000321360424918,0.0010594402073,-0.000302037937895,0.000788774342366,0.000114942518433,0.000232725931062,-0.000311216378789,0.000392114263641,-0.000557124037902,-0.000283991018927,-0.000430730101004,0.000266864825171,-0.000271033498811,-0.00107541006734,0.00034649833827,0.000330706554656,-0.000658933041589,0.000703742446586,-0.000315289633403,0.000602591447381,-0.0004633527336,0.000378353112988,0.000497823620141,0.000307539693996,0.000470197413795,0.000379092614082,0.0003657890007,0.000342018777956,0.000473003713706,-0.000465779627296,0.000129916738825,-0.000436693858526,0.000718760003234
5.52194570826e-05,-0.00410719769273,0.000201526447755,0.000376209249464,-0.000611440913927,-0.00169554633647,0.00169122048652,0.00391065462671,3.04936124901e-05,0.000388432604402,0.000521407577403,-0.000438107189219,-0.000775159610202,0.000872770178209,-0.00106978461628,0.00480902322394,0.00231124120563,-0.000392451012513,0.00205538818946,-0.00062826511352,-0.00216023343634,0.00347816594102,0.000136755798,0.000401068730891,0.001174419517,0.000733272906959,0.000543943965157,0.00247556299188,0.00017229915021,-0.000241460618093,-0.000343271850651,-0.000337980443213,0.000211702983954,0.00530819629846,-0.00266679660299,0.00043441906701,-0.000764518513187,0.000515957721967,-0.000442132902985,-0.00280363436172,-0.000322167605093,-0.000637104180536,0.000898552983632,-0.00134431233597,0.00104851628066,-0.0029520914262,0.000350592195311,-0.000846440752893,-0.00123612817718,-0.00259805519297
-0.000271339256043,0.0010788252546,-3.47573620208e-05,-0.000277270323277,-0.000275470882602,0.000363460876786,-0.000620683761523,-0.00195304933933,-0.000194277840878,-0.000850083791243,0.000630264908264,-0.00035339537432,-0.000564787799084,-0.000436726639108,0.00059467075909,-0.000240335856948,-0.000461850374325,0.000316206796611,0.000636813295234,-0.000320485938278,0.00072014653194,-0.000259410430664,2.97281241117e-05,-0.000309670720215,0.000526318111121,-0.000403978643261,-0.000382361657271,-0.000717686206176,0.000273866711517,-0.000355953281672,-0.0010436967867,0.000392861013701,0.000190094436628,-0.000571960006605,0.000554007103641,-0.000376793958024,0.000442447890178,-0.000333779890967,0.00038548647743,0.000524290782391,0.000399935403357,0.00024429992848,0.000423378404175,0.000706185057929,0.000417334821981,-0.0014552700162,-0.000586664575669,0.000184681179283,-0.000502166801754,0.000815494082605
-0.000247087384236,0.000943110975645,-0.000106319972695,-0.000288562830912,-0.000438097475275,0.000279368956077,-0.000448412074234,-0.00141683716643,-0.000336869346785,-0.000451316971739,0.00049027411788,-0.000277950091769,-0.000336103231007,-0.000317200884624,0.000445271763333,-0.000376286391816,-0.000228974546976,0.000286070011368,0.000984077434958,-0.000260991668005,0.000715415005247,5.74501293932e-05,0.000206691994027,-0.000319532871195,0.000365295064602,-0.000540345207095,-0.000401478877479,-0.000655641628761,0.000257682253308,-0.000245818043216,-0.00121753114461,0.000305491577992,0.000285504612442,-0.000615752264534,0.000630363812879,-0.000328154398117,0.000504589627216,-0.00047053577824,0.00041822994634,0.000498694797059,0.000207510385866,0.000534271889447,0.000361523947565,0.000347061399184,0.000380662939904,0.00041697451679,-0.000515086818482,0.00012350159817,-0.00046596587755,0.000482309865641
-0.000214100475646,0.00107086634127,-1.63699389034e-05,-0.000335329784393,-0.000593122042787,0.000335923834398,-0.000563403192708,-0.00179375030231,-0.000229789891172,-0.000796608050551,0.000610629388963,-0.000236021584243,-0.000388854512305,-0.000298337557995,0.000492438915682,-0.000465104058436,-0.000367228566409,0.000347542720425,0.000758738114693,-0.000260644891797,0.000904777226277,9.04038366172e-05,0.000292212069927,-0.000288637307204,0.000234394402101,-0.000688461966848,-0.000368535124239,-0.000590694833921,0.000270633273277,-0.00024777819218,-0.000784715011509,0.000338471125897,0.000280571800378,-0.000621128895095,0.000490408131676,-0.000284097171136,0.000628441430974,-0.000537774697552,0.000506158766335,0.000446922031048,0.000329530709377,0.00041985531331,0.000305941989815,0.00047798009097,0.000358303380811,0.000574594472965,-0.000557659093497,0.000106815377764,-0.000434445792384,0.000717349378936
-0.000202125784861,0.00104475935898,-0.000113703480644,-0.00037891936806,-0.000625892107103,0.00043538552425,-0.000523092137437,-0.00141539627248,-0.000288431146485,-0.000694877439047,0.000583015848254,-0.000200435714049,-0.000319094726904,-0.000291019383363,0.000341975941756,-0.000370352700006,-0.000376735100053,0.000349399344663,0.00113538629514,-0.000135651725928,0.000999993434061,0.000144491322969,0.000247967124202,-0.000345867448108,0.000418202851625,-0.000565651453625,-0.000255794911559,-0.000643031151681,0.000262139287993,-0.000271218643342,-0.000467437111468,0.000296007932561,0.000326128022082,-0.000743313386443,0.000596468540192,-0.000283835421698,0.000494093650524,-0.000581416559538,0.000427769333416,0.000498831494111,0.000360499656376,0.000711167903474,0.000380647192309,0.000409541677294,0.000465613233484,0.000673449068714,-0.000640408263629,0.000133851505291,-0.000518931705418,0.000725568967296
-0.000198443678626,0.000857184044718,-0.000158834763712,-0.000282519068378,-0.000554664428858,0.000137691333753,-0.000628522337712,-0.00134954131591,-0.000341866070817,-0.000653276884712,0.000401397304601,-0.000333454397521,-0.000286270820813,-0.00021344405927,0.000432305729423,-0.000312183503727,-0.000368664415028,0.000349030093137,0.0010411327564,-0.000271926586712,0.00081119605516,0.000102187199432,0.00027211031798,-0.000227420049744,0.000484981915532,-0.000674427566986,-0.000376727555105,-0.000561222225219,0.00026750268208,-0.000261809068148,-0.00105896294678,0.000361963561178,0.000299740734227,-0.000654846974233,0.000593249746654,-0.000318563398956,0.000479238710286,-0.000475952753411,0.000423273894923,0.000481136369113,0.00027633552303,0.000365724091716,0.00034438040556,0.000483143276523,0.000288126369812,0.000526763666014,-0.000478670655348,0.000118738828606,-0.000437437457283,0.000606219470126
-0.000239767080965,0.000912239340203,-0.000135705204796,-0.000337034011535,-0.000450996635048,0.000204757323065,-0.000530688531232,-0.00119642575243,-0.000282312907931,-0.000716106666639,0.000439492745428,-0.000312413915271,-0.000283573752066,-0.000247943617554,0.000427174085895,-0.00031984156091,-0.00037615186088,0.00037511518543,0.00102039487089,-0.000248854181516,0.000925558554253,5.03851962772e-05,0.000332132271696,-0.000250663000296,0.00043534721583,-0.000581107055555,-0.000405230899989,-0.000529833862669,0.000264309028158,-0.000281903031698,-0.0010605621118,0.000415170614655,0.000311069555428,-0.000642004686133,0.000561898819176,-0.000331794112307,0.000502227432826,-0.000458922079266,0.000385668054393,0.000465759239125,0.000298718355328,0.00041395241615,0.000373610642133,0.000483049533324,0.000273296677507,0.000464087445478,-0.000533297653079,0.000106490843086,-0.000380365738563,0.000627123677269
-0.000247110384407,0.000727463001862,-9.97311396516e-05,-0.00030986707727,-0.000428841169485,0.000338839685259,-0.00045807511857,-0.00139675859113,-0.000336625366028,-0.00070153437466,0.000525533485227,-0.000295881331458,-0.000371400372555,-0.000402900106072,0.00050084366782,-0.000393136922824,-0.000396649237799,0.000329027748791,0.00107992060893,-0.000331085255808,0.000966695960507,2.30996135552e-06,0.000222771302849,-0.000278797939331,0.000425719572068,-0.000591252250014,-0.000339721886506,-0.000401857473847,0.000266142506681,-0.000246011101139,-0.00107898094404,0.000242224454036,0.000350603961799,-0.000674047066502,0.000666978804747,-0.000262979920751,0.000512525111302,-0.000414828084362,0.00040264296429,0.000498794574315,0.000356986301263,0.000459652108607,0.000407105018787,0.000324268413723,0.000374321264318,0.000455018487697,-0.0003769692668,0.00016190230853,-0.000458079483123,0.000483150253108
-0.000238642493507,0.000774049719675,-1.87662399795e-05,-0.000309268032302,-0.000388929034236,0.000296669462259,-0.000636187893567,-0.00166987952653,-0.000406479738372,-0.000804749316552,0.000559152753018,-0.000244061090354,-0.00039943077147,-0.000315495094378,0.000413119873185,-0.000347322354126,-0.000374793335223,0.000325393368525,-2.07365590456e-08,-0.000354888913577,0.000863041315325,0.000283340930229,0.000233383419316,-0.000330556927692,0.000665560695282,-0.000493733145249,-0.00042438062925,-0.000534202213629,0.00024747392744,-0.000323216854309,-0.00179388482115,0.000386705813305,0.00032525695977,-0.000586480350855,0.000573554032201,-0.000333086022255,0.000566266666535,-0.000553989879603,0.000498474007484,0.00036554191678,0.000301407568186,0.000491863123611,0.000377788980873,0.000611581448565,0.000451071895387,0.000511259209868,-0.000577665072428,0.000143076149586,-0.000410539308143,0.000472834211982
-0.000201547183451,0.00108670658216,-0.000182671340914,-0.000333088973273,-0.000510669153355,0.000222561465388,-0.000357257985596,-0.0012649486286,-0.000364097791384,-0.000614254003464,0.00042116572809,-0.000311503713336,-0.000348629719901,-0.000296887224687,0.000410930254849,-0.000337537535672,-0.000324879182943,0.00034547045339,0.000999212941088,-0.000233609297349,0.000863995852018,-9.2259804337e-06,0.000195036979274,-0.000303957169175,0.000444263453904,-0.000604544317908,-0.000220658428352,-0.000610837541233,0.00027088998558,-0.000250715975157,-0.00101133481647,0.000228472170274,0.000327541058858,-0.000652497914593,0.000582027418869,-0.000374418604567,0.000597352242756,-0.000480433212554,0.000422654091366,0.000535087978288,0.000311165569988,0.000533234299991,0.000324018628088,0.000511532682188,0.000551118673691,0.000546126281138,-0.000431834302997,0.000122789211108,-0.000351619507721,0.000663357972977
-0.000246490977447,0.000903485915283,-9.27124058866e-06,-0.000336976899858,-0.000362614830705,0.0002700153532,-0.000753573957894,-0.00160353978679,-0.000368091176788,-0.000881126686949,0.000515004488453,-0.000286815186032,-0.000350256427683,-0.000249362187521,0.00041385264386,-0.000361431053604,-0.000371114450027,0.000329159705501,0.000995554861208,-0.000254736158783,0.000862031024869,0.000224298811932,0.000168816799526,-0.000270908921221,0.000476729361677,-0.000478355119677,-0.000329727167924,-0.000599846217746,0.000278955580561,-0.000245643639056,-0.000974073434452,0.000301006710867,0.000251624951588,-0.000750629992208,0.000541477596621,-0.000302355830657,0.000593278690303,-0.000547231693462,0.000337891854667,0.0003774853173,0.000261571048375,0.00045996803374,0.000370659589208,0.000580822315136,0.000458418523829,0.000607962266431,-0.000636455849819,0.000117605187929,-0.000437605616501,0.000518584529378
-0.000217791023077,0.000902282857804,-8.34819917164e-05,-0.000338052860631,-0.000501172848677,0.00030951999933,-0.000409266106112,-0.00138297209962,-0.000283578852022,-0.000827560282001,0.00051272635335,-0.0002285017577,-0.000330981824429,-0.000393606662032,0.000542280203303,-0.000517294957268,-0.000488795825139,0.000299541717443,0.00103591831249,-0.00027929534993,0.000875123718517,-0.000113008015865,0.000169015804093,-0.000327954746782,0.000284512862882,-0.000568223480414,-0.000330647539697,-0.000602930063133,0.000259383336449,-0.000251326161697,-0.000869661317287,0.000334098933155,0.000287683155164,-0.000771151369384,0.000675839956862,-0.000259000454243,0.000531333100919,-0.000475091404235,0.000511397868166,0.000481118761737,0.000329913124814,0.000425283142013,0.000311612487176,0.000496016577756,0.000318562821909,0.000472911132352,-0.000389091216803,0.000172328482676,-0.000437690949768,0.00067586445913
-0.000190583166438,0.000903277449163,-0.000111665119806,-7.39495643581e-05,-0.000307443154767,0.000245670875314,-0.000637961608189,-0.00122986657236,-0.000467384102706,-0.000470842559944,0.00060909618561,-6.56327201936e-05,-0.000257377443588,0.000110288436585,0.000325572270968,-0.000300209331324,-0.000395000633134,-0.000118897651753,0.00076144945029,-0.000355491559614,0.000869535353673,0.000256907782163,0.000382944115949,-0.000326587190265,0.000425085009876,-0.000763765363264,-0.000327196316703,-0.000395090632141,0.000126920345291,-0.000285919317771,-0.000992976799162,0.000223775396474,0.000303426032966,-0.000255220113671,0.000103473831911,1.40587409395e-05,0.000103988284384,-0.000781232782149,-0.00157687284908,0.000455980042519,0.0004201944664,0.000533036228329,0.000335737907617,0.000296001950306,0.000289004423563,0.000270191907788,-0.000146432235245,0.000171895531026,-0.000407413453464,0.000691664561678
-4.67447942112e-05,0.000887731001754,0.000192163249466,-0.000325355855009,0.000348434133612,0.000776730152128,-0.000518864330556,-0.00144414084918,-0.000496708932958,-0.000888049356875,0.000610000741824,-0.000403493574442,-0.000437076480053,-0.000362645114653,0.00060916618501,-0.000415409303349,-0.0006289622923,0.000425644029428,0.00056453274894,-0.000354341661992,0.00051848181611,6.19913331476e-05,0.000419401751166,-0.000287923699731,0.000519097162716,0.000382573011228,-0.000904522906042,-0.000744916698608,0.000292419906491,-0.000318020610814,-0.000342489518849,0.000532091856846,0.000408681471568,-0.000745761935136,0.000912741669353,0.000432558484172,0.00028954518492,-0.000707707258653,0.000275367033294,-0.000400924137074,0.000256748307669,0.000605674708122,0.000393363014462,0.000370737767687,0.000377089307837,0.000535911035443,0.00714559604956,9.52763607107e-05,-0.000696696533007,0.000826928531928
-0.000267126718444,0.00068348948675,-7.94096846594e-05,-0.000279709300032,-0.000368158272867,0.000255234994323,-0.000566200711632,-0.00147321168362,-0.000274613269488,-0.000744012188885,0.000487230313055,-0.000292020029985,-0.000311857024884,-0.000354686048434,0.000479913237506,-0.000408521670342,-0.000315104009126,0.000352414789182,0.00100716457204,-0.000272918027061,0.00085035951284,2.58142043368e-05,0.00023646208105,-0.00025079305249,0.000376581616688,-0.000437472733041,-0.000342304010641,-0.000567176068311,0.000277339128175,-0.00025529212642,-0.00113469004151,0.000338911508999,0.000367865389653,-0.000615294250213,0.000653746344412,-0.000290097260941,0.000442087393555,-0.000438397264046,0.000455678837133,0.000509141871867,0.000274735944414,0.000402420001038,0.000345483195795,0.000448778102317,0.00031702376207,0.000505343390192,-0.000525389706861,9.72236013291e-05,-0.00040179343103,0.000598808430717
-0.000192881874558,0.00129246771256,-0.000136052245713,-0.000342463371619,-0.000322076248149,0.000246700180932,-0.000712883694734,-0.00187272720249,-0.000197849840086,-0.000838011964191,0.000443941041443,-0.000285086424756,-0.000358768733956,-0.00030321506808,0.000605647102515,-0.000421729043429,-0.000568107900822,0.00039455472267,0.000787746135368,-0.000229974226074,0.000906025181455,-0.000386150595895,0.000155887685783,-0.000307870741974,0.00015848128399,-0.000721481602029,-0.000189963394812,-0.000871884884354,0.000285091122154,-0.000270638339797,-0.000474863106261,0.000373103529872,0.000254383759151,-0.00091663636603,0.000793464293415,-0.000287251635365,0.000531107087546,-0.000516953912378,0.000433833294158,0.000689331655291,0.000300038421663,0.000562903269687,0.000293238428034,0.000449296029554,0.000359451446268,0.000600029851918,-0.000598979341765,0.000120631428355,-0.000426843366113,0.000733098771364
0.00439912781771,-0.0036924169933,-0.00175918836373,0.00255902143764,0.0036793674278,-0.00456935145441,-0.000431244411455,0.00198785579722,-0.00379348154374,0.0123058103472,-5.95838658619e-05,-0.00116091637961,0.00962024151543,-0.00222113721345,0.00197309329622,0.0127628803588,0.000188940816374,-0.00138078881117,0.00298023201676,0.000825373089654,-0.00589705514815,0.00776580994066,-0.03483799384,-0.000554878644887,0.000682776900255,0.016706002509,-0.00063858504647,-0.00316309107979,0.000334140162772,-0.000106310990781,0.0131044605611,0.0013768440637,0.00095284511514,0.00889911816373,0.000319420318846,0.00314173982582,-0.00778765505311,-0.000569238916346,0.00179288407226,-0.00295759406056,0.00619612071977,-0.00737293917326,-0.00700002200335,-0.002169083425,0.000852689024208,-0.00187553112772,-0.00162283281507,-0.000638780914984,0.000476362270339,-0.000570029169859
-0.00022165901388,0.00106422920721,-5.11491840021e-05,-0.00037999823146,-0.000453766937323,0.000277082226405,-0.000760870211112,-0.00176698225679,-0.000289089398075,-0.000763716495625,0.00061586198843,-0.000258948103276,-0.000395222671225,-0.000305177470845,0.000509962655867,-0.000388025684263,-0.000430775724846,0.000309553841947,0.000968824669825,-0.000262823037637,0.00103359987528,-0.000167463948985,0.000210763755531,-0.000316529458942,0.000317424719693,-0.000665879538442,-0.00022173289802,-0.000694449245845,0.000268720436567,-0.000253260450987,-0.000583759339234,0.00043686263639,0.000332582782029,-0.000897514995851,0.000662142916239,-0.000339272376816,0.000595218354626,-0.00049341932357,0.000429222682556,0.00054511520478,0.000273803061277,0.000371805916294,0.000355145208762,0.000532035176283,0.000406860666333,0.000645558653625,-0.0006721371463,0.000143434050064,-0.000439111052365,0.000725614814098
-0.000471246886052,0.00218763111259,1.45738895713e-05,0.00108789002713,-0.00121796028685,0.00136041518752,-0.00278459895041,0.000782235765095,0.00100926710502,0.000203795001549,-0.000510675771061,-0.00123334103025,0.000896925652262,-0.000619749391442,0.00178864841538,-0.00321183973006,-0.000380119015769,0.0011790057393,0.000284332189921,-0.000271249573711,-0.000400375378193,0.000385196169604,-0.000271935909251,0.000620168111532,-0.00194543041224,-0.000365440565252,3.79036239678e-07,0.000237176492337,0.000370652555832,0.000694965900799,0.00940626923874,-0.00310900092285,0.000257186465688,0.00102543786248,0.00118491940865,0.000136314352489,0.00181158686321,0.000168596447893,0.000137453983935,-0.00601380882693,0.00171890475415,-0.00189099383663,0.000195825469696,0.00138378813326,0.00126354898128,0.000410181244904,-0.00115349301224,0.00124591965153,0.000730485811594,0.000349634956936
-0.000327809398344,0.000525299894884,0.00258578458535,0.00144577801544,0.00680818486825,-0.00078075818647,0.00140327490473,0.00104433385405,-0.00138940696905,-0.000622970655358,-0.00269471051891,-0.000941880168147,-0.00185990404684,-0.000640295413136,0.000954876282632,0.0207797912828,0.00249089961766,-9.10345421786e-05,-0.000953446581407,-7.73506562516e-05,-0.00428691231713,0.00275908735747,-0.00120802718659,0.000561959036523,0.001012320724,-0.00254084399036,-0.000835435551168,0.00155453113127,0.000421840499708,0.00029231313768,-0.000909940730004,0.00102681660123,0.000791699157937,0.00310494448273,0.00185438248996,-0.000382366971354,-0.000993730390483,0.000466357370459,-0.000164352153715,-0.000781681328872,0.000406696961184,-0.000244618255026,0.000323131767278,-0.00440494337868,-0.00103075287192,-0.000533936929775,0.000526547495412,0.000204537973515,0.000482883927289,0.000643934219956
-0.000227462443271,0.000885570057171,-0.000129320072249,-0.000316689146894,-0.000514418867106,0.00031969032584,-0.000433163709896,-0.00150334933748,-0.000293278239994,-0.000635990468972,0.000489255981018,-0.000313062822787,-0.000376611923125,-0.000446874242521,0.000492627672568,-0.000327991385748,-0.000381235640831,0.000299654707542,0.00110745560503,-0.000251776030097,0.000885775835651,0.00012119068039,0.000291122072312,-0.000273484428759,0.000457522288263,-0.000376044496004,-0.000426356846173,-0.00056157135263,0.000256452238936,-0.000251983370673,-0.000998740536442,0.000401374452493,0.000226313928019,-0.000693064460993,0.000532436446451,-0.000331717600328,0.000526995750487,-0.000460708155516,0.000416611212098,0.000326915858399,0.000327717036376,0.000438521779814,0.000395308532287,0.000311882046022,0.000419007194161,0.00041050270763,-0.000449062873972,0.000166678938846,-0.000349079783394,0.000561266666054
-0.000251198569794,0.000985610500612,-8.62543561818e-05,-0.000361289572377,-0.000450299755896,0.000379574475835,-0.000598570632423,-0.00137451553186,-0.00025383160247,-0.000716662128615,0.000539982854663,-0.000276389907102,-0.000261944994853,-0.000290797648556,0.000512124618781,-0.0004761570447,-0.000422083923853,0.000326772737429,0.000888934323341,-0.000264785191384,0.000960462358972,-1.12168505418e-06,0.000229895913442,-0.000279144279852,0.000424818648315,-0.000659825862373,-0.00029402420037,-0.000689551841515,0.000261932219019,-0.000276955585064,-0.000821636836427,0.00027749461424,0.000296315905566,-0.000640111110826,0.000586602864505,-0.000343512613402,0.000498233770792,-0.000597429872353,0.000453157181442,0.000474392511132,0.00027935055698,0.000648598349902,0.000357401543855,0.000410242271699,0.000490992769966,0.00042737214583,-0.000551457657922,9.99313015818e-05,-0.000374575442467,0.000664363467488
-0.000240991586018,0.00096092620881,-0.000139394353026,-0.000327379110847,-0.000466441455385,0.000314037812887,-0.000488577394008,-0.00151203503057,-0.000304246035516,-0.000684376001532,0.000504237542863,-0.000225951688414,-0.00036972789804,-0.000300821209022,0.000519984824872,-0.000296542857211,-0.000425567752368,0.000321667724089,0.00107626640385,-0.000240277095197,0.000862490494891,9.47462431675e-05,0.000280606888511,-0.000282656089783,0.000483242549607,-0.000599491607661,-0.000263079498314,-0.00055408341034,0.000263034896359,-0.000251909891897,-0.00109146022524,0.000342793273019,0.000285034576439,-0.00063714609026,0.000578499202987,-0.000286085319607,0.000498788582113,-0.000354007650089,0.000447842621821,0.00032359768824,0.000276281592202,0.000506481794703,0.00033202742995,0.000419191125524,0.000515663455989,0.000438044685901,-0.000336266364903,0.000229865018861,-0.000386952370336,0.000626029069982
-0.000245707067778,0.000820668523039,-5.25894871317e-05,-0.000295789066348,-0.000435913045895,0.000255011762872,-0.000533253439833,-0.00141245424579,-0.000338271763699,-0.000770663093487,0.000577681708692,-0.000298366159616,-0.000323014309347,-0.00027072018596,0.000520480499464,-0.000457993358316,-0.000424500793113,0.000305353575072,0.00103730364437,-0.000267818322706,0.000740152163481,0.000120073727695,0.000196860544594,-0.000255963707038,0.000395687386524,-0.000594638140474,-0.000354898549141,-0.00058115069534,0.00024569735803,-0.00024623674845,-0.00110093577044,0.000314508597321,0.000286601234387,-0.000683272326311,0.000575865927709,-0.000269358456715,0.0005182739478,-0.00047825652593,0.000504396215491,0.000476511597216,0.000306685561714,0.000377940458104,0.000374321246505,0.000479456078675,0.000404046582418,0.000562002664975,-0.00042684777027,6.46643894306e-05,-0.000493297987084,0.000569691713675
-0.000258789365521,0.00109156745895,-4.47305472629e-05,-0.000342345615949,-0.00042780280141,0.000315250937954,-0.000686885809979,-0.00229929700421,-0.000457115480002,-0.000987700459102,0.00065690718767,-0.000310314985476,-0.000536458008664,-0.000409458862563,0.000551397945449,-0.000338996982214,-0.000461024907511,0.000356041595247,0.000950267940374,-0.000404754520339,0.000961831328055,6.56424420595e-06,0.000346681855701,-0.00034723164168,0.000766444682028,-0.000546912188473,-0.000358802936147,-0.000740785821233,0.000271638853545,-0.000492397712085,-0.00207079323099,0.00043840621193,0.000299686209027,-0.000799587568248,0.000607871930468,-0.000395370491921,0.000555563679062,-0.000619906194092,0.000518302412009,0.000533481642205,0.00038464324366,0.00048234303537,0.000410877440782,0.000578079662812,0.000539134357908,0.000543896928751,-0.000530759773915,0.000159689670974,-0.000453211707343,0.000751066906175
-0.000199005632446,0.000959120126156,-8.63078060561e-05,-0.000253759649741,-0.000460915798753,0.000336653015276,-0.000568202676515,-0.00169982453443,-0.000443336362896,-0.000635057863433,0.000542205987743,-0.000225508685587,-0.000331026058562,-0.000328873601355,0.000256595012322,-0.000438172609972,-0.00032655813686,0.000307802581252,-0.00261860099731,-0.000324832773941,0.000957712007758,0.000254269042983,0.000173522466377,-0.00028965425146,0.000500303851457,-0.000475526323907,-0.000469392550775,-0.000536700022421,0.000241322256218,-0.000290772466198,-0.00199077497299,0.00028974408349,0.000434548279053,-0.000674022606004,0.000654516736114,-0.000257114284212,0.000306693937697,-0.000344224465181,0.000466320308802,0.000372284907404,0.000292326172363,0.000665056076297,0.000315655503411,0.000296011395895,0.000208891211016,0.000592088991045,-0.000188393712607,0.000159604276753,-0.000391285927303,0.00051706604017
-0.00026818114564,0.000913604039684,-8.62188380638e-05,-0.000350253933579,-0.000436877203063,0.000347108704153,-0.000365969506587,-0.00143249655029,-0.000274197099362,-0.000832137705669,0.00048684642268,-0.000282472927904,-0.000292776845382,-0.000266161426579,0.000391138460151,-0.00027036705782,-0.000380990191101,0.000296000739429,0.00100821880306,-0.000222009505258,0.000815055498313,0.000130560079757,0.000287020356444,-0.000334689214481,0.000345877394001,-0.000366207708689,-0.00032798383941,-0.000589224471745,0.000270809524334,-0.000248912554783,-0.00111681648574,0.000281032525382,0.000271751722439,-0.000613878812038,0.000523065668869,-0.000395511787119,-0.000123150405801,-0.000599497735649,0.000500375881001,0.000385440205455,0.00019257066082,0.000328709860262,0.000259357239221,0.000495689669509,0.000508644096315,0.000636237131563,-0.000525801849831,0.000126263726398,-0.000502043942933,0.000590488645585
-0.000240346909778,0.000943051445622,-0.000105605036765,-0.000324809360409,-0.000512657677104,0.000386072279253,-0.000406170913438,-0.00148020487579,-0.000293314395983,-0.000717475674981,0.000440247881504,-0.000265245778344,-0.000312934262944,-0.000261207280324,0.00039546116023,-0.00026749370953,-0.000412076223987,0.000293663632975,0.000997249158753,-0.000239157931232,0.000793191663268,5.87655374684e-05,0.000303068437681,-0.000334155654495,0.000318167463224,-0.000516317818848,-0.000330331695384,-0.000577290525485,0.000275457981002,-0.000257109259002,-0.00110192647141,0.000309480455474,0.000241315893565,-0.000651805461963,0.000527649332331,-0.000360332013356,0.000573886502247,-0.000529041775484,0.000493089265437,0.000433624835789,0.000333467917592,0.000365538537067,0.000333764158088,0.000469841200541,0.000465906715937,0.000487896336785,-0.000487063611172,0.000118621302721,-0.000424503451295,0.000705598155275
-0.000235491980661,0.000989865909704,-0.000143762555522,-0.000343017663282,-0.000530327061447,0.000398509347049,-0.000607418552375,-0.00108000188641,-0.000260437040215,-0.000623023054863,0.000584994138792,-0.000254599383724,-0.000399877964263,-0.000395176120522,0.000398264057591,-0.000387193987909,-0.000502040602928,0.000337540316045,0.000943377846753,-0.000213930050216,0.0010859252327,0.000104218652998,0.000258735519973,-0.00031142447667,0.000495683245477,-0.000635498037903,-0.000380363213826,-0.000550860042009,0.000277148398259,-0.000300751202193,-0.000656519261453,0.000317265087533,0.000336544420828,-0.00091013882008,0.00080527646349,-0.000224686846178,0.0005256012352,-0.000414503141404,0.000396874132964,0.000589168332093,0.000355279078161,0.000546957380271,0.000409853604628,0.000352549733303,0.000434102963038,0.000575147802177,-0.000651596181854,0.000131841384431,-0.000361905561805,0.000673520315938
-0.00268435735061,-0.00699706575164,6.50183150266e-05,-0.000421007041819,-0.00272461426823,0.0012944120291,0.00190139216272,0.0248499564929,0.00148977850784,0.00490555704428,0.00414408807871,-0.000630518234207,-0.00245759886789,0.00803121586742,-0.000617158378,0.0119103178776,0.000385585211569,-0.00109313700823,-0.00206023602196,0.00060337690791,-0.0150880535137,0.00565195492031,0.00290475697719,-0.000934892350116,0.00448724427014,0.0112046998307,0.00166275064153,0.00341397757719,-0.000138354156586,0.000119276664265,-0.00343220529926,-0.00389226955944,0.00160387657988,-0.000689932594778,-0.00127483729851,-0.000953419409473,0.00127364803757,-0.00230042181883,0.000606631608525,-0.0033322172503,0.00070719169028,-0.00179732282737,0.00430695545386,0.000222562066695,0.00261777262286,-0.000283414448528,0.0012611643389,0.000228207131529,0.000432988135649,-0.00181250967902
-0.000258456519995,0.00101462047078,-0.000109586398405,-0.000331470928769,-0.000408297926804,0.000464418080732,-0.000441005089197,-0.00168797379456,-0.000207265919886,-0.000640764531086,0.000486195856263,-0.000251879315491,-0.000333180674467,-0.000412941869217,0.000421051290798,-0.000258963600643,-0.000524480741475,0.000336912667608,0.000886837359995,-0.000213188342872,0.000848782574638,-1.8101398395e-05,0.0002049173241,-0.00028427144057,0.000321547476009,-0.000671677114281,-0.000288478535324,-0.000598778308021,0.000263987032323,-0.000254358897558,-0.00108084186173,0.000242556135722,0.000273072224627,-0.000692501814037,0.000584893061176,-0.000283580660021,0.000597181227252,-0.000577247663376,0.00035791083913,0.000494297718233,0.000279252952112,0.000363622038132,0.000328411405615,0.000452484983568,0.000397134828579,0.000510915577966,-0.00053956368349,9.80386470071e-05,-0.000430693060888,0.000620965603845
-0.000228085953914,0.000831030546038,-7.3843991824e-05,-0.000398389493214,-0.000471840980727,0.00028114880319,-0.000436429487376,-0.00139024229944,-0.000261386848886,-0.000713761501965,0.000581412958871,-0.000223371293806,-0.000339817845573,-0.000249284495049,0.000460116024422,-0.000502981171546,-0.000439856545393,0.000367375952505,0.00112436636371,-0.000237205630731,0.00101448858828,2.99182943478e-05,0.000203186386549,-0.000314867425139,0.000451564879164,-0.000505074636122,-0.000384686029227,-0.000658790783959,0.000259366127589,-0.000260046631598,-0.000806215276042,0.000382965109672,0.00027038753878,-0.000699121368816,0.000742362802854,-0.000357585135185,0.000476514394575,-0.000454159444477,0.000431493297072,0.000537429658298,0.000212776018654,0.000487340484832,0.00035735635674,0.000433926462506,0.000502499159899,0.000613657763475,-0.000660479568716,0.000143296390658,-0.000463008592637,0.000674500322311
-0.000204734917393,0.000898921152176,-5.32399964203e-06,-0.000352285163334,-0.000440683843417,0.000291074609081,-0.000324608717897,-0.00146262819017,-0.00037421254478,-0.000641523967407,0.000612659386895,-0.000284935956395,-0.000338779635643,-0.000289091723782,0.000433736123166,-0.000444900391029,-0.000466729391915,0.000355993659527,0.000899066815185,-0.000190192922711,0.000910963530971,0.000240485262322,0.000171401647098,-0.000230475098561,0.000482012810908,-0.0006064027891,-0.00038715599618,-0.000516779049003,0.000253015584839,-0.000252001522294,-0.00124013226839,0.00026566857914,0.0003036296778,-0.000601191885488,0.000589760523306,-0.000222835656978,0.000593348823319,-0.000424510787121,0.000327230876342,0.000266107976607,0.000223675874624,0.000510930574385,0.000331869415917,0.000357071688253,0.000426098832741,0.000604527621413,-0.000379345466925,0.000136148285093,-0.000431452093623,0.000338268548856
-0.0002630955601,0.000774742467014,-0.00015873238614,-0.000255133716544,-0.000575885244293,0.00018239003861,-0.000492428370832,-0.00159053913997,-0.000377358659452,-0.000518371538758,0.000454353244623,-0.000257993563787,-0.00036428117982,-0.000262955461034,0.000512862013142,-0.000436946578694,-0.000219641647948,0.000343239960196,0.000925350280177,-0.000270791000374,0.000734089112727,3.01233616517e-05,0.000268998492088,-0.0002885566431,0.00033936802191,-0.000513607597819,-0.000372043304926,-0.000371514017558,0.000278065224365,-0.00024943938153,-0.0011038155811,0.000311141126632,0.000361241610598,-0.00053302182185,0.000513620958678,-0.000287135987065,0.000480748435274,-0.000555550956363,0.000408414617135,0.000401074419471,0.000323566886007,0.000500752773807,0.000284975607158,0.000401705711796,0.000484995369349,0.000521474710758,-0.000375763116374,0.000114109064894,-0.000431138587268,0.000637725919824
-0.000212380721588,0.000874230440438,-8.13852943526e-05,-0.000316960852899,-0.000418387891057,0.000234869532032,-0.000457312828992,-0.00148361958134,-0.000335996801117,-0.000741249113604,0.000542516700824,-0.000272879820319,-0.000373133774676,-0.000414187808492,0.000483517855423,-0.000314697536608,-0.000401593563686,0.000272445746421,0.000996376657692,-0.00022116980194,0.000775248763271,9.308230076e-05,0.000255122688623,-0.00025878309086,0.000374220583874,-0.000515274942572,-0.000334408396228,-0.000618669413389,0.000259521354609,-0.000243819823072,-0.00118823048163,0.000194876308113,0.000280433460566,-0.000781759809988,0.000535994858717,-0.000271873675923,0.000485660074977,-0.000445390915306,0.000355455619588,0.000471994565566,0.000308446047473,0.000536378315508,0.000326136988886,0.000393219793353,0.000515181970216,0.000576801718688,-0.000446077068523,0.000132883975976,-0.000369714056329,0.000627349345458
-0.000367348318736,0.000943241657689,-0.000273429097483,-0.00042542422939,-0.000959299470596,0.00027308029469,-7.40627534043e-05,0.00434738490117,0.000713263958257,0.000415080379533,0.000636717442361,-0.000248757486878,-0.000168089101778,-0.000335794952271,0.00042824549361,-0.000216129969756,-0.00068106564338,0.000318207341397,0.000988781060563,-8.1133626674e-05,0.00118712208494,0.000146958784876,0.000453512865935,-0.000302524160802,0.000322764544694,0.000397515833014,-0.000673206567785,0.000111132779909,0.000275524546688,-0.000352803695214,-0.000228814365186,0.000484698203055,0.000291972392511,-0.000840602107789,0.00105996533719,-0.000297860678016,0.000734827575376,-0.000882895986184,0.00052634347524,0.000559048619595,0.000304634470827,0.00123631333759,0.000538552400704,0.000258222812884,0.000386869733025,0.000689902782434,-0.000559966443329,0.000302470176788,-0.000384615471224,0.000428590177683
0.00625630092118,-0.106245654153,0.00631241962024,0.0530055083837,0.0081873247568,0.00634403906733,0.0683343954002,0.00233976553898,-0.00522334282904,-0.0185104779027,0.00817800587337,-0.00697545811541,-0.00810429732644,-0.0221621946117,-0.0189001122118,-0.0434351146283,-0.00251409220968,0.00107441663615,-0.0169513560821,-0.0142867039134,0.00945162819268,-0.0251529517101,-0.0123946129872,0.0106863173398,-0.0280575897039,-0.0315893159963,0.0120866476462,0.103202748569,-0.0430343426666,0.00307592120385,0.0111746531685,-0.0120334613819,0.000595531189444,0.0240260507356,-0.00743013717017,-0.000723779321315,0.00208052880763,-0.0258301079136,-0.0207646678766,0.0319021207174,-0.0143658948751,0.030767612439,-0.0165433456636,-0.00394237712769,0.00111291264019,0.0102825627991,0.00179685264988,0.0139204863879,0.0122676018327,0.0172608013367
-0.000300373520585,0.000840684149894,-0.000106274598387,-0.000327814561896,-0.000361431140644,0.000244751142212,-0.000628740552836,-0.00163541210435,-0.000350218365407,-0.000704968357154,0.000545483836934,-0.000288187081789,-0.000370696287244,-0.000403107992643,0.000366376749328,-0.000268250721383,-0.000412063060351,0.000356210185386,-0.000297196192718,-0.000251547197912,0.00078381248926,0.000173864174784,0.000214273602147,-0.000273604123696,0.000607763548146,-0.000459320837565,-0.00035605500301,-0.000698884915908,0.000254812340989,-0.000251498026593,-0.00151345455969,0.000440081714656,0.00026541892108,-0.000535134292367,0.000619054963006,-0.000401804056296,0.000424813562726,-0.000537928004932,0.000568507579327,0.00031795080978,0.000267002760165,0.000524735638117,0.000365993251159,0.000583357546192,0.000423071275816,0.000407301072718,-0.000432927670564,0.000102226000473,-0.000433794499224,0.000534083297759
-0.000240187417318,0.000922089668048,-0.000128980545456,-0.000318917867948,-0.000465195231175,0.000289054589031,-0.000447574549522,-0.0013657085743,-0.000218710847215,-0.000636000966556,0.000527794568325,-0.000251829405076,-0.00032689465804,-0.00030390222307,0.000445482616237,-0.000259022717324,-0.000464597496701,0.000334552710364,0.000826618034957,-0.000202815564479,0.000858026871878,-0.000180705047972,0.000239402127699,-0.000342183193574,0.000399420702772,-0.000609031875072,-0.000252952791314,-0.00063709911953,0.000284679134022,-0.00029614163095,-0.000864458377187,0.000354828535532,0.00032197022117,-0.000768001664578,0.000793631530489,-0.000335632549801,0.000499548524417,-0.0004557998559,0.000452168412926,0.000624896428388,0.000318779513996,0.000672448843491,0.000334779802996,0.000298774964411,0.0004787442205,0.000410963582233,-0.000436169954844,0.000185242152019,-0.000451323367408,0.000801547934112
-0.000233199315834,0.000804231602586,3.38508045719e-06,-0.000292687814254,-0.000496269611063,0.000238654608706,-0.000606722129172,-0.00159962229414,-0.000296060086153,-0.000768323540902,0.000638718039759,-0.000277890190589,-0.000408045111871,-0.000275458774127,0.000371597665314,-0.000441245617477,-0.000404057356969,0.000297420567143,0.000908938742011,-0.000272678345595,0.000766374857957,0.00012383726307,0.00022084368864,-0.000274990133037,0.000383588978455,-0.000583199636194,-0.000316893319468,-0.000514456146732,0.000276662714438,-0.000249314076322,-0.001012044646,0.000271409937511,0.00030918485746,-0.000687639971232,0.00061675516724,-0.00028922904097,0.000518700498999,-0.000462019293955,0.000497426353313,0.000451647779716,0.000251548579543,0.000474147739031,0.000408497890103,0.000432871389546,0.000543367672977,0.00060238106797,-0.000579825152642,0.00011192774688,-0.000460076784458,0.000555090028734
-0.000214234131824,0.000709561022405,-0.000104314165835,-0.000342759304747,-0.000468970973895,0.000202408126914,0.000435319566453,-0.00157993443731,-0.000447691102073,-0.000635190979338,0.000573083640197,-0.000280560501547,-0.000221305005138,-0.000391211615823,0.000458006244579,-0.000479815082868,-0.000479366975535,0.00030554921289,-2.98148284695e-05,-0.00041706082405,0.00087585965857,0.000219505631055,0.000187741715175,-0.000205840881547,0.00065812288882,-0.000486973873178,-0.000515852431799,-0.000320060298904,0.000269618648884,-0.000254922656333,-0.00134919993433,0.000442853644749,0.000427329146283,-0.000709847568018,0.000656459840315,-0.000218858852104,0.000490909768158,-0.00056939859941,0.00045358283295,0.000456512262523,9.59664888716e-05,0.000370329151453,0.000286003746588,0.000384925226771,0.000416663533116,0.000566815561863,-0.000615535564433,0.000158007279123,-0.00049020213919,0.000506161192177
-0.00112314718867,5.31285648951e-05,-0.000552068880943,-0.000716377228227,-0.00106370163883,0.00105359061022,0.00411409372805,0.0291012822732,0.00385881928635,0.00569257280558,0.00170418262278,-0.000628962151752,0.00127523979851,0.00061173279065,-0.000639216662971,-0.00188932997132,-0.00157637130244,-7.65174238911e-05,-0.00120720101113,0.00126374584916,0.00142587101507,0.00486270341342,0.00192419846882,0.000961166082241,-0.000691837056219,0.00394630068961,-0.00305027370523,0.00254974317459,0.000363503719961,-0.000760658600476,0.00317407459969,-0.00520977014657,0.00184885406992,-0.00185966305124,0.00318151154603,0.000615455976752,-0.000159171747325,-0.00177431693705,0.000465796377974,-0.000706808025725,-0.000193529554552,0.00391935349571,0.00148894175452,-0.00145596719799,-0.000662623074593,-0.000811197457184,0.00180763211519,0.000675670092073,-0.00139621591419,0.000520739741902
-0.000290769237659,-0.0107183259598,-0.000499811381462,-0.000289864801713,-0.0011551413612,3.5398091262e-05,-0.000771450494347,5.70606657732e-05,-0.00109586890908,0.00302964694462,0.00105548829759,0.0016337446408,0.000255748090832,-0.00122810900132,0.00145890074283,-0.002333408465,0.000122559165767,0.000264464668462,-0.00255157186285,-0.000872435144361,0.00160651629333,0.00186138981987,0.00073902567331,-0.000103453779868,0.000239720221354,-0.00121656820333,0.00327304098144,6.22888623354e-05,0.000352173634492,-0.000242359836395,-0.00269113578622,0.000954449538184,0.000603069684092,-0.00109906565197,0.000879167571536,2.11111802164e-05,-0.000521796729954,-0.000593766738599,-0.000676605739512,-0.00132181971866,0.000891266650346,0.00127586891072,0.000574267851719,-0.00125662837032,-0.00175855892261,-0.0012279522735,0.00415858032501,0.00282732601722,0.0071702283421,0.00179456083973
-0.00023449596751,0.000770743378981,-0.000138033186152,-0.000342766241955,-0.000429335590895,0.00041294103903,-0.000517215605819,-0.00146104016862,-0.000283424266187,-0.000643489707675,0.000497075588051,-0.000237298865644,-0.000350112303919,-0.000234566501701,0.000509280784558,-0.000389811516602,-0.000405115615098,0.000307904267704,0.00103190146763,-0.000301770266475,0.000853641288331,7.10513369103e-05,0.000214415681608,-0.000319004265363,0.000448015760247,-0.000563400672419,-0.000356055033042,-0.000511353887192,0.000276287592545,-0.00027480055586,-0.000861938809342,0.000343991207287,0.000349674864564,-0.000730420001447,0.000676750765829,-0.000262239932318,0.000420487177439,-0.0004907842495,0.000404757082119,0.000508988221848,0.000308009862459,0.000536799320089,0.000242549813243,0.00052536497306,0.000469603657232,0.000575645116405,-0.000662408560672,0.000114712101693,-0.000444330024081,0.000736565524251
-0.000216888931443,0.000748260858382,-0.00013910055459,-0.000336899783696,-0.000400064263966,0.000419781630002,-0.00050548846761,-0.00128128368262,-0.00025453876027,-0.000592763423091,0.000513292691378,-0.000243558016969,-0.000367674497462,-0.000188093549319,0.000471380144192,-0.000321614224991,-0.000397921046733,0.000333308246664,0.00104367894379,-0.000302085740619,0.000876227242018,9.69809213771e-05,0.000257118117879,-0.000286670508052,0.000445573742262,-0.000572701231855,-0.000388909518794,-0.000488073947176,0.000279388115631,-0.000288613817555,-0.000857193234326,0.000303706864158,0.000361524000278,-0.000800149399288,0.000656552787432,-0.000335376165764,0.000498843983304,-0.000509874569626,0.00044396058946,0.000523205360267,0.000319060924048,0.00063512966558,0.000325110811938,0.00054396534017,0.00049688277667,0.000578089373254,-0.000612926564287,0.000151003531385,-0.000393178641753,0.000804574710325
-0.000141951959362,0.00189377993254,-0.000227571480112,-0.000390043131338,-0.000696167604139,0.000302582979615,-0.000748705576011,-0.00167285598583,-0.000176871758197,-0.000566250166373,0.000623179833949,-0.000272828448062,-0.000213473466523,-0.000416344527993,0.000665749509476,-0.000368361709789,-0.000541220753146,0.000391049517556,0.000913025932852,-0.000257422285195,0.00146070015097,-0.000353042542453,0.000235138876758,-0.000339350109732,6.68667284089e-05,-0.00113718795535,-0.000391885549932,-0.00076509351282,0.000288494781886,-0.000321299752515,0.00141150236231,0.000444365586514,0.000405480441251,-0.00151660720412,0.00105533400465,-0.000241485174659,0.000749922413212,-0.000572429685317,0.000509106474663,0.000959841517689,0.000387492950399,0.000836384521633,0.000472021175786,0.000344283221754,0.000306621693991,0.00098549223855,-0.00070230732286,0.000271517060579,-0.000480700806242,0.000959067088213
-0.000246345291735,0.00109181642145,1.34435358598e-05,-0.000357357700774,-0.000446860893549,0.000326545749701,-0.000487205121766,-0.00159452288597,-0.000343307918094,-0.00065577582953,0.000628242739215,-0.000217602306167,-0.000419256343957,-0.000402052146573,0.000520575427342,-0.000424320148543,-0.000472447899927,0.000363046156523,0.000979778251149,-0.000268157428363,0.000846047660849,8.27974533109e-05,0.000239604660626,-0.00031610038758,0.000317248392362,-0.000620352669473,-0.000270488549239,-0.000667873313781,0.000262202506482,-0.000259997294689,-0.000772579360753,0.000348114954901,0.000305669180098,-0.000809391997783,0.00057859412266,-0.000346326847436,0.000387042619673,-0.000506013654707,0.000267756769791,0.000445587786711,0.000294052821213,0.000542979496013,0.000370768314021,0.000435251291106,0.000393007819024,0.000542158657269,-0.000465195025102,0.00011958873551,-0.000408109250207,0.000407568784333
-0.000285274098643,0.000876452787552,-9.45283323629e-05,-0.000344358285027,-0.000426672779889,0.000325515859455,-0.00050001786142,-0.00138071460064,-0.000323344751379,-0.00068482191255,0.000518375231782,-0.0002876464073,-0.000375960598541,-0.000363235234397,0.000392197131713,-0.000291394977696,-0.000369208954401,0.000303829679375,0.00105128211093,-0.000203890361748,0.000836799477293,6.82276279457e-05,0.000242110823359,-0.000262686028343,0.000400517127202,-0.000441298444464,-0.000410930812711,-0.000510252786925,0.000265002572961,-0.000255121775293,-0.00102064536427,0.000283106593845,0.000312187864168,-0.000585570533941,0.000637074816613,-0.000327628239326,0.000578799808114,-0.000525772080692,0.000494859639924,0.000427027924054,0.000224631721442,0.00055206563159,0.000369640526465,0.000434640086677,0.000478732132383,0.000527638517067,-0.000400514147799,0.000110641457361,-0.000486560777499,0.000508132913341
-0.000218553528345,0.000970123005777,-1.07961420873e-05,-0.000308273001468,-0.000546881842284,0.000203567417079,-0.000503666091988,-0.00148735799559,-0.000309591414212,-0.000642506080239,0.000623307935209,-0.000188132769802,-0.00033636957974,-0.000300497772334,0.00051520633287,-0.000464363962156,-0.000407837448912,0.000334918866279,0.000946912519234,-0.000259534961446,0.000775419662751,9.90690442159e-05,0.00020156204309,-0.000292607357899,0.000464280229479,-0.000573093889694,-0.000248638424696,-0.000563275066398,0.000270863246891,-0.000282092949171,-0.00101143427812,0.000362120144283,0.000325638820308,-0.000650343943925,0.000662700728519,-0.000349076366182,0.000397540641044,-0.000484930468475,0.000510923793121,0.000497831999107,0.000266857299083,0.000469739405557,0.000333879404265,0.000477885776993,0.000411196516553,0.000617218735249,-0.00044941629356,0.000110278575667,-0.000447504654656,0.000667369977728
-0.000207871844825,0.000879885504886,-1.58316075301e-05,-0.000334765927385,-0.000437680009838,0.000366114985271,-0.000484305363669,-0.00162501446002,-0.000297882978196,-0.000671636843076,0.000626176972622,-0.000254635786812,-0.000258996092917,-0.00028240223847,0.000397223527375,-0.000373853033502,-0.000408104510292,0.000337612324113,0.000965641355126,-0.000292586335885,0.000758120640895,-3.89168751492e-05,0.0002488046373,-0.000350325941542,0.000501795396889,-0.000490753754012,-0.000285393248279,-0.000523218847655,0.000274826962696,-0.000261678474,-0.00106998974684,0.000301979398746,0.000283353435775,-0.000704477740332,0.000470654432554,-0.000330797232683,0.000463857617502,-0.000452143687796,0.000373530841765,0.000473905699817,0.000356482070653,0.000426418706667,0.000427534916454,0.000527295623568,0.00047933937396,0.000396097626544,-0.000581796916963,0.000219400514894,-0.000404675824444,0.000486003911373
-0.000446309263523,0.000314190593199,-0.000433278850236,-0.00076757819362,-0.00211034226358,0.00140790084013,-0.00239302225246,-0.00428663653781,0.000204193462025,0.000624330456258,0.000707329117168,-0.000633345000163,0.00273949547844,0.000184995911879,0.00151633276792,-0.000865955914766,-0.000385576567098,0.00120322309946,-0.000507636892269,-0.000796892725167,-0.000593566269888,-0.00261886102859,0.000725865622374,-0.000422557224378,0.000277327238706,-0.000617336289107,0.00409752537236,-0.00291723881167,0.000485659170517,-0.000621862081502,0.0116529967725,0.000852419505784,0.000336081164719,-0.00299276846463,0.00121060719539,-0.000717436751353,0.0018470697319,-0.00277983409366,-0.0010146748001,0.00309980054724,0.00146737958471,-0.00240582657092,0.00109330096571,0.000696384075779,0.00053040154002,-0.00281777614357,-0.00254530397326,0.000878618307767,3.89171332134e-05,-0.00416172816135
-0.000205518502858,0.00083959629268,-3.83876047641e-05,-0.000281407993428,-0.000484078169152,0.000206006926527,-0.000463086164537,-0.00121828369552,-0.000397308333368,-0.000569144402761,0.000542897028002,-0.000278473084291,-0.000342504209074,-0.000291520316001,0.000425047537709,-0.000410595676249,-0.000319950755888,0.00030519652098,0.00107394023459,-0.000302480779632,0.00076986954104,0.00013151790639,0.000251011919441,-0.000242092307384,0.000422566472953,-0.000525491445191,-0.000338485889027,-0.000626436950132,0.000264425975575,-0.000239945388034,-0.0012700317326,0.000296340346112,0.000350351802656,-0.000638379017822,0.000645038208389,-0.000270007484847,0.000533040557473,-0.000408663600533,0.000374777115656,0.000417079704211,0.00022531968085,0.000419972138856,0.000326232645073,0.00029314920199,0.000348893115276,0.000474357570392,-0.000466764712873,0.000191380445869,-0.000415742105651,0.000667441670501
-0.000204087939924,0.000912538724764,-7.60648041159e-05,-0.00040392693268,-0.000494251469451,0.000356990903948,-0.000490426859446,-0.00146548524383,-0.000342199289317,-0.000577476896341,0.000484567712682,-0.000243184072031,-0.000318467876621,-0.000302012514187,0.000428803731108,-0.000455126255964,-0.000369299234811,0.000250321628016,0.000938493910213,-0.000210840658781,0.00078607400641,6.49659572059e-05,0.00024890149553,-0.000300719606008,0.000386595400537,-0.000575684273456,-0.000270392347255,-0.000557336969649,0.000282576249775,-0.000254609675736,-0.00108844914143,0.000335566292988,0.000284525079308,-0.000567645852492,0.000612752656892,-0.000368615760372,0.000364561012916,-0.000562880042952,0.00037966467712,0.000464776187928,0.000270652579607,0.000504100036129,0.000295853226721,0.000386397823838,0.000387756081287,0.00053612440387,-0.000581393870434,0.000196271980395,-0.000424758151722,0.000629448737165
-0.000242860121583,0.000898730793927,-3.81003596224e-05,-0.000379305488208,-0.000432360279,0.000206202996278,-0.00048615619584,-0.00139007635397,-0.000287249594005,-0.000654712420783,0.000564466472497,-0.000265958428882,-0.000375750420855,-0.00035835666184,0.000505263761234,-0.000364620383647,-0.00035473656946,0.000321557294875,0.000984176080848,-0.000237618336291,0.000928020015112,5.94904377965e-05,0.00028285103059,-0.000302513974536,0.000309374982461,-0.000455991266751,-0.000432786990111,-0.000489529751262,0.000257953906559,-0.000256111900947,-0.000967084551878,0.000192758610134,0.000368391468162,-0.000606364545672,0.000724761781361,-0.00033763583024,0.000438980264868,-0.000396593794182,0.000489957360002,0.000506872371218,0.000274407967518,0.000483214460714,0.000299530826998,0.000421660193535,0.000412057939156,0.000603471026551,-0.000615386538765,0.000202845040351,-0.00028014693995,0.000746967391483
-0.000257969749294,0.000830330890109,-2.34422578822e-05,-0.000298130066791,-0.000529436189249,0.00034810855178,-0.000525074194897,-0.00148478328518,-0.000302541464956,-0.000679429022487,0.000605105288661,-0.000296961595097,-0.00039377667673,-0.000291981927035,0.000504187385072,-0.000154811744175,-0.00032197237547,0.00029056582848,0.000806769725549,-0.000338681784492,0.000806942180463,6.71948773279e-05,0.00015970887626,-0.000240752123892,0.000462687436971,-0.000474766758472,-0.000162038469631,-0.000534611297589,0.000265528126317,-0.000259251415178,-0.00128801558619,0.000386985904366,0.000288304785103,-0.000663642571147,0.000675232325784,-0.000285173001612,0.000579963339209,-0.000469572569104,0.000468696725027,0.00054080948802,0.000318234237544,0.000453678164392,0.000281600251714,0.000405546620377,0.000416112621919,0.000515679673548,-0.000396595107295,0.000131744404524,-0.000430312726794,0.000573025927077
-8.46562520508e-05,0.00141956738649,-9.88941344165e-05,-0.000232832386453,-0.000208507127578,0.000590581782241,-0.00101281605574,-0.00334240838573,0.000169314146051,0.000529819535557,0.00033388866416,0.000261342943437,-0.000252238783278,3.24683929759e-05,0.000888958663671,-0.000965070265211,-0.000700643493443,0.000420432821369,-0.000792212317005,-8.04231429302e-05,0.00153445891872,-0.00111579907304,-0.000337320335682,-0.000522736742924,-0.000692609827489,-0.00138997376341,-0.000103294503213,-0.00102412708485,0.000319106483066,-0.000217690306405,0.00378464140447,0.000738369948855,0.00016911897803,-0.00121629199453,0.00110075950153,-9.02294358598e-05,-0.000157285810791,0.000921749771787,0.000430159715927,0.000980318663646,0.000220251935778,0.00061477463254,0.000467101616393,0.000320125368257,0.000117832340339,0.000650424521082,-0.00105414411511,0.000756581377991,0.000492237340752,0.00107963462274
-0.000216179622466,-0.00132158410437,6.29021593305e-05,-0.000951676235456,8.73922404375e-05,-0.000176953277662,0.00174547469964,-0.00349140480806,-0.000115208165774,-0.00291621486202,0.000658374973949,-0.00101911777743,-0.000623339273335,-0.000655900585181,0.000926949424746,-0.000664606073323,-0.0015397221155,0.000471795677464,-0.00382073218425,2.83555951484e-05,-0.00236472897419,-0.0034581778246,0.000154123654983,-0.000273409317992,-0.000667579246807,0.00115388036079,-0.000764999337934,-0.00231262231337,0.000250820589872,-0.000150999019658,0.00378257309525,0.00111723414673,0.000328972685349,-0.000311506878251,0.00199553855171,-0.000879640906268,0.00166531867025,-0.00107303991226,0.00182021151382,0.000505392439398,0.000286338308221,-0.00117817434031,0.000579215964871,0.00134666371312,0.000925352257359,0.000468599199608,-0.00212792787725,0.000509629924456,-0.00116770600866,-0.0025425859307
-0.000226455217563,0.000829511054406,-5.43696216076e-05,-0.000370827559448,-0.00043341785166,0.00032110210456,-0.000633493515836,-0.00134379389523,-0.000322320687579,-0.000737536571645,0.000599720890115,-0.000296706919128,-0.000447220300056,-0.000378554466141,0.000240915391353,-0.000254689311194,-0.000405842087921,0.000272082852185,0.000497860980207,-0.000228391567217,0.00068314374677,0.000264764479485,0.00025134349232,-0.000323631079299,0.00054431782468,-0.000496147828868,-0.000351145139317,-0.000586236024663,0.000269281152805,-0.00023796170858,-0.00137206682515,0.000321506817409,0.000325493657785,-0.000492190938346,0.000655867054242,-0.000372206281219,0.000526763203258,-0.000474220026763,0.00056012985555,0.000419520496229,0.000264216552741,0.000523784714151,0.000330716118818,0.000592147565904,0.000384639925545,0.000515364829454,-0.000701415971674,0.000181224079552,-0.000418427082394,0.000478340654873
-0.000248898823856,0.000790857120603,-0.00012362051912,-0.000306874544733,-0.000486218916755,0.000247908047295,-0.000454918969757,-0.00146936592204,-0.00031380405972,-0.000673830382774,0.000497723944262,-0.000246541602516,-0.000328715201674,-0.000285783215786,0.000493656536389,-0.000327253149301,-0.000472070145095,0.000301357563825,0.000812410805465,-0.000290607756502,0.00100461092276,7.45631317144e-05,0.000188369251109,-0.000268945618803,0.000353523871116,-0.000499153266689,-0.000263962932115,-0.000642580633687,0.000283891420577,-0.000259789098979,-0.00115361762285,0.000375380562424,0.000361212483832,-0.000591162240154,0.000515983670508,-0.000350859131928,0.000426756100675,-0.000435578652424,0.000411498792536,0.000345176556306,0.000319206846041,0.000314414009477,0.000390575956486,0.000547418975036,0.000321154274516,0.000446061058879,-0.000514414441171,0.000161224442431,-0.000476962408081,0.000707015761558
-0.000192591052935,0.00125861489999,-0.000137915854473,-0.000472589739833,-0.000337217125394,0.000425363942544,-0.000778183440896,-0.00151360036725,-0.000174949883832,-0.000632632988248,0.000534630556621,-0.000231783918943,-0.000344737918213,-0.000362547457697,0.00049182109059,-0.000566044457817,-0.000341992678125,0.000434334391558,0.00087283221634,-0.000209636154851,0.00114747287711,-0.000243376000281,-9.47358223981e-05,-0.000397362598017,0.000289125934877,-0.000879117021032,-0.000328673776185,-0.000712898594101,0.000298055358044,-0.000265504192278,-4.91170900267e-05,0.000221497205426,0.00033997920334,-0.000981407130762,0.000954071404237,-0.000303792173422,0.000321236195333,-0.000418202532644,0.000502755937981,0.000802114620568,0.000323253401255,0.000588929598755,0.000339103329256,0.000377419288924,0.000561991818492,0.00054326672785,-0.00086902788531,0.00015627073689,-0.000452955309774,0.000861541904789
-0.000185805132436,0.000727877365513,-0.00017989906272,-0.000356917802016,-0.000665299350272,0.000238725043743,-0.000145588442308,-0.00130787148228,-0.000218142689327,-0.00069477619425,0.000488277374585,-0.000283298111811,-0.000175148987683,-0.000379152392003,0.000488286994529,-0.000430062266006,-0.000135383516585,0.00026933126915,0.000985939442918,-0.000344559110715,0.000776375159658,0.000215137121793,-0.000201052721019,-0.000216154739311,0.000556215227354,-0.000350929475807,-0.000364114720444,-0.000726863868739,0.000164054400141,-0.000269572462521,-0.000757010735677,7.41653272774e-05,0.00036752256361,-0.000555804665504,0.000696821756569,-0.0003204815356,0.000611959898112,-0.000610348533317,0.000513164469055,0.000264886779946,0.00035502615468,0.000577572994349,0.000327261760702,0.000393649333179,0.000544633768717,0.000543051013022,-0.000455852543794,0.000174480194349,-0.000321246924046,0.000322300521838
-0.000231754995146,0.000763188790945,-9.19309235007e-05,-0.000364120171303,-0.00034092787821,0.0003137367964,-0.000473843468642,-0.00145134388197,-0.000316985526074,-0.000585201580765,0.000535369929013,-0.000293531738332,-0.000355085681786,-0.00027754650895,0.00041263732424,-0.00016841851437,-0.000406132469171,0.000320023954621,0.00109499026621,-0.000231212622643,0.000783105223037,0.000102892268028,0.000207281115296,-0.000293046832604,0.000418897048877,-0.000567965272147,-0.000246615483784,-0.000453307817736,0.000267346413552,-0.000244829440633,-0.00114679005179,0.000394375240988,0.000302968919143,-0.000521477086297,0.00058563274074,-0.000335060009929,0.000425068135667,-0.000492353555912,0.000519938201061,0.000513237512818,0.000256515225397,0.000481009518128,0.000335340135886,0.000451668113988,0.000476207083177,0.000600265006323,-0.000343775391078,0.000133331504862,-0.000458168981245,0.000701454863534
-0.000231021225523,0.0008015898147,-8.10913743493e-05,-0.000309763063122,-0.000529630681293,0.000213876430928,-0.000476932402869,-0.0015335742596,-0.000302726655373,-0.000754682092516,0.000515812319648,-0.000274484349995,-0.000360069740484,-0.000205110591764,0.000459121523897,-0.000353065738367,-0.000168643689036,0.000299345730727,0.000964925136259,-0.000227864829376,0.000786135924438,0.000141109119688,0.000242005872278,-0.000259890533933,0.000280962421247,-0.000528494591667,-0.000415694631698,-0.000457870217887,0.000260569707219,-0.000240669686533,-0.00130083754347,0.000338251035151,0.000329867213382,-0.000462788007906,0.000566110889437,-0.000278157831016,0.00047398397493,-0.000525838526514,0.00045748554342,0.00047331820767,0.000294502876346,0.000524690789234,0.000378801281601,0.000413301894187,0.00036811680563,0.00031112702832,-0.000375459677185,0.000117870790804,-0.000419696445853,0.000674051767747
-0.000264973491344,0.000842683163972,-8.60909274338e-05,-0.000346152483961,-0.000542463395581,0.00029932141586,-0.000394019402523,-0.00140568473738,-0.000359634230935,-0.000728635347503,0.000478058262694,-0.00023203159819,-0.000405449896223,-0.000361223286915,0.000432632488356,-0.000460605017984,-0.000415081968979,0.000372816079163,0.00105386940979,-0.000258854855631,0.000823677856557,-5.62295311307e-05,0.000324566726745,-0.000297563187086,0.000412012192124,-0.000432568940014,-0.000256584722307,-0.000422299911256,0.000265172959452,-0.000246135691845,-0.00115425325259,0.00022967482561,0.000298858529526,-0.000647835632516,0.000530040934801,-0.000336929080212,0.00038077461224,-0.00051263743174,0.000416251444044,0.000544261115266,0.000240479257398,0.000356635654985,0.000350493235302,0.000346770564778,0.000382194309297,0.000467486513195,-0.000488994487313,0.000158736202552,-0.000357827207011,0.000657843528666
-0.000436860302928,0.000744993913428,0.000344867848183,-0.000341533917715,-0.000238793748977,2.50240070023e-06,-0.000176329192282,0.000507348025442,-0.000218067844104,0.000380871918582,0.000404628284265,-0.000502981549653,-0.0002430379877,-2.52230911942e-05,-0.00434845923365,-0.000208998605842,-0.00106138684264,0.000124568076087,0.00136467912766,-0.00028869681532,0.000818359095325,0.000170791690058,0.000263385506338,-0.000139874990227,0.000852883314648,-0.000188081194672,-0.000612342208053,-0.000156927702184,0.000288422263126,-0.000306618880055,-0.00115057295811,0.000644015752779,0.000349864290003,-0.000176283436686,0.00120875493339,-0.000471707528427,0.000758831032918,-0.00067376832607,0.000493142557682,-6.52287293734e-05,-0.0012784734352,0.000506961246773,0.000201449632949,0.000242662301063,0.000594889992401,-0.000375147347838,-0.000422214525994,0.000332855010217,-0.000153504939674,0.000289159930789
-0.000195767298418,0.00105568216589,-0.000130106949524,-0.000391813541749,-0.000569097466294,0.00022558555868,-0.000746992805682,-0.00146681398915,-0.000252084761598,-0.000818741611358,0.000495484655251,-0.000226594247565,-0.000355573918664,-0.000366856682067,0.000515613273723,-0.000474629005468,-0.000553461501291,0.000341664229847,0.000927372956299,-0.000241687838517,0.000986443451447,-0.00014350808062,0.000295049856056,-0.000355777218849,0.000273634303865,-0.000795141227359,-0.000272501686931,-0.000769390133297,0.000266830782027,-0.000284552016472,-0.000243915276271,0.000395936893094,0.000310744100631,-0.000993343721506,0.000810919910999,-0.000213763758722,0.000493861325663,-0.000666669795343,0.000445183323733,0.000705778208384,0.000278916239783,0.000698167224662,0.000329694324116,0.000534383017607,0.00033461314265,0.000669727522843,-0.000662299800503,0.000229560635839,-0.000398558553414,0.000823741205419
-0.000211652535657,0.000821188046334,-0.000119547411707,-0.000362994119996,-0.000528004813066,0.0003018207066,-0.000574926652945,-0.00130922733153,-0.000353698377058,-0.00076736778316,0.000430317168762,-0.000268318669919,-0.000409675987858,-0.000340162969607,0.000388063882149,-0.000404475578154,-0.00025320592615,0.000305994387633,0.000982517299714,-0.000299780342159,0.000830306279284,8.88145106502e-05,0.000259445567724,-0.000320087466313,0.000359266723404,-0.000437490641148,-0.000279431022966,-0.000614272207035,0.00026918327168,-0.000244722124387,-0.00113309772719,0.000270420355913,0.000262502660438,-0.000669753827454,0.000564099325681,-0.000296533449722,0.000581906253711,-0.000498097015754,0.000503732372491,0.000402244936249,0.000221968344339,0.000538621379444,0.000323920015728,0.000441584970551,0.00036483358307,0.000481032060821,-0.000502155254205,0.00019056236836,-0.000376902561001,0.000658137585958
-0.000205379011398,0.000571492632435,-0.00010896296768,-0.000293389922035,-0.000556465786304,0.000286577930052,-0.000412133514313,-0.000996981534683,-0.00030775010141,-0.000493618680008,0.000492924403556,-0.000200387936752,-0.000389086651426,-0.000333670653006,0.000468241846569,-0.000251931333555,-0.000427087190897,0.000242028357201,0.00101460693579,-0.000222293211333,0.000758767833604,0.000167252222271,0.000253779991409,-0.000276642351212,0.000324750922764,-0.000478014407972,-0.000458151154859,-0.000478060709089,0.000255511946915,-0.00023703562156,-0.00112995560932,0.000231566136131,0.00034615415949,-0.000574813488022,0.000525155792436,-0.00031255881607,0.000302940605407,-0.000383767442922,0.000356246662732,0.0004968296521,0.000369196074561,0.000565018648919,0.000312485343338,0.000298737747579,0.000291481106501,0.000412340744606,-0.000365007434542,9.13357062147e-05,-0.000482050712377,0.000700069946887
-0.000172259693568,0.000732941657133,-6.72740567755e-05,-0.000316333966566,-0.000484487135741,0.0002576065516,-0.000515791170071,-0.00142707847871,-0.000356694646809,-0.00062971111378,0.000554990834,-0.00025086642753,-0.000437689090132,-0.000348367147393,0.000321282673784,-0.000446358518304,-0.000429409663971,0.000344362868457,0.00106710218177,-0.000264252765208,0.000728932383915,4.17040232607e-05,0.000184199832822,-0.000280493744929,0.000417135950507,-0.000689425098289,-0.000396063285594,-0.000505106262204,0.000274858126283,-0.000232590173081,-0.00111771707872,0.000297892141231,0.000338425051884,-0.00064386802696,0.000522923499126,-0.000284826185797,0.000541169402373,-0.000589009928182,0.000410169301227,0.000471003156085,0.000281258861606,0.000520592870151,0.000310125413708,0.000465946521087,0.000506316644075,0.000523206496411,-0.000484850954844,0.000126186121661,-0.00045373949808,0.000655230535298
-0.00025423755165,0.00090456797384,-4.51125236855e-05,-0.000326346531523,-0.00039717122066,0.000273343317423,-0.000481139223509,-0.0016791584712,-0.000309594969138,-0.00079593024924,0.000642354177128,-0.000318110846288,-0.000382515498313,-0.000315579805286,0.000497545929358,-0.000503044538904,-0.000445181925442,0.000297961438953,0.000894004185407,-0.000234855991744,0.000865083788293,-1.90612494104e-05,0.000159964885396,-0.000297960205658,0.000294535001079,-0.00065831956225,-0.000455834609733,-0.000618440713882,0.000269290549874,-0.000254024349885,-0.000795942237678,0.000393988912303,0.00036092019408,-0.000646188023736,0.000630969393985,-0.000289765567019,0.000569497237482,-0.000443870366073,0.000533949064328,0.000534370364972,0.000291348654237,0.000469238341419,0.000330648744267,0.000472113084858,0.000435034195745,0.000471890075765,-0.000589071458068,9.18621845394e-05,-0.000480625268426,0.000641056262438
-0.000231558883662,0.000347151676255,7.89114402736e-05,-0.000291937860151,-0.000405721329982,0.000205557676655,-0.000373441502382,-0.00146634027871,-0.00035864859502,-0.000816175283769,0.000703247987763,-0.000360097497161,-0.000476524769587,-0.000337309464794,0.000350149646298,-0.000367267205581,-0.000360104397623,0.000301423541447,0.000925577888399,-0.000335525656191,0.000799856739797,0.000428170714412,0.000346858327302,-0.000334862890692,-0.000228691129815,-0.000541029361319,-0.000389754023434,-0.000382238458766,0.000235286048921,-0.000337494103469,-0.00155155298369,0.00059343674102,0.000304513299546,-0.000321319625845,0.000577301227313,-0.00031493143898,0.000402769271966,-0.000446723864601,0.000397870498082,0.000164363465898,0.000260361889385,0.000161798113601,0.000281388099367,0.000501842935331,0.000507662381466,0.000452420984075,-0.000576844832619,0.000258416116345,-0.000427498723043,0.000445972723449
-0.00261769474461,-0.0324099377533,-0.000839125158269,-0.000666199688047,-0.00222907106641,-0.000439212905696,0.0138249044796,0.00878824411648,-0.0078638760016,-0.00776823105711,-0.00243813769104,-0.00911410083397,-0.0105470591786,0.056814830579,-0.001418704808,0.00470516895724,0.00642758135478,-0.00209376901785,-0.00116882921756,0.0121671722551,-0.0298030071136,0.0115312580074,-0.017018276503,0.00425083666652,-0.126357341276,0.0110645038828,0.0162335866833,0.0087685907195,0.000686115389717,-0.000940990863238,-0.00498223036977,-0.00224007127316,0.00221064241394,0.0182614882394,0.00665341727242,-0.00451941009076,0.00314154728778,0.00450043817451,-0.00771705574294,-0.00280890377511,-0.00808785808502,-0.0123720175875,0.00226044863048,1.69688134104e-05,-0.0247307611492,-0.00626435974948,0.00703069290903,-0.00391892191891,-0.00100451397479,-0.0257671413547
-0.000318137001387,-0.000569475634629,0.000157217364221,-0.000241276276657,-0.000388977893257,-8.18154332212e-06,-5.24082271102e-06,-0.000124048096429,-0.00019426364203,3.51329118708e-05,0.000493940470877,-0.00029691034796,-0.000392737934794,-0.000207275878076,-0.000114328433114,0.000151142703085,1.09436375082e-06,0.000192874623052,0.00137783379315,-0.000264249059337,8.43674219429e-05,0.000629890589067,0.000270079097639,-0.000231310406685,0.00067155795896,0.000199809522173,-0.000146374233543,-0.000106223563836,0.000230173766637,-0.000271180367813,-0.000575020135272,9.72022240427e-05,0.000271391591952,0.000386423613818,-3.77734389412e-05,-6.47702603218e-05,0.000455521986837,-0.000427661567866,0.000231061071835,-0.000168194522107,7.84929043338e-05,-5.31878736355e-05,0.000308486897458,-1.1462271336e-05,0.000718411078427,-6.77491561687e-05,-0.000271370031637,8.47969881403e-05,-0.000325946044896,0.000294016814155
-0.000179523912946,0.000928549972795,-3.3872780398e-05,-0.000310346218483,-0.000529366835913,0.000301673445466,-0.000528478818189,-0.00128461970604,-0.000325506140455,-0.000561140741276,0.000558125164877,-0.000243084744943,-0.0003822128287,-0.000286848224676,0.000333397303138,-0.000300571169162,-0.000224410027412,0.000236838083503,0.000992879430334,-0.000243891483657,0.000962441460244,0.00026168388597,0.000153788018448,-0.000301139917121,0.000343177635008,-0.000522302629474,-0.000408275335337,-0.00052839871259,0.000257341557781,-0.000230853320881,-0.00101490173417,0.000298551600211,0.000273434343185,-0.000596907213874,0.000552160517571,-0.000265648543721,0.000395974941257,-0.000546556714848,0.000368686491456,0.000456981755337,0.000144690116088,0.000555984581915,0.000320071104639,0.000533374298969,0.000397161427198,0.000560973311703,-0.000471422612151,0.000108593735527,-0.000475630799987,0.000556400847842
-0.00042618049966,-0.00244761464738,0.000512624348648,0.000541442519595,0.00156550381762,0.000206489528938,0.00711734210696,0.000497444653034,-0.000296803560052,0.00124185430278,-0.000122263219972,-0.000523720749123,-0.000991713088777,-0.00107928984684,-0.000159185878919,0.00162271877818,0.00050855908215,-0.000441239118057,0.00198245449204,-0.000224949624994,-0.00217080993539,0.000917405701918,0.000798706558718,0.000392160494393,0.00167101742458,0.00193274077232,-0.00099702574378,0.000557956585732,0.000192535279781,-0.000224015766214,6.96498130772e-05,0.0003886941058,0.00034455789296,0.00233104957293,-0.00190315282704,-0.000544640170266,-0.00223395648185,0.00029768619174,9.67203414057e-05,-0.00121603120389,0.000149320415865,-0.0001971783703,-0.000380223855337,0.000254276034696,0.000893495144833,-0.000908322212513,0.000493679718589,-0.000183504364803,-0.000499067199121,-0.00123844790108
-0.000244667032972,0.000973383795815,-0.000174418050881,-0.000319191079636,-0.000464637346165,0.000275323832658,-0.000508243048037,-0.00157916009198,-0.000396166219772,-0.000695992144716,0.000468119245741,-0.000229784147017,-0.000341381154922,-0.000418629405318,0.000455683900914,-0.000447058902406,-0.000191047113844,0.000296451712363,-9.88833198929e-05,-0.000255069717948,0.000749980300766,0.000106388601143,0.000258845207318,-0.000226539165014,0.000507799856621,-0.00047588479023,-0.0003436529892,-0.000551026852747,0.000268980529513,-0.000293003113535,-0.00136711549156,0.000431768722062,0.000305263377825,-0.000636067240336,0.000602973960502,-0.000269015252677,0.000358819542649,-0.000474443797728,0.000284290407059,0.000455004043884,0.000284105708857,0.000532557752447,0.000392733023366,0.00040664360923,0.000437737782014,0.000474696068162,-0.000116073562546,0.000160904113671,-0.000459135254074,0.000633144857198
-0.000263325880005,0.000759498291244,-0.000104061791526,-0.000388401075343,-0.000390899575398,0.00035667261551,-0.000446257474714,-0.00146935781882,-0.000331208082135,-0.000712732843273,0.000557029478737,-0.000259842033482,-0.000283830334944,-0.000275579919874,0.000414831350707,-0.000247567701376,-0.000490203920693,0.000331098477711,0.000976940143517,-0.000236347357079,0.000861672777853,4.07819293974e-05,0.000287067350257,-0.00031911599357,0.000493840280736,-0.000437193818092,-0.000192032498935,-0.0005634748606,0.000257430920937,-0.000248692836419,-0.00132316382935,0.000437683204171,0.00031678863027,-0.000751808921085,0.000478196719373,-0.000298164469915,0.00040518495756,-0.000518965917233,0.000437265919676,0.000453610546024,0.000305898371975,0.000462027766958,0.000357760417459,0.000354017556746,0.000404269661446,0.000540523802449,-0.000345036912985,0.000158243708886,-0.000347377943716,0.000482053521282
-0.000263752604728,0.000773267832308,-7.07391124448e-05,-0.000313838187918,-0.000311947885554,0.000306322956145,-0.000542622709465,-0.00120387052137,-0.000299457537968,-0.000567936943352,0.000548307332011,-0.000292536658122,-0.000302694530854,-0.000318462219229,0.000414345521736,-0.000462356919353,-0.00033559882515,0.000298637000108,0.00110258090086,-0.000238050835651,0.000682070396013,0.000134773144285,0.000146316870824,-0.000194135726587,0.000497515309504,-0.000480136728704,-0.000410655298166,-0.000535666554125,0.000267874233162,-0.00026453688739,-0.00107390688635,0.000312671551329,0.000287342670942,-0.000588302231665,0.000448193904304,-0.000249335891369,0.000494011459183,-0.000560550634261,0.000424880018324,0.000391630667141,0.000254253843012,0.000569327018334,0.000386562276773,0.00041464749592,0.000472562772619,0.00050290564701,-0.000456796597159,0.000128038264322,-0.000466170334399,0.000471276630685
-0.000296222268003,-0.031579904454,0.00340166845019,0.00242122377638,0.00491222356855,-0.00186075301209,0.00468064365113,0.0186800543262,0.00148615316216,0.0137293678782,-0.000126756671932,-0.00254366034013,-0.00201672320095,0.000709999156867,-0.00298962177433,0.0151438554004,0.0359853221889,-0.0222631433348,0.00102774807743,-0.00215717870638,-0.0244867684399,0.00955174749623,0.00306254297882,-0.00277056195535,0.0109113829369,-0.000538985682507,0.000398928669503,0.0113745888403,-0.00108666626651,0.00272156086477,0.011070583929,0.00296757375286,0.0065121773388,0.0132653669225,-0.0106276160391,0.00112105692309,-0.00388790472631,-0.00450824735576,0.00095002687195,-0.0125701529608,0.00311717526316,-0.0152634566615,0.00393112335584,0.00571856608379,0.00586553737012,-0.00135729617253,0.011056412468,0.000715200519598,-0.00632291600757,-0.0237749351684
-0.00124214676699,-0.00459584134117,0.0015207090628,0.00140050729606,-0.00494949840191,0.00278575614685,0.000541035301575,0.0152646032504,0.000239919790575,0.00555582123469,0.000880665272614,-0.000940026516372,-0.000126671683729,0.000685266069166,-0.00182831173637,-0.0011667561782,-0.00158197199915,-0.00260838759776,0.00339958234333,-0.00149343577,-0.00312774766119,-0.00670004758871,0.000284967912576,-0.00139827776823,0.0015990551693,0.00259689683076,0.00504319738581,0.000911421636313,0.000436679559367,-0.000224502467804,0.0207832890759,-0.00030355750858,-0.00197627110469,0.000221879324868,0.00014995448361,0.000403666605784,0.00184152574674,-0.00113597874737,0.00161844286902,0.00121582408263,-0.00130044276491,-0.0002157990788,0.00051592672912,0.00111094857357,-0.00247363421791,-0.00155167786091,-0.0029667075772,0.000611784926372,-0.000441253142722,-0.00239012475274
-0.000203964673662,0.000980885914935,-0.000172300596694,-0.000345550174546,-0.000421664575753,0.0002635994481,-0.000416758348311,-0.00158386918668,-0.000237796327329,-0.000613592845549,0.000471095943292,-0.000251403919697,-0.000309874412168,-0.000323011871415,0.000524703338394,-0.000221313391927,-0.000442439681251,0.000248982326989,0.000818129318623,-0.000186029018506,0.00084248932656,-0.000256533050194,0.000257429837187,-0.000300276920802,0.000256915311362,-0.000615234265889,-0.0001858551817,-0.000517263021485,0.000271720478058,-0.000261006197581,-0.00105718699607,0.000246103317948,0.000289216619888,-0.000732963170106,0.000606338966768,-0.000239886495336,0.000416788361737,-0.000426176074442,0.000414949824368,0.00053692699572,0.000301488855329,0.00046713611823,0.000351866500006,0.000282930878841,0.000303041619286,0.000472217731101,-0.000412383225767,9.78479710372e-05,-0.000418182924714,0.000731636326018
-0.000219557618299,0.000758541275759,-8.40146179871e-05,-0.000332866048675,-0.000425069541099,0.000438329634537,-0.000683298030874,-0.00131774023634,-0.000318909908157,-0.000819323790241,0.000511659117779,-0.000315807022713,-0.000347375203156,-0.000385688578388,0.000443857731278,-0.000354356969182,-0.000288783421108,0.000296789247879,0.00101928371771,-0.000175317727875,0.000884638674176,3.5409375189e-05,0.000221629984571,-0.000225970387464,0.000374992485867,-0.000670655091099,-0.000158513935652,-0.000584460206909,0.000287178043791,-0.000257744193267,-0.00106382464378,0.000255547775069,0.000269784685403,-0.000758451368262,0.000527815325895,-0.00028041602439,0.000479687679288,-0.000457746198326,0.000515177608337,0.000493717332987,0.000247330631744,0.000398942309671,0.000350254323721,0.000367934477833,0.000460973739882,0.000591901819575,-0.000408224113802,0.000154808073532,-0.000441876787554,0.000637552940007
-0.000266253869143,0.00113657663925,-6.28289773723e-05,-0.000356452477037,-0.000596471961418,0.000295523440377,-0.000609494620891,-0.00119794333304,-0.000223836650736,-0.000784151738079,0.00061383111722,-0.000322602489216,-0.000368864607291,-0.000359785710526,0.000459322117878,-0.000219405710772,-0.00045594461392,0.000341519458962,0.000927150449348,-0.000250715680089,0.000875113159217,-3.87884195903e-06,0.000338284895561,-0.000279901222437,0.000332111253255,-0.000473820140084,-0.000322807670052,-0.000434222770518,0.000252334614254,-0.000255564853269,-0.000602025378818,0.000323594824779,0.000311956623499,-0.000653929397507,0.000721691259307,-0.000296301866244,0.000541851807702,-0.000635450298738,0.000454377741102,0.000574788835787,0.000285863107836,0.000484491353061,0.00046444307449,0.000471170755538,0.000361369608925,0.000570692574199,-0.000478553198152,0.000214778473245,-0.000274820872804,0.000502374499936
-0.000247711771473,0.000831059247466,-0.000136749094293,-0.000328946693063,-0.000426911204593,0.000239323317562,-0.000512624640109,-0.00112504194827,-0.000318506731998,-0.000690444773875,0.000468371374415,-0.000251988945924,-0.000345838485803,-0.000377009855704,0.000426563531508,-0.000493145828863,-0.00037279169259,0.00033126563497,0.0010047853696,-0.000185160236176,0.00074512650724,0.00011293174312,0.000237348299861,-0.000322194834165,0.000478453835761,-0.000562496317304,-0.000244934485235,-0.000662406944553,0.000274561424814,-0.000261401967394,-0.00107935136121,0.000221994875322,0.00035698468769,-0.00077756989185,0.000490617740978,-0.000286130455087,0.000351320109003,-0.000415559238838,0.000393635454334,0.000363569629648,0.00030081114448,0.000618078558298,0.000294104114315,0.00049924048598,0.000492175829265,0.000624758790542,-0.000568952985987,0.000155513413293,-0.000344552202551,0.000567858816153
-0.000257404095845,0.00100391662364,-0.000125799002394,-0.000310232016264,-0.00042847757997,0.000227332224012,-0.00045075187994,-0.00105362042721,-0.000299525145011,-0.000629379634177,0.000437596049435,-0.000268916172535,-0.000372450124219,-0.000363122115015,0.000389280181824,-0.000465585391519,-0.000345423819568,0.00032764782986,-0.000137363298783,-0.000307531949942,0.000827489413304,0.000163753321458,0.000258594225241,-0.000306492261222,0.000405895420841,-0.000519563051539,-0.000461748542874,-0.000662123781722,0.000275247948516,-0.000300661661308,-0.00152842979895,0.000325271141638,0.000316828756834,-0.000683344542132,0.000665047933366,-0.000296195606408,0.000404126336097,-0.000452970786482,0.000429285725057,0.000496537125431,0.000218661488953,0.00056438503943,0.000416972025678,0.000404408497341,0.00038312404744,0.000589617004747,-0.000358733373804,0.000157768464044,-0.000330031453685,0.000580482728474
-0.000266406306767,0.00096405603214,-4.55463815076e-05,-0.0003170905124,-0.000484222147259,0.000250489154582,-0.000374796295142,-0.00178271235674,-0.000277252588465,-0.000788767159444,0.000520742435893,-0.000296127200951,-0.000306005309113,-0.000454561692902,0.000492333224671,-0.00049401260115,-0.000427168750686,0.00028528881934,0.000962794890054,-0.000342382782454,0.000976498294723,3.70938086565e-06,0.000243280271389,-0.000273658604809,0.000356574753005,-0.000558162109096,-0.000374947938163,-0.000363710745169,0.000281375307341,-0.000239036193128,-0.00109932637139,0.000353691155444,0.000238453767819,-0.000691782307891,0.000686014777687,-0.000236592282804,0.000351684048767,-0.000572711191341,0.000506230139441,0.000552990603169,0.000352144841195,0.000420440246144,0.000307262172096,0.000461921096113,0.000439485378315,0.000551963526718,-0.000486655769266,0.000135577029633,-0.000495088026823,0.00057718337058
-0.000223737460323,0.000944011192309,-0.000109273940732,-0.000337855831407,-0.000508843442411,0.000228179256533,-0.000503688908447,-0.00151611825532,-0.000298371281953,-0.000668997231901,0.000522061586665,-0.000299217436044,-0.00042775511347,-0.00038109413935,0.000500416634579,-0.000296518966564,-0.000376507876835,0.000320618843487,0.00067857635142,-0.000204837745702,0.000813454617137,-3.43190684558e-05,0.000338175821046,-0.000314674348134,0.00040406925006,-0.000597842452479,-0.000404128205585,-0.000579877851287,0.00024509078254,-0.000275771975409,-0.00115879093477,0.000327252475035,0.00033216009724,-0.000529106246741,0.000540938178737,-0.000140850824556,0.000510852511585,-0.000523453528466,0.000432211902253,0.000497410440357,0.000318457658063,0.00035767766941,0.000345907538286,0.000473957185754,0.000457818301147,0.00045997697155,-0.000318967776977,0.00010132050356,-0.00044041211709,0.000560815261425
-0.000153646819703,0.000802910524061,-3.18949389094e-05,-0.000338975549338,-0.000535921919975,0.000227292569404,-0.000652939970366,-0.00173199352354,-0.000334758027172,-0.000829412512028,0.000588887963588,-0.000238410512587,-0.000387509826745,-0.000280362208706,0.000310118244756,-0.000485647082216,-0.000343329428043,0.000347978578905,0.000916659380712,-0.000242784485967,0.000828849498237,-4.29741845916e-05,0.000257980625391,-0.000279529978607,0.000353715660951,-0.000759708976942,-0.000312689405256,-0.000746092186046,0.000285288674766,-0.000278340441751,-0.000789636433141,0.000274316599355,0.000364978034994,-0.000768016878684,0.000607693368169,-0.000213286605111,0.000142007660089,-0.00040807215498,0.000530967428029,0.000414538120517,0.00025986757499,0.000523189134903,0.000423470868408,0.000435999592547,0.000329917503411,0.000374980901223,-0.000721102198659,0.00016896608478,-0.000448031016026,0.000630250451461
-3.75760479918e-06,0.00461278793381,-0.000505014756171,-0.000596790447349,-0.000368110930853,0.0011553962033,-0.00217734096427,-0.00296432940298,0.00148246212159,-0.00109813599674,0.000622039007535,4.65292717801e-05,-0.000284854633225,-0.000472795024962,0.00148673580749,-0.00128797492131,-0.00200897003662,0.000820461729127,-0.00190425265552,-0.00022707821381,0.0029681728162,-0.00343617713643,0.000231956330069,-0.000862773210756,-0.00176499384778,-0.00314686121635,-0.000197529968844,-0.0026261833323,0.000420891583618,-0.000659456124826,0.00901973102529,0.000958981194759,0.00013541273641,-0.0043417665899,0.00218427714045,-8.88038024197e-05,0.00127809853797,-0.00141934467858,0.000922397255911,0.00256964386296,0.000597956961601,0.00174082869392,0.000723669732959,0.00086465887681,0.000197359281402,0.00160414971583,-0.00199440122081,0.000858835872131,-0.00045493655795,0.00272968682607
0.00293908150913,0.00436912146468,0.0169517309681,0.00149256113308,-0.00580458904452,-0.00361660140582,-0.00128387116439,0.00384570474301,-0.00047761957516,0.00580962130698,-0.0111870992877,-0.00404695275171,0.00120595698382,0.00736902001723,0.00560304066718,0.0104453871454,-0.00114502920002,-0.00335629284308,-0.0105562745187,-0.00156139793316,0.00572223893832,-0.00874243819743,0.00533558476551,0.00476668580201,-0.00126519548678,0.00482985627207,0.000781352064163,0.000803447274839,-0.00153800984369,0.00247077838128,0.00276410282666,0.00395857193924,-0.000952947929713,-0.00235085957608,-0.00375567625659,0.00455066699185,0.00154303952228,-0.00140587682641,-0.000195445832268,0.000490677468695,0.00719220957536,0.00915274445701,-0.000479271826202,-0.00196590544382,-0.00731108375108,-0.013150271424,0.00419238995118,0.000426265413371,-0.00246443892217,0.00527120894963
-3.34294670203e-05,0.00113304201699,0.000247476016749,-0.000340635271734,-0.000878456452274,-0.00140725134935,-0.001301983729,0.00649536756758,0.00136562350904,0.00534882266643,0.00185053732498,0.00057309743908,-0.000413355081719,-0.00121202695587,0.000497910578979,-0.00415574299259,-0.00260913708429,0.000834153721517,0.00147576746933,-0.000951586810847,-0.0844129605696,-0.00351693325932,-0.000164476163153,0.00276470318834,-0.000229066761736,-0.00249043545269,-0.00030500051132,-0.000834513664255,0.000364112506407,-0.000719867434285,0.0038635082446,0.00202542585966,-0.00359499376096,-0.00594460382109,-0.0019465005562,-0.000769955164605,-0.00173464360422,-0.00270778881631,0.000247006148793,0.00408140756788,-0.000503512806475,0.00202319705034,0.00080878842603,0.000995007250238,0.00104760424416,0.000338238062787,0.00197471447192,0.000124694332839,0.00176433630113,0.00229792372225
-0.000256050758719,0.00092749042357,-0.000120037903442,-0.00032716062092,-0.000508525577602,0.000281062809524,-0.000536491338332,-0.00103125420201,-0.000249762205467,-0.000495950765411,0.000520533355275,-0.000262276880451,-0.000273276557506,-0.0002008955883,0.000352959026592,-0.000376800178166,-0.000493289334134,0.00033874670995,0.00102351047231,-0.000256596439682,0.00090839126667,2.87082035472e-05,0.000300897125595,-0.000286152619857,0.000529811970763,-0.00050381708404,-0.000379564112727,-0.000440440049566,0.000266884185156,-0.000291075777561,-0.000982662751372,0.000306086715651,0.000337242405957,-0.000860146242721,0.000690215838954,-0.00030117404949,0.000595187707757,-0.000529250130617,0.000419298869427,0.000486367146953,0.000251146739076,0.000642240305885,0.000316146209661,0.00040655855007,0.000367617007259,0.000636327979226,-0.000450999778345,0.000152133814465,-0.000381482083887,0.000578754854793
-0.000249507906508,0.00106926563725,-0.000123196593457,-0.000317290191638,-0.000520381960321,0.000178304806295,-0.000487181663033,-0.00141450008586,-0.000351532489429,-0.000693997677656,0.00055440748491,-0.000262318277514,-0.000320257439376,-0.000236750110309,0.000416777766346,-0.000319297221264,-0.000464913561508,0.000349498092588,0.000905187298843,-0.000270115081617,0.000985910822814,6.97016094287e-07,0.000202148034014,-0.000303060638609,0.000299978690064,-0.000613389999935,-0.000367157718419,-0.000665313545536,0.000274655735756,-0.000271156823748,-0.000781762383989,0.000294530499636,0.000304825296511,-0.000718745641198,0.000596534660754,-0.000243165261042,0.00048586502568,-0.000491427562958,0.000472512854946,0.000521069592417,0.000264351604341,0.000551375151581,0.00040431347039,0.000415950820902,0.000409833558422,0.000640983578687,-0.000455728934633,0.000220678066583,-0.00053316860297,0.00064318660476
-0.000258020930933,0.000659096015777,-0.000136672024196,-0.000352019271277,-0.000410666874404,0.000215044005932,-0.000426009806801,-0.00105958477209,-0.000129321269402,-0.000642656691634,0.000502162821432,-0.000307993325418,-0.000280729662567,-0.000333924351936,0.000381561575675,-0.000234215267824,-0.000326485273337,0.000277523298276,0.00107384210054,-0.000299042615976,0.000675409959563,0.000290796065119,0.00021922199261,-0.000244334158214,0.000525793206264,-0.000429838241172,-0.000428951219826,-0.000558563408727,0.00024973279365,-0.000248246093381,-0.00114179892546,0.000375885790268,0.000335618431066,-0.000681954267894,0.000413496208653,-0.00029790555351,0.000554560887171,-0.000581285953558,0.000403046314041,0.000416312368823,0.000263678007287,0.000465050988205,0.000424188671818,0.000388787402595,0.000542962008989,0.00050055421086,-0.000230074195924,0.000187533922632,-0.000463703563961,0.000557854901748
-0.000235035801575,0.000895321929246,-5.31153728177e-05,-0.000319988168458,-0.000300389488315,0.000284044857646,-0.000450178847375,-0.00145482575527,-0.000335074321679,-0.00071219001333,0.000535813254588,-0.000292170652898,-0.00036555388366,-0.000186381383181,0.000475107280492,-0.000383456643459,-0.000437965427432,0.00030130702981,0.000964897786826,-0.000266015541135,0.000970447217146,0.000181018458505,0.000233054300583,-0.000271347878801,0.000492250466306,-0.000606316620818,-0.000302807358534,-0.000495966608287,0.000258002261794,-0.000246926002031,-0.00112877047892,0.000301268320718,0.000288673548832,-0.000660152491714,0.000541572266224,-0.00021896739946,0.000402346197466,-0.000408524458599,0.000385663004867,0.000438788747978,0.000290005111477,0.0005120543567,0.000397917455778,0.000425372698665,0.000576270252043,0.000571766638904,-0.000557812891495,0.000186972880696,-0.000417194956878,0.00056654182158
-0.000325164737622,0.000844245801753,-0.000118771601827,-0.000349758624337,-0.000533430875903,0.000310358287047,-0.000588313164344,-0.001462217466,-0.0003212599111,-0.000597178414285,0.000533296999063,-0.000270357868399,-0.000387547889135,-0.00019680025713,0.000483120773166,-0.000330405789555,-0.000488991085075,0.000317250226154,0.00109133991329,-0.000286384560143,0.000831942318411,0.000136864060508,0.000249773712541,-0.000263631771084,0.000314520882669,-0.000476085617485,-0.000358293304787,-0.000591085471934,0.000269411075623,-0.000249692903208,-0.000983335412945,0.000237412977438,0.000330729918137,-0.000547604898072,0.0006162463422,-0.000323329460186,0.00040511398968,-0.000484028198444,0.000442523720438,0.000510382053304,0.000253881201959,0.000433643815552,0.000266335528834,0.000395117478458,0.000513244258087,0.000432905180811,-0.000447055814066,0.000145640892526,-0.000515068958746,0.000737338514833
-0.000253328391419,0.00120177641356,-0.00013493463325,-0.000360709182531,-0.000467075694669,0.000258016896726,-0.000681423758326,-0.00184317483642,-0.000246879096959,-0.000815798813078,0.000552890050605,-0.000261528373625,-0.000338820912158,-0.000412577536368,0.000489190146948,-0.000530108010946,-0.000442536150016,0.000379697792391,0.000919698668797,-0.000267524807225,0.00093481653606,-0.000195173390041,0.000257577768062,-0.000310803999663,0.000288030912891,-0.000593914080089,-0.000355342083864,-0.00075702270682,0.000267698344585,-0.000267130510987,-0.000223264214231,0.000428889361063,0.000274615898709,-0.00074113949233,0.000753339977001,-0.000301657569276,0.00056671626378,-0.000701027042991,0.000462751780304,0.000606772581423,0.000309579500197,0.000688181218864,0.000317309256041,0.000556183519073,0.000451894779586,0.000540874072992,-0.000731357851807,0.000226284966759,-0.000480652701533,0.000777390337671
-0.000222221004214,0.0010777573259,-0.00012383398455,-0.000352830352303,-0.000525943049326,0.000345532634132,-0.00066146996729,-0.00146738358827,-0.000459914448037,-0.000732504865279,0.000537452127845,-0.000248028783183,-0.000307827425869,-0.000244445895145,0.000402717427643,-0.000257961658924,-0.00045311846031,0.000359827659445,0.000978748732907,-0.000223891096494,0.00111438769945,0.000212781145222,0.000360254852447,-0.000304663690028,0.000562931859481,-0.000721388722528,-0.000393875747367,-0.000647264154694,0.000281434856286,-0.000267590253934,-0.00046206236674,0.000389480372029,0.000390408436967,-0.000834074349152,0.000724393886958,-0.000399955595735,0.000571286180507,-0.00051404100083,0.000438101745596,0.000536597022755,0.000369374010305,0.00081264520549,0.000467036620369,0.000508074404026,0.000488486313558,0.000694634855116,-0.000527626210495,0.000159012549734,-0.000481418887798,0.000700914460688
-0.000208213165901,0.00072663177434,-8.12792734525e-05,-0.000249492522194,-0.000524132274801,0.000262418528193,-0.000500465430835,-0.00148281697882,-0.000297717091596,-0.000687152261873,0.000537447524096,-0.000309049839453,-0.000348972868703,-0.000226892085779,0.000470470822335,-0.000447007489265,-0.000390138358895,0.000324385079361,0.00103302349237,-0.000260093848269,0.000729825168706,7.1181815472e-05,0.00021136956208,-0.000263776896572,0.000360339242714,-0.000526067812342,-0.000297352734357,-0.000538076493018,0.000285048036714,-0.000253420997968,-0.00118990987978,0.000326191164518,0.000294828967281,-0.000642263716522,0.000543631369098,-0.000330547650789,0.00037960349303,-0.000377706331678,0.0002844419994,0.00051984961461,0.000278364334613,0.000476500152244,0.000340305470698,0.000375955678931,0.0003272139115,0.000499730001679,-0.000462147794084,0.000131473586313,-0.000464466012911,0.000661474183071
-0.000261733998035,0.000999899575158,-3.20578909138e-05,-0.000306736030915,-0.000480482462803,0.000228399559103,-0.000430286536583,-0.00143485590915,-0.000270951032187,-0.000643008146272,0.000520157376716,-0.000269290876127,-0.000365159567469,-0.000421241505415,0.000419977157542,-0.000202657703932,-0.000380866037674,0.000334203379045,0.00095629632984,-0.000266568362123,0.000915936652728,3.77797973835e-05,0.000139456416127,-0.00031685941979,0.000552216387488,-0.000489934869698,-0.000338997355379,-0.000442388573204,0.000277660367292,-0.000229121035908,-0.00117303111812,0.000335521471027,0.000315029060279,-0.00055639377794,0.000550363689048,-0.000338734274325,0.00053324825567,-0.000458252946607,0.000388107122328,0.000507655877985,0.000326369114445,0.000541729777977,0.000450923917293,0.000426756645743,0.000444251475784,0.000574164281753,-0.000520907841245,4.2602214577e-05,-0.000350958055379,0.000690186037873
-0.000257029149286,0.000873376471855,-0.000131710455989,-0.000293664937862,-0.000433235922888,0.000375171205274,-0.00059622244211,-0.00136237429723,-0.000294874423279,-0.00042671560932,0.000451033775652,-0.000275013898863,-0.000429161586067,-0.000340584804732,0.00058179192579,-0.000132607827624,-0.000285185777526,0.000288284309148,0.000743300177169,-0.000214882528487,0.00067337635133,2.96514538855e-05,0.000210742624542,-0.000269436614831,0.000330370984586,-0.000440551318705,-0.000374243360116,-0.000460405407578,0.00027006376463,-0.000253952733214,-0.00136135924704,0.000340290021366,0.000281312067235,-0.000632098040805,0.000563883248084,-0.000258614355969,0.00050123695568,-0.000505985401839,0.000397635875812,0.000381844664446,0.000340155301214,0.000441618129588,0.000326931188277,0.000405051549959,0.000289895131552,0.000505878917765,-0.000351694424152,0.000108539408243,-0.000490811797425,0.000610653513182
-0.000220971642036,0.000630722386851,2.36364424982e-05,-0.00023327530492,-0.000306818774431,0.000267057680113,-0.000443405038992,-0.00119197935773,-0.000277112081282,-0.00067754865582,0.000545403606764,-0.000291100833382,-0.00045872785226,-0.000341749234854,0.000375238909257,-0.000138099598042,-0.000364385260041,0.000301703170588,0.000853436760458,-0.000432564445544,0.000682261053852,0.000172347873149,0.000267078734221,-0.000251311461119,0.000649399076166,-0.00047616400177,-0.000325017973459,-0.000127005899911,0.000259635296207,-0.000237438879438,-0.00121767153308,0.000463994236009,0.00036498142293,-0.000500990364854,0.000406086364681,-0.000405339334425,0.000116847508448,-0.0004899849767,0.000369615884135,0.000403240964604,0.000403961415972,0.000388296994219,0.000371570681876,0.000426084428489,0.000557400556679,0.000546377444051,-0.000253448567641,0.000112577338743,-0.000485123341147,0.000544186085941
1.21627475747e-05,-0.00330916218341,0.000157547456435,-0.000458913271304,0.000188355326543,-0.000763845954481,0.00467882769328,0.00319345224625,0.000184084065415,0.000919334971985,0.000712169306663,-0.00074710733827,-0.000493594698244,-0.000347541529303,0.000280457694015,0.000136529441234,-0.000820409639189,0.00015521733063,0.000757883422973,-0.000297279658191,-0.000583644245042,0.0003553147768,0.00014829134158,0.000124635553786,0.000747721817679,0.00274014215288,-0.000352479218784,0.000241799365911,0.000260276132669,-0.000317674709534,6.73881807172e-05,0.000540389395033,0.000501387804956,0.000415299938858,0.000746738283138,-0.00044481613224,0.000164574199418,-0.000167091351172,0.00050398462278,0.000307797954585,0.000659746764816,0.000834011632846,0.000702938207978,-0.000344229380899,0.000418470183436,0.00065754807469,0.000371421477723,1.94224404458e-05,-0.000963651918658,-0.000287329854827
-0.000256846144526,0.000880182245936,-0.000125119692216,-0.000305820695496,-0.000418888392893,0.000317817524215,-0.000616325396874,-0.00160241976624,-0.000417404036815,-0.000624713566585,0.000481672286883,-0.000288143454812,-0.000315846848497,-0.000392259519113,0.000296082828458,-0.000366465855494,-0.000286707527387,0.000326751318933,-0.000519352322571,-0.000301573664658,0.00095263030459,0.000293782093315,0.000184044618258,-0.000237270722569,0.000505474210802,-0.000199693639579,-0.000399118882772,-0.000588065484554,0.000258096393882,-0.000249290560749,-0.00156768514985,0.000424979242009,0.000409865972739,-0.000554016756356,0.0005695539688,-0.000324853815654,0.000544017847586,-0.000466792436617,0.000550700358191,0.000384117770728,0.000328611887789,0.000654194733078,0.000307157353946,0.000557942076565,0.000413942780363,0.000427311456845,-0.000423325795774,7.29122079792e-05,-0.000345343405602,0.000615334669257
-0.000270800682499,0.000988028553334,-4.08894155963e-05,-0.000307154556066,-0.000385295403184,0.000267826347405,-0.000549487125795,-0.00117027164531,-0.000375979488867,-0.000630361295306,0.000550584843043,-0.000290702378568,-0.000295161800956,-0.000352786907213,0.000480639102822,-0.000334993084327,-0.000281152378637,0.000318040503348,0.00105855847962,-0.000240472286803,0.000843974847303,6.69479307555e-05,0.000256984176889,-0.000252321596468,0.000494907307798,-0.00060926505099,-0.000405464663731,-0.000430983524409,0.000260798612934,-0.000241683533881,-0.00111178929042,0.000274175099883,0.000329414270321,-0.000808396979122,0.000569034316014,-0.000188169065388,0.000360449693268,-0.000479973208403,0.000439235303813,0.000464970960708,0.000314862271329,0.000425498197214,0.000322216826098,0.000499527709112,0.00040611378326,0.000591849720692,-0.000393260905107,5.39139271996e-05,-0.000462266909938,0.000536681707585
-0.000258789365521,0.00109156745895,-4.47305472629e-05,-0.000342345615949,-0.00042780280141,0.000315250937954,-0.000686885809979,-0.00229929700421,-0.000457115480002,-0.000987700459102,0.00065690718767,-0.000310314985476,-0.000536458008664,-0.000409458862563,0.000551397945449,-0.000338996982214,-0.000461024907511,0.000356041595247,0.000950267940374,-0.000404754520339,0.000961831328055,6.56424420595e-06,0.000346681855701,-0.00034723164168,0.000766444682028,-0.000546912188473,-0.000358802936147,-0.000740785821233,0.000271638853545,-0.000492397712085,-0.00207079323099,0.00043840621193,0.000299686209027,-0.000799587568248,0.000607871930468,-0.000395370491921,0.000555563679062,-0.000619906194092,0.000518302412009,0.000533481642205,0.00038464324366,0.00048234303537,0.000410877440782,0.000578079662812,0.000539134357908,0.000543896928751,-0.000530759773915,0.000159689670974,-0.000453211707343,0.000751066906175
-0.000224277523535,0.000877678304276,-9.35684728785e-05,-0.000311652145995,-0.000413771330875,0.000300487123569,-0.000418551782077,-0.0013082778506,-0.00029078693934,-0.000550871082871,0.000538862918634,-0.000235369250706,-0.000375894297405,-0.000208680275833,0.000456152084759,-0.000298716427641,-0.000343023958542,0.000340839696437,0.00101214525987,-0.000284815231505,0.000894104729222,7.39627974226e-05,0.00014738666986,-0.000270832597051,0.000465459389488,-0.000576283064971,-0.000379913849842,-0.000598102133578,0.000272576258083,-0.000271036460102,-0.00113065798866,0.000280873661824,0.000342948569296,-0.000665781340382,0.00059259580187,-0.000290636528503,0.00029641654632,-0.000531431836862,0.000387611275792,0.000368464991933,0.000278237238764,0.0006354176778,0.000331175911137,0.000424373932199,0.000317703668507,0.000550056536907,-0.000507330573358,9.03532452589e-05,-0.000477980188673,0.000725446454013
-0.000228766353808,0.000684310560623,-9.88172891554e-05,-0.000293477698504,-0.00039258052411,0.000226247128358,-0.000418353008619,-0.00131580895095,-0.000371771960636,-0.000583380664967,0.000511836560695,-0.000254300161898,-0.000266636023049,-0.000331770346065,0.000404960122791,-0.000540653046908,-0.000297832013781,0.000316980073846,0.00107529608017,-0.000284612993794,0.000828954283534,0.000216523871846,0.000228234793093,-0.000268967806994,0.000457510815602,-0.00054136118048,-0.000310827698727,-0.000572821566457,0.000266693583593,-0.00025046941082,-0.00116553958765,0.000346153445584,0.000316197458233,-0.000742012365529,0.000532920445338,-0.000378861098951,0.000442677395486,-0.000481888023647,0.000472570129821,0.000432908920967,0.000330667288245,0.000528532925535,0.000289413317686,0.000438287482523,0.000363621191915,0.000528961559662,-0.000474671067697,6.53981691858e-05,-0.00040366439511,0.000606576832758
-0.000129596245327,0.00128623129326,-3.67028262032e-05,-0.000349606704412,-0.000495542930326,0.000414541270402,-0.000480565719595,-0.00165944292134,-0.000263504157337,-0.000547560730147,0.000501780313313,-0.000249236101982,-0.000275089235511,-0.000384325403777,0.000464137962357,-0.00066318749957,-0.000510117745391,0.000288489348015,0.000804477658376,-0.000275605649265,0.00102117218718,-0.00012832340977,0.000134692272516,-0.000342999125854,0.000223798363575,-0.000844966181536,-0.00026366907087,-0.000477701977694,0.000278419709182,-0.000112397155802,-0.000856968428286,0.000207926997076,0.000212267060166,-0.000546673031776,0.000563890084971,-0.000308737526301,0.00053632693802,-0.000400979007175,0.00040064893738,0.000611103268623,0.000351015223492,0.000417248005032,0.000369032710613,0.000355081509906,0.000301093359218,0.000542207918634,-0.000421864040831,0.000168455995459,-0.000457290736266,0.000731047160131
-0.000235420091616,0.00105161395751,-9.72230711477e-05,-0.000313382139737,-0.00048529004554,0.000326178546575,-0.00066699911891,-0.00169527370495,-0.000349174240493,-0.000754760001904,0.000490336783465,-0.000238554185493,-0.000374982006473,-0.000265901734325,0.000448188243811,-0.000283012116515,-0.0004238635834,0.000308520647897,0.000915959937353,-0.000228061661517,0.000977538601387,-7.87838346474e-05,0.000167665474307,-0.00032415657231,0.000440072742385,-0.000656872821146,-0.000253800149105,-0.000602160994514,0.000258094149532,-0.000290650494745,-0.000674432089608,0.000356519770477,0.000241582300147,-0.00073978129526,0.000651882600415,-0.000280885503516,0.00046900840965,-0.0005329819661,0.000466486324815,0.000469631294971,0.00030433014391,0.000379289506193,0.000275438782195,0.000552346728141,0.000509706454049,0.000590339866724,-0.000546713900486,0.000126259789637,-0.000428023397535,0.000697552007964
-0.000846211056351,-0.000193534239317,-0.000156048769289,-0.00054691488904,-0.000915017266653,0.000523354600469,0.00093581876976,0.00903622605421,0.00113547711215,0.000985212344244,0.00118627580939,-0.000277375614705,-0.000208346482498,0.000329723822564,0.000354851332248,0.000849123161054,-0.000919916228265,0.000324589327924,0.00105476715821,-0.000180066848532,0.000842663145194,0.000522813940005,0.000195112976246,-0.000513313390767,0.000646551613238,0.00150478672975,-0.000977296210124,-0.000146987099855,0.000215556007698,-0.000450257182333,0.000737293017035,0.000327683422238,0.000593104284442,-0.00136293258052,0.000984873669722,-0.00037037594103,0.000595792679527,-0.00111691719456,0.000417606926855,6.56487368456e-05,0.000439579066949,0.00141441550073,0.000828714518778,4.22662610032e-05,0.00061175029486,0.00101757404218,-0.00012968776278,0.000449091560316,-0.000426431998039,0.000355223211457
-0.00172289855972,0.00805138588533,-0.000938913555309,-0.00269103137112,0.00658600375962,0.00336692668128,-0.00692063764986,0.00320007987728,0.0050684856788,0.00126687916348,0.00404766949509,-0.000519230558007,-0.00154611097955,0.00336189421115,0.00405155602717,0.00796892414321,0.00668057266283,0.00212655410387,-0.00347347943281,-0.00174267149488,0.00270733249461,-0.01013872108,0.000814377306551,-0.00397441726922,-0.00222094639506,0.00328666191595,-0.00172626766795,-0.0135225880097,0.000286260689304,-0.00205116276895,0.0628947928072,0.00474345824792,-0.0043882591515,-0.0133420345918,-0.00145093672375,-0.000994928044892,0.00461377531543,-0.00717749452818,0.00325196683513,0.00614706166283,0.000507653189187,-0.00134240689791,0.00421933937575,0.00629957158918,0.00416182836087,0.00182943135334,-0.0096272629706,0.00644799219114,0.0016423233174,0.00470880570486
-0.00025714808176,0.000770199650914,-0.000112668583061,-0.000293320910386,-0.000572536635144,0.000333051013914,-0.00044625821814,-0.00153506807917,-0.000254400495084,-0.000537351204936,0.000477743464409,-0.000321288842503,-0.000298743963014,-0.000329235022483,0.000446425330756,-0.00047880351243,-0.000395140733764,0.000288156990857,0.00106857515403,-0.000277436663244,0.000803877926002,5.80792116297e-05,0.000267359815718,-0.000299177731867,0.00047753541813,-0.000427827280833,-0.000324653824156,-0.000456483057089,0.000266056082828,-0.000247583089817,-0.0011850655228,0.000138044008864,0.000310554580215,-0.000645720808285,0.000633017822012,-0.000283393168012,0.000372348066468,-0.000404175736793,0.000420465355403,0.000482222789537,0.000388730166627,0.000519530953083,0.000275680443039,0.000453461826437,0.000333739732159,0.000534648021837,-0.000495549547926,0.000157515104448,-0.000437179490018,0.000656413469606
-0.000210546354231,0.000989703709494,-0.000104360816371,-0.000358487774885,-0.000531965318304,0.000270122345575,-0.000686058119707,-0.00166539415928,-0.00029991661244,-0.000525580076612,0.00050497598655,-0.000313725923164,-0.000366813445579,-0.000207002395718,0.000424810673006,-0.000431129341854,-0.000403403769121,0.000349380714054,0.00088615668515,-0.000307041766681,0.000805577216489,0.000158614953212,0.000184126053583,-0.000223461512718,0.000426049259189,-0.000769458549533,-0.000382119598688,-0.000454758783339,0.000271973357478,-0.000251606528887,-0.000869131931426,0.000321472895687,0.000287573824306,-0.000873741570515,0.000536552061256,-0.000263315324037,0.000540579420857,-0.00048016207624,0.000463146321546,0.000426432468547,0.000199629606981,0.000442696774289,0.000299443606949,0.000430709419186,0.000442747231028,0.000615955489228,-0.000534995676647,0.000101703105248,-0.000442998181386,0.000603218815721
-0.000149774518885,0.000119512662607,-0.000887672401519,-0.000140079090878,-0.00119828308241,5.59850370271e-05,-0.000444867012136,-0.000217550441992,-0.000129173894082,-0.00060969214256,-0.000914848774444,-0.00041421515264,-0.000163782587464,-0.000794342095661,0.000424543122992,-0.000214494769063,-0.000158525604398,0.000530465297676,0.000777223237429,-0.000400293482519,0.00101041495149,0.000570121308631,0.000276185017747,-0.000361014755019,0.000129366418915,-4.21877736864e-05,-0.000222408360938,-0.000273786703985,0.000327170369246,-0.000153045004635,-0.000169158974079,0.000279560129504,0.000285550316346,0.000179417488009,-0.0008625013763,-0.000497856735746,0.000759453898004,-0.000408743413556,0.000700619995121,5.35158381795e-05,-0.000428343244819,0.000919532611916,-0.000500398347103,-1.30859506749e-05,0.000716674961957,0.000430583713545,-0.000612878512522,-0.00143874637421,0.000529891599112,-0.000261474560006
-0.000225853072636,0.00087395960771,-0.000101018021463,-0.000315591417898,-0.000440266067,0.000321632056135,-0.000532539880002,-0.0014675559509,-0.000315579514579,-0.000576619706837,0.000441985679125,-0.000273611178217,-0.000369166222896,-0.000304842199176,0.000530028326084,-0.00039502475767,-0.000389751780944,0.000293313714693,0.000952648924393,-0.000302237768167,0.000814035685724,7.50924830047e-05,0.000207041831484,-0.000218520169873,0.000331084567531,-0.000425304445793,-0.000356170684094,-0.000537198938331,0.000274095145048,-0.00025139079389,-0.00128273529773,0.000366455109407,0.000285928753843,-0.000632966740823,0.000560543995795,-0.000246558440909,0.000409298020354,-0.000414730371189,0.000447074887179,0.00048545535652,0.000271340612253,0.000569825421131,0.000330841094678,0.000147895529352,0.000425388756064,0.000460741186351,-0.000458078786619,9.29641927549e-05,-0.000395263058887,0.00051714390441
-0.000609511380181,-0.00182237598736,-0.000188497525706,0.00182982478456,-0.00189534652039,-0.00085851507953,-0.00239959289804,0.00040585493918,-0.00115238638149,-0.003397808653,0.0034233120008,-0.00239562581553,0.000215493587991,0.00126482061381,-0.00385101942428,-0.00153792523035,-0.000601420347886,0.000879638358669,-0.00366836338077,-0.00220046227999,0.00156493506263,-0.00115969189829,0.00113430361201,-6.11085595601e-06,0.00351423361104,-0.00326682834964,-0.00343320601648,0.00175577414116,-0.00018637559161,0.00291209095868,0.00691004884405,0.00143083575061,-0.00279678334698,0.00674241466361,0.00159868327123,-0.000755383293278,0.00130342847518,-0.00326832513401,-0.00186640686867,0.00295126074409,0.00267052753845,0.00576221160398,0.00165082559607,-0.00716457136063,-0.000210267000908,0.0044024306303,-0.00304426256055,0.000295989406211,-0.00108861431784,0.00442903100669
-0.000258789365521,0.00109156745895,-4.47305472629e-05,-0.000342345615949,-0.00042780280141,0.000315250937954,-0.000686885809979,-0.00229929700421,-0.000457115480002,-0.000987700459102,0.00065690718767,-0.000310314985476,-0.000536458008664,-0.000409458862563,0.000551397945449,-0.000338996982214,-0.000461024907511,0.000356041595247,0.000950267940374,-0.000404754520339,0.000961831328055,6.56424420595e-06,0.000346681855701,-0.00034723164168,0.000766444682028,-0.000546912188473,-0.000358802936147,-0.000740785821233,0.000271638853545,-0.000492397712085,-0.00207079323099,0.00043840621193,0.000299686209027,-0.000799587568248,0.000607871930468,-0.000395370491921,0.000555563679062,-0.000619906194092,0.000518302412009,0.000533481642205,0.00038464324366,0.00048234303537,0.000410877440782,0.000578079662812,0.000539134357908,0.000543896928751,-0.000530759773915,0.000159689670974,-0.000453211707343,0.000751066906175
-0.000222639692459,0.000901736061317,-8.88749611967e-05,-0.000299295433543,-0.000440217515964,0.000277342653632,-0.000620675930357,-0.00145972794341,-0.000322790334989,-0.00075929487177,0.000498599093786,-0.000318258195359,-0.000374292746684,-0.000332954015691,0.000430624150235,-0.000390573010723,-0.000414956978855,0.000316261737976,0.00101953319933,-0.000197489579358,0.000748467452154,4.29458108574e-05,0.00026551186097,-0.000288161862366,0.000356855368444,-0.000544765901836,-0.000325572430366,-0.000645672308651,0.000266558140641,-0.000243477873759,-0.00102711708638,0.000352878014617,0.000323796896645,-0.00081748648856,0.000589245429255,-0.000292878162412,0.000580063659964,-0.000419505272368,0.000319852886056,0.000365113819925,0.00024462037588,0.000358915783253,0.000353591814932,0.000495870949322,0.000534624303971,0.000527289320412,-0.000474547913154,0.000198131359254,-0.000383996879535,0.000602748415943
-0.000209425067762,0.00107872354842,-0.000133150644777,-0.000304244961116,-0.000446467347382,0.000308000091096,-0.000684445394392,-0.00151455235284,-0.000316859642629,-0.000741002449534,0.000431537044366,-0.000316098249412,-0.000329403336389,-0.00032105914804,0.000432380075527,-0.000421909704801,-0.000418090464411,0.000313049277519,0.00100901538927,-0.00021066666454,0.000796700195837,2.77159683227e-06,0.000223551196997,-0.000294922833044,0.000336650914377,-0.000618554841589,-0.000324877913479,-0.000643443745017,0.000268759748681,-0.000267784721766,-0.000957862353351,0.000320569535497,0.00031829328254,-0.00081881348899,0.000640022794982,-0.000271480086157,0.00045116806119,-0.000437127962102,0.000320556126258,0.000429021906607,0.000259727708651,0.00032814928908,0.000397196839894,0.000529715372593,0.000473593013584,0.000611723563217,-0.000487951786585,0.000210221561845,-0.000390825455708,0.000614284240087
-0.000258789365521,0.00109156745895,-4.47305472629e-05,-0.000342345615949,-0.00042780280141,0.000315250937954,-0.000686885809979,-0.00229929700421,-0.000457115480002,-0.000987700459102,0.00065690718767,-0.000310314985476,-0.000536458008664,-0.000409458862563,0.000551397945449,-0.000338996982214,-0.000461024907511,0.000356041595247,0.000950267940374,-0.000404754520339,0.000961831328055,6.56424420595e-06,0.000346681855701,-0.00034723164168,0.000766444682028,-0.000546912188473,-0.000358802936147,-0.000740785821233,0.000271638853545,-0.000492397712085,-0.00207079323099,0.00043840621193,0.000299686209027,-0.000799587568248,0.000607871930468,-0.000395370491921,0.000555563679062,-0.000619906194092,0.000518302412009,0.000533481642205,0.00038464324366,0.00048234303537,0.000410877440782,0.000578079662812,0.000539134357908,0.000543896928751,-0.000530759773915,0.000159689670974,-0.000453211707343,0.000751066906175
-0.000212283424791,0.000975296950076,-8.38650421581e-06,-0.000333964131039,-0.000484995137997,0.000312196299364,-0.000416896642777,-0.00158408396097,-0.000298794629335,-0.00072422986263,0.000547814438587,-0.000290727053766,-0.000404795700562,-0.000385278044313,0.000486805301489,-0.000307582048724,-0.000543327566397,0.000292660244302,0.00105188597947,-0.000253556605305,0.000703227733781,-5.99360134451e-05,0.000218895343985,-0.000289816624003,0.000347608364015,-0.000632091748283,-0.000426332071504,-0.000552659748423,0.000267957505662,-0.000254132297867,-0.000727743847607,0.0002770956989,0.000351681239911,-0.000815649087203,0.000674542903099,-0.000292831093702,0.0004283928616,-0.00043955197186,0.000449289408205,0.00049571984232,0.000316296358446,0.00069516000581,0.000349589732853,0.000488848329237,0.000388603372727,0.000574728873225,-0.000594443798745,0.00021829360522,-0.000486843450002,0.000786102281675
-0.00024943264899,0.000897167545871,-5.03197565154e-05,-0.000356117285142,-0.000392420958532,0.000387140681628,-0.000533604324405,-0.00157694903674,-0.00026246835386,-0.000559104916373,0.000550741664458,-0.000296738809196,-0.000485375560457,-0.000337001972722,0.000441583706947,-0.000382484929689,-0.000428285544145,0.000282664206983,0.000851843539777,-0.000327760489908,0.000754782662636,-1.95362621535e-05,0.000262657811344,-0.000266442821989,0.000408610975929,-0.000462856671251,-0.000313121175561,-0.000450197494314,0.000272395765016,-0.00023910547025,-0.00115152895623,0.000351689245605,0.000273894819559,-0.000660085116101,0.00061266708604,-0.00035664228881,0.000562259262758,-0.00037935562666,0.000402308447062,0.000479365451638,0.000216472117046,0.00049782041671,0.000301496266413,0.000337433782591,0.000287912556785,0.000495695787713,-0.000391410249918,0.00010083041182,-0.000470623469129,0.000717651607297
-0.000241984532723,0.00100800209943,-6.60339492906e-05,-0.000313372278422,-0.000482848304113,0.00040123967198,-0.000621507928586,-0.00158989047386,-0.000259999591445,-0.000573645248399,0.000484047786846,-0.000284842376179,-0.000339989622569,-0.000313409148412,0.000442437351131,-0.000264316182367,-0.000422366033439,0.000323423715836,0.000964312527234,-0.000345925300139,0.000871088237803,9.80756444396e-05,0.00028346607181,-0.00026343685446,0.00043149259425,-0.000512133758693,-0.000321227314957,-0.000539116860087,0.000273453411455,-0.000252346935634,-0.000802841642764,0.000216531750834,0.00028074463965,-0.000820462383557,0.000581756161121,-0.000301067039774,0.000569935594436,-0.000491925437402,0.000392379572577,0.000500951598595,0.000358175284759,0.000605635402306,0.00035757039365,0.000518868479189,0.000507545163751,0.00069165034539,-0.000525906581711,0.000153208111172,-0.000395784246645,0.00060043744427
-0.000251305735014,0.000968935719644,-0.000160489483624,-0.000391959078077,-0.000444687465005,0.000430470936303,-0.000388547165422,-0.00152815461625,-0.000312381788524,-0.000754348820624,0.000508535826968,-0.000297472622023,-0.000426605882826,-0.000218276458747,0.000344466796194,-0.000442721312687,-0.000484064764245,0.000386404902919,0.000990680730896,-0.00028143822656,-0.000321480874414,0.000110347032606,0.00021940346559,-0.000282191427576,0.000458106954925,-0.000532534327352,-0.000166643802116,-0.000650221725962,0.000281319765034,-0.000233007416637,-0.000906408115212,0.000394044548256,0.0003880689961,-0.000769427263784,0.000488506504238,-0.000256941276189,0.00055115345403,-0.000599122846803,0.00048568309537,0.000488884462002,0.000354743914149,0.000614699737333,0.000426010322705,0.000481589826611,0.000522781971355,0.000462577242619,-0.000666450186773,0.000115433749263,-0.000587765372302,0.000633239165422
-4.4843015777e-05,0.000792401471456,0.0001217090651,-0.000343296012318,0.000181799966624,0.000254426895741,-0.000415979379895,5.17256465237e-05,-0.000262120360093,4.58820494379e-05,0.000644813127179,-0.000210774314804,-0.000402203099773,0.000787257127214,0.000413312269021,8.78631606427e-06,-0.000231258829188,0.000290154551329,0.000892821525383,-0.000257040970095,0.000765055998282,0.000273192667219,0.000385556223095,-0.000295077687232,0.000182395138425,0.00104008064268,-0.000387352846304,-0.000365113275073,0.000112616088089,-0.000266300567963,-0.00136366479461,0.00029436886481,0.000357861799899,0.000988979966642,0.000674768376837,0.000423892720906,0.000353052073825,-0.000401190385036,0.000366318903208,0.00043318089168,0.000468223561603,0.000612608620447,0.000349338057535,0.000247101862737,0.000358498927605,0.000802485207325,-0.000213076256856,-5.63571800137e-05,-0.000337346722255,0.000641289386891
-0.000227707417498,0.00086327171912,-7.32623401126e-05,-0.000320902794167,-0.000441785415577,0.000386650951017,-0.000731794066286,-0.00165169573382,-0.000279764867195,-0.0006970369866,0.000597796686178,-0.000292940416025,-0.000344597222876,-0.00040827296571,0.000510581384477,-0.000486238149101,-0.00043032409954,0.000351916224893,0.000882783060876,-0.000272957638604,0.000838507298569,-4.30454699408e-05,0.000255750809969,-0.000239563050407,0.000361189429687,-0.000635836775118,-0.000335089502164,-0.000644524474391,0.000285243814342,-0.000270661978136,-0.000576854972428,0.000387605824065,0.000339849112341,-0.000631340585801,0.000605960343863,-0.000324854602982,0.000437207397111,-0.000367862439222,0.000498673733341,0.000588051040961,0.000305316026806,0.000452390455507,0.000419538550812,0.000500376720442,0.000416068696758,0.00060561478135,-0.000780971894089,0.000196480493891,-0.000374577801372,0.000776132653997
-0.000407066342026,0.000508707609149,-0.000400089576762,-0.00043737857272,-0.000819200818464,-0.00049192605377,-0.000683411368644,0.00012271037657,-0.000433505627376,-0.00103414545333,1.76136790373e-05,-0.000487147328808,-5.21462061656e-05,3.95253073795e-05,0.000690766593128,0.00286540050816,-0.000473457045715,0.000420625802246,-0.000458242136839,-0.000236588818655,0.00101565436782,0.00108624667271,0.000898631005815,-0.000548489398906,0.000403604174916,-0.00034071098541,-0.000709366557865,0.00125719565522,0.000350312030844,-0.000327887971923,-0.000940523718572,0.00048757108186,0.000340387977789,-0.000714157536333,-0.00158383537804,0.00105583379279,0.000341406518586,-0.000716980484348,-0.000505757414719,-0.00158669208176,0.000444007618434,0.000620312251246,0.00103522015168,0.000675207319745,0.00017392415116,0.000201171899928,-0.000944653466239,-0.0019873196226,-2.72350246946e-05,0.00107544710874
-0.000258789365521,0.00109156745895,-4.47305472629e-05,-0.000342345615949,-0.00042780280141,0.000315250937954,-0.000686885809979,-0.00229929700421,-0.000457115480002,-0.000987700459102,0.00065690718767,-0.000310314985476,-0.000536458008664,-0.000409458862563,0.000551397945449,-0.000338996982214,-0.000461024907511,0.000356041595247,0.000950267940374,-0.000404754520339,0.000961831328055,6.56424420595e-06,0.000346681855701,-0.00034723164168,0.000766444682028,-0.000546912188473,-0.000358802936147,-0.000740785821233,0.000271638853545,-0.000492397712085,-0.00207079323099,0.00043840621193,0.000299686209027,-0.000799587568248,0.000607871930468,-0.000395370491921,0.000555563679062,-0.000619906194092,0.000518302412009,0.000533481642205,0.00038464324366,0.00048234303537,0.000410877440782,0.000578079662812,0.000539134357908,0.000543896928751,-0.000530759773915,0.000159689670974,-0.000453211707343,0.000751066906175
-0.000253111332328,0.000914042946563,-7.14275036917e-05,-0.000377942765235,-0.000544484934146,0.000375077659625,-0.000561432401503,-0.00151097799872,-0.000352219001986,-0.000628277578017,0.000590927948203,-0.000278068501557,-0.000355475733707,-0.000349697668981,0.000369361274713,-0.000372007624786,-0.000400325126227,0.000359205731707,0.00105647144488,-0.000239747414077,0.00101656888707,0.000201049956206,0.000180183120257,-0.000254130109123,0.000339985757146,-0.00065866382605,-0.000374599884738,-0.000588980273762,0.000276042189751,-0.000268883105941,-0.000700299178954,0.000158783558335,0.000319274508621,-0.000844155310786,0.000328042316095,-0.000312139488502,0.000543376767913,-0.000513384867629,0.00045245347902,0.000529476528525,0.000277485396326,0.000530116666809,0.000386716625635,0.000378699440925,0.000257275383998,0.000519876299539,-0.000401175222163,0.000112714448868,-0.000349495187965,0.000802044651766
-0.000282753209848,0.000842799705836,-7.67951211043e-05,-0.000327123188079,-0.000339490720322,0.000303048846747,-0.00064419846478,-0.0014743396087,-0.000293187705028,-0.000694561300374,0.000501492673289,-0.000266039576583,-0.000368910936609,-0.000270394909193,0.000436459976407,-0.000512687862188,-0.000409301984442,0.000305197983507,0.00097048785287,-0.0002110407105,0.000826105218542,7.12002869588e-05,0.000324053247122,-0.000245289271583,0.000494240159177,-0.000664153010529,-0.000357270292376,-0.000546521764425,0.000266396271021,-0.000247553485512,-0.00100335865314,0.000318535225597,0.000310320594483,-0.000652375939278,0.000575978421048,-0.000200817893521,0.000614104306472,-0.000543350741154,0.000468588180662,0.000436269053751,0.000315947635772,0.000378397155456,0.000372786669985,0.000503074839693,0.000446278034742,0.00050344446255,-0.000596374175872,0.000135180367301,-0.000434914151001,0.000583574206434
-0.000266459330181,0.000874995642442,-6.12779620794e-05,-0.000324779203897,-0.000507595521491,0.000287590075049,-0.000618190073014,-0.00109460536352,-0.000263600423181,-0.000578013726535,0.000568011933556,-0.000268542001806,-0.000336893474375,-0.000362095828138,0.000381148734199,-0.000471949986494,-0.000325400765202,0.000301086424595,0.00108405469338,-0.000195489523013,0.000844458892845,0.000179346553974,0.000261125974447,-0.000292483890122,0.000486990903354,-0.000561141934091,-0.000334885067742,-0.000563252632673,0.000266177712519,-0.000249114998625,-0.0010583923133,0.000264510711793,0.000305269642347,-0.000612673092972,0.000686986992562,-0.000317884708939,0.000556107036486,-0.000534963151627,0.000488844170126,0.000496364520323,0.000273817137169,0.000601572626732,0.000337486852139,0.000435271284057,0.000399516924791,0.000512190964466,-0.000369291556374,0.000180140091167,-0.000333006567145,0.00058741337713
-0.000232859087963,0.00098542887275,-0.000185782975777,-0.000350705035806,-0.000414325017594,0.000284270717848,-0.000436360035463,-0.00155778610276,-0.000339914244032,-0.000616721789407,0.000523034805113,-0.000269012376008,-0.000400026990098,-0.000309764490033,0.000432221008268,-0.00032386859157,-0.000382039662903,0.000301807538269,0.00100258564424,-0.000222416161612,0.00082315301001,0.000149544746459,0.000166872926626,-0.000285589868432,0.00040617873864,-0.0004987156821,-0.000260193434956,-0.000571471700171,0.000267036270176,-0.000251558703464,-0.000989911755168,0.000422938283564,0.000323313762114,-0.000589115043495,0.000635156028134,-0.000309271855386,0.000552998776485,-0.000480689856781,0.000464240041952,0.000390508623466,0.000356889774936,0.000619973974608,0.000379326994076,0.000400959643026,0.000446136871264,0.000465610645531,-0.000436739175246,0.000130774672168,-0.000362304586103,0.000727355322574
-0.00022279297775,0.000637282017772,-5.38727223515e-05,-0.00032588415115,-0.000473367952364,8.29632151932e-05,-0.000462112241668,-0.00114616703078,-0.000323873785038,-0.000655703634852,0.000614388651717,-0.000278187640086,-0.000320008251124,-0.000284553508941,0.000410496807121,-0.000413828955718,-0.000231799483363,0.000221035416195,0.00110195185306,-0.000220623767084,0.000732444151094,0.000219723825271,0.000339545279807,-0.000317002572955,0.000338489585366,-0.000397299100958,-0.000431203613197,-0.0005322802427,0.000271988817241,-0.00020669200612,-0.00110121052727,0.00023663350046,0.000232907236462,-0.000436366471332,0.000531256701429,-0.000293297674137,0.000456464176703,-0.000555698749819,0.000359876258702,0.000382262269966,0.000255716713481,0.000384425458445,0.000198215376219,0.000384846014305,0.000405122236565,0.000398845334537,-0.000382025110205,9.36179315709e-05,-0.000410774924469,0.000661199416632
-0.000265062981194,0.000846903336278,-0.00013660555088,-0.000313388378701,-0.000407167394563,0.000248707798869,-0.000511042098831,-0.00143260486151,-0.000304697537995,-0.000662669480035,0.000427218211735,-0.0002064742916,-0.000406631417014,-0.000284674112626,0.000469615255288,-0.00042755344229,-0.000287638755513,0.000311850726543,0.000960587745198,-0.000192828815973,0.000871811757305,0.000120221742886,0.000219641273007,-0.000298262613773,0.000470618310561,-0.000605618008793,-0.000433153362976,-0.000515909082986,0.000262425787189,-0.000252338378664,-0.00111867448415,0.000405117023579,0.000335007712139,-0.000591439109799,0.000552483549585,-0.000392741517343,0.000470716364534,-0.000373662789229,0.000507214275927,0.000441923229857,0.000272051419856,0.000494713848988,0.000122758032167,0.000403245123146,0.000441844355683,0.000657739938314,-0.000540287985027,0.000149832920964,-0.000381178049515,0.000612396083664
-0.000239003380829,0.000915260045054,-0.000103484389277,-0.00029866477081,-0.000547417485059,0.00020974061731,-0.000613911556824,-0.00141995080011,-0.000334692908378,-0.00085893206314,0.000525571887118,-0.000289749561665,-0.00039868472156,-0.000223689281313,0.000476595656029,-0.000482745618775,-0.000397185861788,0.000325541235836,0.00108199738113,-0.000344964123614,0.000715462838029,6.73184639778e-05,0.000223303143517,-0.000285663050965,0.000479511446375,-0.00046684088311,-0.000302495667021,-0.000548722262355,0.00026836150854,-0.00023954808866,-0.00112988237649,0.000357017157794,0.000298381164745,-0.000642334936653,0.000563108156919,-0.000322800692726,0.000439588862415,-0.000359408268207,0.000409007556089,0.000414576655816,0.000288111762355,0.000518928693423,0.000236021429982,0.000385066000778,0.000472831742191,0.000536471929464,-0.000503171376884,0.000138693925794,-0.000385060933209,0.000651621102819
-0.000241615187734,0.000912331476334,-8.27663551743e-05,-0.000368000473263,-0.000430888051321,0.00033821109578,-0.000629178356991,-0.00150199674722,-0.000266250507072,-0.000762947775331,0.000526320064613,-0.000269985263119,-0.000384106936771,-0.000291558200047,0.000503325537514,0.000189757146303,0.000129234065955,0.000314106939657,0.000872368752902,-0.000302606408579,0.000913082269764,0.000157667265153,0.000215629725159,-0.000273166925857,0.000483478369943,-0.000563916720146,-0.000437058504704,-0.00064420198241,0.000268474417308,-0.000266539733961,-0.00113707493794,0.00046951720264,0.000322724450679,-0.000503192678969,0.000487372876683,-0.0002983709063,0.000508505965931,-0.000630151688237,0.000489596930925,0.00040182748153,0.000270310008796,0.000375860032577,0.00033888692831,0.000488081012228,0.000563867601012,0.000522382949568,-0.000372973408292,0.000222230300304,-0.000211300940179,0.000602021724534
-0.000193822043092,0.00106397204851,-0.000151787736623,-0.000248394748306,-0.000423952902467,0.000413814835423,-0.000442262778397,-0.00152935039345,-0.000337220095583,-0.000840340241302,0.000633132449949,-0.000453495986537,8.36856225237e-05,-0.000396156835901,0.000257133498062,-9.43325565434e-05,-0.000284041251891,0.00037341478767,0.00107731799084,-0.000364334834293,0.00102914369494,9.8361593931e-06,0.000341764757578,-0.00030590561174,0.000582361832989,-0.000841910108009,-0.000344795169382,-0.000671058085688,0.000254066904183,-0.000267579992333,-0.00110085308516,0.00042541741196,0.000267697756607,-0.000638240935514,0.000530813866933,-0.000110448094163,0.000369569717746,-0.000634861050628,0.000254327100248,0.000416257412529,0.000130833525086,0.000483898364405,0.000398118567543,0.000521427391223,0.000563477853504,0.000422880476758,-0.000787024070397,5.85891889279e-05,-0.000323693122684,0.000743399441847
-0.000181676804146,0.00227533111864,-0.000255652554884,-0.00035130622915,-0.000195451280414,0.000535785660441,-0.00139689240248,-0.00367480403591,0.000286738735601,-0.00130035566043,0.000542861665441,-0.000323356447356,-0.000635207262851,-0.000333490314164,0.000831171945455,-0.000739829380127,-0.000870939285637,0.000508562252793,-0.000452599693324,-0.000364718687902,0.00135779958432,-0.0013417252366,0.000273249917332,-0.000389061905144,-0.000407749236579,-0.00138581951208,0.000253002832933,-0.00135576371166,0.000304187127423,-0.000289464948747,0.00153082305274,0.000615306902125,-4.68797019172e-05,-0.00171439574395,0.000682340231975,-0.000235717739845,0.000819406459758,-0.000810309393949,-0.000346347574549,0.00115209813919,0.000359668762079,0.000185435736946,0.000534192268269,0.000814574410465,0.000330642261616,0.000606899288848,-0.00121517094697,-0.000217763516494,-7.09372815927e-05,0.0011509287986
-0.000243642102474,0.00132408935705,-6.1025055207e-05,-0.00042173834514,-0.000501807113275,0.00027303461578,-0.000643733522524,-0.00175303643006,2.75842769323e-05,-0.00108834376607,0.000682065499339,-0.000186910666647,-0.000389259699763,-0.000166257444955,0.000661448470182,-0.000316093910301,-0.000667309954033,0.000406410636943,0.000723220760218,-0.000251266402417,0.00135503309623,-0.000320957932715,0.000324202689173,-0.000447752164245,0.000282094425273,-0.000964049825933,-0.000521894532574,-0.000602559223659,0.000306351966772,-0.000256769166796,0.000341379893433,0.000622463020394,0.000311721739293,-0.00110917181656,0.00103259225658,-0.00026211757142,0.000389987416454,-0.00070351278706,0.000483670106538,0.000613082499464,0.000356415137645,-0.000147938964403,0.000383807694441,0.000639388528511,0.000584905361767,0.000777872857124,-0.000673299008785,0.000240717718334,-0.000564165672376,0.00081122060328
-0.000253665682011,0.000736718567033,-5.99381571446e-05,-0.000287662712611,-0.000402300700438,0.000178556097253,-0.000673555837548,-0.00160677922739,-0.000423144925832,-0.000791985342244,0.000497456504955,-0.00032246809244,-0.000453543814389,-0.000336307187321,0.000391938238208,-0.000236556768766,-0.000317078240977,0.000267208286794,0.00030466911238,-0.000170683249178,0.00093508286174,8.17651656155e-05,0.000261729491127,-0.000288779832375,0.000716677870386,-0.000453875465507,-0.000493132542102,-0.000526662999546,0.00026321984612,-0.00031942906897,-0.00179609114281,0.000388899330521,0.000385059737324,-0.000654767175754,0.000669350482726,-0.000393948697957,0.000647900999328,-0.000532627526105,0.00055770580744,0.000466951537772,0.000361050958678,0.000455926537357,0.000412672131759,0.000572023476744,0.00054121184795,0.000543850121777,-0.000358177334925,0.00019123824885,-0.000390402994032,0.000520165548892
-0.00027487235983,0.00079863386263,-3.92305624229e-05,-0.000289116820929,-0.000411455202418,0.000370867234654,-0.000648544110147,-0.00152376812878,-0.000383699785433,-0.000744293490109,0.000644522957282,-0.000273970682342,-0.000405267840231,-0.000262726873136,0.000412062801627,-0.00026164158004,-0.000370292514487,0.000277348844772,0.000356717008932,-0.000309397023897,0.000930107962547,0.000174743626543,0.000191244079916,-0.000315318766981,0.000737524054702,-0.000395942972284,-0.000481095503916,-0.000500610599945,0.000263328655593,-0.000344490119897,-0.00173845537788,0.000393957678447,0.000403509060618,-0.000675671851211,0.000638084306453,-0.000391792526765,0.000620396949599,-0.000523701735808,0.000556587093886,0.000419581608866,0.000380825806911,0.000494561698537,0.000373693115428,0.000513414527341,0.000584957156307,0.000453883107722,-0.000512643255469,0.000175960163489,-0.000486535429211,0.000597432699434
0.00179219674077,-0.0627384292134,-0.0127335485539,0.00788358800225,-0.00874460786665,-0.0212137965614,0.0156452011538,-0.00750247871698,-0.00848897879038,-0.00878312569814,-0.0301219643032,0.00329860553517,0.0189646678309,-0.00927401249821,0.00491941040966,-0.0172557316154,0.0276220616901,0.00456281741657,0.00706993775005,0.0260519177216,-0.0526012214956,0.0107029593279,0.00759399959097,0.00379266411178,0.00489800118936,0.00712887855587,0.00462859566093,-0.00396924446163,-0.000540745017171,0.001526049954,0.0628080760814,0.0224752419553,0.00201590248689,0.0540358818024,0.00598954182337,-0.0032469647617,-0.0311562974952,0.00148341739049,-0.00341272218291,-0.017389263276,0.000119453670057,0.0119800113212,-0.0166129896703,-0.000833691492755,-0.069137329514,-0.0967626336341,0.000241127531666,0.000989015804034,0.00903569060417,-0.0275345343541
-2.36815898389e-05,0.00169414589337,-0.000114349142849,-0.000364076532196,-2.53275516637e-05,0.000300166747855,-0.0011702154425,-0.000771272252636,-0.000506801324741,-0.00135659134345,0.000346891839177,-3.58097056715e-05,-0.0004279412277,-0.000566811424717,0.000271608510139,-0.00103297419566,-0.000496019260726,0.000379489246556,0.000503444877053,-0.000407244072468,0.00110507772061,-0.000144779528279,0.00034205854361,-0.00030166017585,0.000597707209055,-0.000120866308489,-0.000319229888087,-0.000258911265149,0.000275159511721,-0.000215438172553,-0.000813788421066,0.000484568632163,0.000330756896447,-0.000773374486396,-0.00292432100999,-0.000309235424249,0.000853684674125,-0.000498426799573,0.000439114805362,0.000616863894119,0.000746270523029,0.000466670984482,0.00035333274624,0.000645206142058,0.000406477323882,0.000649219910018,-0.000757864330592,0.000451371035656,-0.000169290168559,0.000564151343022
-0.000268592364299,0.000816220264698,-2.30440789786e-05,-0.000372971126728,-0.00044657788328,0.000296715780702,-0.000423080429571,-0.00131997101102,-0.000298921605323,-0.000572263071493,0.000576511277125,-0.000300636948475,-0.000317239841918,-0.000279894146347,0.000358426779837,-0.000475047212433,-0.000423817016082,0.000323594279323,0.000972406130918,-0.00026315666311,0.000933183722032,0.000260394357598,0.000177683106656,-0.000248162736502,0.00043422493517,-0.000461529271434,-0.000405225272586,-0.000406208275915,0.000270869270523,-0.000253835407688,-0.00114338120436,0.000285636586057,0.000338820675427,-0.000674291831104,0.000550111921516,-0.000138535941124,0.000464231210182,-0.000447428101076,0.00047570126487,0.000402006015429,0.00026034513915,0.00059109166026,0.00024548998709,0.000396288610448,0.000418213236066,0.000507773752984,-0.000542122742434,0.000205455000033,-0.000455336619347,0.000680255187487
-0.000263982605568,0.000831827883715,-4.20061634376e-05,-0.000367643448228,-0.000458232888909,0.000301821543467,-0.000433996353298,-0.00131631428974,-0.000315297050656,-0.000554497310648,0.000562038107124,-0.000293323414104,-0.00031798051606,-0.000285362463473,0.000354319161695,-0.000470341649712,-0.000424228662976,0.000322227258805,0.000992913412343,-0.000265194487977,0.000973496820563,0.000245912382902,0.000176471137086,-0.000253703705849,0.000433002721437,-0.000488268994699,-0.000383728471841,-0.000399963599708,0.000270278902494,-0.00025650013725,-0.00109855795293,0.000302057289592,0.000334454522521,-0.00068095487379,0.000558153108211,-0.00013853199813,0.000477049660529,-0.000446743149975,0.000482091910083,0.000409539571616,0.000274452964109,0.000599065317447,0.000247459178792,0.000390782004267,0.000413134258467,0.000532762059781,-0.000542556795044,0.000198281170099,-0.000453462928021,0.000671113464192
-0.000271395474931,0.00110957390513,-0.000109445536081,-0.000311889181639,-0.00033956085151,0.000186388505757,-0.000685011595459,-0.00178690006321,-0.000373076902718,-0.000696229714257,0.00056428945275,-0.000291909635363,-0.000301847644735,-0.00034297388819,0.000396838638431,-0.000430236574413,-0.000427093060643,0.000319713101566,-0.000201950703719,-0.000295772190143,0.000836809217434,5.94800099734e-06,0.000206511227632,-0.000348592189959,0.000364467990053,-0.000505860951172,-0.000223461163051,-0.000578579452009,0.000265345753087,-0.000341264119301,-0.00182683106911,0.000331650166438,0.000259611728013,-0.000754717147045,0.000628608839795,-0.000298492677811,0.000338945110856,-0.000483249848105,0.000340351855052,0.00044441818915,0.000310148804876,0.00032246377934,0.000373582552732,0.000405092798761,0.000246063312063,0.000498428184408,-0.000377622546697,0.000118924978861,-0.000390372958197,0.000701522256754
-0.000230367049883,0.000838036615792,-9.47896564288e-05,-0.000351966047511,-0.000565852083206,0.000342864929527,-0.0005198633463,-0.00152132098239,-0.000370345815757,-0.000563544266407,0.000530876114108,-0.000239202117113,-0.000290223005113,-0.000413653020674,0.000357258546107,-0.000378546298139,-0.000454315727139,0.000298613854819,0.000756862070963,-0.000259566731272,0.000814830979772,0.000152211924582,0.000223639894728,-0.00026182727711,0.00050252942927,-0.000634518066536,-0.000160743230593,-0.000640708074916,0.000273115626149,-0.00025883027962,-0.00131990687985,0.00033127332437,0.000331092003552,-0.000600415227087,0.000664790518241,-0.000261486408671,0.000537278377228,-0.000435864309548,0.000416608987087,0.000406720380931,0.000265914141487,0.000630802032362,0.000274127357776,0.000519250565352,0.000437724675805,0.000458335680405,-0.000438675555516,7.07771281185e-05,-0.000417585198502,0.000602217508286
-0.000276146543068,0.000943372306056,-0.000102366904806,-0.00034093876747,-0.000365507669313,0.000319048178913,-0.000571079219316,-0.00143727679336,-0.00033408022876,-0.000653271148321,0.000554832401085,-0.000263137931734,-0.000394753610147,-0.000331731497018,0.000476772956478,-0.000391718974177,-0.00037910087149,0.000318059330806,0.000818989331868,-0.00027969650528,0.000811070294633,-9.71559133618e-05,0.000216940898069,-0.000322465873593,0.00047876458409,-0.000396753522909,-0.000327457015595,-0.000552754793029,0.000267614920252,-0.000241248983679,-0.00107299392788,0.000429696466828,0.000320712045144,-0.000649516711678,0.00052364368689,-0.000339332744246,0.000612955020939,-0.00043150714515,0.000508862135651,0.000541985943701,0.000345769497774,0.000422842894531,0.00033693452037,0.000516254527462,0.000450715895429,0.000422894257749,-0.000554934968637,0.000193674389279,-0.000389416054278,0.000635331367111
-0.000272375053272,0.00107169241147,-0.000197060624207,-0.000366875056283,-0.000406187540242,0.000404450864516,-0.00064159728583,-0.00154339139657,-0.00037115515212,-0.000715672451757,0.00049036696702,-0.000205912071418,-0.000331667385113,-0.000323124009802,0.000537586555253,-0.000455120827949,-0.000407217171602,0.000317872663678,0.00101029034674,-0.000303436541378,0.000884152395345,0.000148306951901,0.000215198645482,-0.000313872101176,0.000428466058004,-0.000607355715578,-0.000352237764459,-0.000677702288578,0.000270775466925,-0.000241756678428,-0.000641345010531,-4.12899958695e-05,0.000289854642698,-0.000734944162364,0.000732105806453,-0.000331425291359,0.000555043050868,-0.000525605450144,0.000488257006993,0.000367571971186,0.000329622539,0.000472152834964,0.000332507201446,0.000537220019864,0.00031342801801,0.000575898758188,-0.000696014862662,0.000186452288095,-0.0004572316493,0.000710495369413
-0.000258789365521,0.00109156745895,-4.47305472629e-05,-0.000342345615949,-0.00042780280141,0.000315250937954,-0.000686885809979,-0.00229929700421,-0.000457115480002,-0.000987700459102,0.00065690718767,-0.000310314985476,-0.000536458008664,-0.000409458862563,0.000551397945449,-0.000338996982214,-0.000461024907511,0.000356041595247,0.000950267940374,-0.000404754520339,0.000961831328055,6.56424420595e-06,0.000346681855701,-0.00034723164168,0.000766444682028,-0.000546912188473,-0.000358802936147,-0.000740785821233,0.000271638853545,-0.000492397712085,-0.00207079323099,0.00043840621193,0.000299686209027,-0.000799587568248,0.000607871930468,-0.000395370491921,0.000555563679062,-0.000619906194092,0.000518302412009,0.000533481642205,0.00038464324366,0.00048234303537,0.000410877440782,0.000578079662812,0.000539134357908,0.000543896928751,-0.000530759773915,0.000159689670974,-0.000453211707343,0.000751066906175
-0.000220763121613,0.00131177186344,-0.000211333277599,-0.000391620778924,-0.000540504717648,0.000441763880443,-0.000752134374614,-0.00120436942696,-0.000178697639452,-0.00058237802499,0.000442656649533,-0.000255010179164,-0.000317729977749,-0.000333879804907,0.000537863103536,-0.00052825978827,-0.000630948592586,0.000372384398361,0.000950329901015,-0.000207686206,0.00113648922749,-0.000175022720085,0.000198047284148,-0.000313154509875,0.000225208751612,-0.000802325044888,-0.000306480316664,-0.000736090019732,0.000273317711157,-0.000296316246579,-4.08042251338e-06,0.000180201891079,0.000328847358074,-0.00107596502492,0.000907504545477,-0.00021199196697,0.000541341494496,-0.000470164919843,0.000497952618522,0.00061347495216,0.000304473958405,0.000786874990111,0.000326206235947,0.000423544389578,0.000379948734329,0.000855875784013,-0.00066359982516,0.000188325853958,-0.00041441898584,0.000754254556292
-0.000568561480016,0.000763166180127,-0.000372056528042,-0.000282005389871,0.00686100026607,-0.000408376151602,-0.000559377227819,0.00111477378373,-0.000467802697241,0.000180603556435,0.00110617635961,-0.000171242232619,-0.000416059966122,-0.00034930052164,0.000640780017918,0.00038572296591,-0.000352146459791,0.000518171944791,0.000489110257597,-0.000632912209869,0.00157028548826,0.000195477838815,0.000539002227025,-0.000456822515319,0.000426281706265,0.000725609994335,-0.000474863212775,-0.000349292181005,0.000316999374387,-0.000387365850086,-0.000501103145533,-0.00962574086866,0.000209729166907,-0.00121175448553,-0.000108784050763,-0.000200235641935,0.0007513097054,-0.000644984625367,0.000687172203487,0.000392353605042,0.0006724277589,0.00172605405323,0.000711493142956,0.000555687812198,0.000341000656866,0.000947140423631,-0.000127297116329,0.000411153029233,-9.06512487374e-05,0.000991495134798
-0.000236576040658,0.00148415510635,-0.000160696535014,-0.000360451926417,-0.000665064065124,0.000336591652672,-0.000689343987944,-0.000814986088037,-0.000145746076581,-0.000575446950702,0.000616458856206,-0.000283807287864,-0.000359965419906,-0.000304719058093,0.000405662721475,-0.00045700033097,-0.000671256774359,0.000423026444204,0.000881964546018,-0.000235130933462,0.00137955416327,-1.96875378972e-05,0.000282874386501,-0.000341350106767,0.000520102388892,-0.000756075384785,-0.000503207420773,-0.000618050628983,0.000292251480042,-0.000374521574163,0.000196674755473,0.000385721994442,0.000415233703191,-0.00120240283448,0.000982695054049,-0.000315348687555,0.000742407464381,-0.00064986508803,0.000506399406401,0.000762176291816,0.000350505917806,0.000906992915038,0.000422072190108,0.000478988799911,0.000460732698602,0.000668166290919,-0.000754376391112,0.000196486067948,-0.000389628042301,0.000789308791277
-0.000258789365521,0.00109156745895,-4.47305472629e-05,-0.000342345615949,-0.00042780280141,0.000315250937954,-0.000686885809979,-0.00229929700421,-0.000457115480002,-0.000987700459102,0.00065690718767,-0.000310314985476,-0.000536458008664,-0.000409458862563,0.000551397945449,-0.000338996982214,-0.000461024907511,0.000356041595247,0.000950267940374,-0.000404754520339,0.000961831328055,6.56424420595e-06,0.000346681855701,-0.00034723164168,0.000766444682028,-0.000546912188473,-0.000358802936147,-0.000740785821233,0.000271638853545,-0.000492397712085,-0.00207079323099,0.00043840621193,0.000299686209027,-0.000799587568248,0.000607871930468,-0.000395370491921,0.000555563679062,-0.000619906194092,0.000518302412009,0.000533481642205,0.00038464324366,0.00048234303537,0.000410877440782,0.000578079662812,0.000539134357908,0.000543896928751,-0.000530759773915,0.000159689670974,-0.000453211707343,0.000751066906175
-0.000258619486479,0.000842683909382,-7.83219114104e-05,-0.000370086243685,-0.000403728890363,0.000396888397462,-0.000568411696505,-0.00138074133528,-0.000326213190621,-0.000630299725259,0.000498165262689,-0.000300945372284,-0.000332868541089,-0.000339489044554,0.000391482346518,-0.000320496146876,-0.000447253932827,0.000320071051506,0.00094939156177,-0.000236100416529,0.00077079061352,0.00024758709423,0.000240166095845,-0.000281059634209,0.000503028587906,-0.000493010144282,-0.000373079979768,-0.000487116676783,0.000266384166638,-0.000248900834293,-0.00109409506624,0.000319071886851,0.000320776838285,-0.00081307678315,0.000597529092279,-0.000304370996899,0.000616572737025,-0.000356794499642,0.000442984488794,0.000397916091815,0.000325276326368,0.00040035201124,0.00028790033884,0.00045481675926,0.000432430855489,0.000415745492032,-0.000426097565567,0.000176332057172,-0.00038039376058,0.000651173864956
-0.000227459549415,0.000878598032675,-7.82254513902e-05,-0.000362524894332,-0.000499346517478,0.000317077745013,-0.00069418894244,-0.00151847867343,-0.000306128181512,-0.000677787206872,0.000633767751207,-0.000257784711483,-0.000440557102602,-0.000285182755568,0.000457679982779,-0.000284315679215,-0.000436806127665,0.000309112385582,0.000952913908417,-0.000264631802225,0.000978256026485,1.51514590001e-05,0.000214550631799,-0.000298344197277,0.000359490459937,-0.000695545717277,-0.00030846285379,-0.00060077989532,0.000278048214395,-0.000261149234865,-0.000570766205743,0.000288005428178,0.000275734384894,-0.000872311358367,0.00061128233268,-0.000205348335662,0.000602088289044,-0.000622390307427,0.000373167172738,0.000562927835038,0.000358279578634,0.000551277306843,0.000371843310601,0.000463140080725,0.000511553342082,0.000492789285637,-0.000626021812535,0.000158425622269,-0.000443418774131,0.000828241411541
-0.000196187415934,0.0016222217586,-0.000124271278065,-0.000396027022668,-0.000712284092637,0.000340985612645,-0.000622022969359,-0.00235661250578,-0.000221652974629,-0.000868348066765,0.000534937020665,-0.000243343588084,-0.000283573815343,-0.000363165960904,0.000558373792301,-0.000643345101768,-0.000499619703366,0.00033320820687,0.000897298797938,-0.000311998706609,0.00130929477013,-0.000186870291533,5.08044456005e-05,-0.000410013114427,-6.63604152861e-05,-0.00124535672253,-0.000193248276252,-0.000975611874744,0.000284888740535,-0.000185960205005,0.001265041993,0.000344620227671,0.000252223853503,-0.00149824136305,0.000981191932375,-0.000183784342742,0.000301385392379,-0.000459329791693,0.000511648968288,0.000819248394722,0.000438401239814,0.000512103442031,0.000285074404855,0.000461764129019,0.000308758980409,0.000687381573153,-0.000712368833039,9.79070480606e-05,-0.000456872630445,0.0009993775448
-0.00021403656786,0.000950782423535,-8.36096783423e-05,-0.000343235885061,-0.000416507929289,0.000319937674352,-0.000429315568494,-0.00148281530366,-0.000269888019727,-0.000706308587792,0.000529019348985,-0.000313367192451,-0.000337173523678,-0.000320472215807,0.0004442826928,-0.000321879376523,-0.000343416684622,0.00031393973055,0.000988729853165,-0.000184794550101,0.000717689658626,7.42040024867e-05,0.000221230651767,-0.000254426634075,0.000280476152466,-0.000494395218303,-0.000257601682909,-0.000651495657662,0.000261496084259,-0.000263334716057,-0.00102404111792,0.000302333268485,0.000339374668023,-0.000688028116911,0.000642018359648,-0.000227062442863,0.000520063503089,-0.000534931254503,0.000412613178191,0.000407341119726,0.00022567504687,0.000279908136534,0.000274225108893,0.000377114316178,0.000400623469794,0.000522237208963,-0.000502945042697,0.000165473001606,-0.000432702152475,0.000600047156893
-0.00752475910287,-0.0539793749862,0.00545190292325,0.00851551797375,-0.0201786095053,0.0192574759575,-0.00612598607734,0.106518248178,0.00587888307574,-0.00177444773828,0.0194390223404,-0.00909861524229,0.00224618532791,0.000523637387361,0.0175533750486,0.160004815065,0.00390048945528,0.00563129512551,-0.0104928941135,-0.00208033203738,-0.00622382810621,0.0150033772128,0.00823152431163,0.00496561609018,-0.00372937168655,0.0109831366622,-0.0183285716975,0.000511434415459,0.00299551319446,0.000819702859689,0.0124697663826,0.00430618967421,0.00150429618449,-0.00428298853046,-0.053984820488,-0.0072941537855,-0.0318908981292,0.0100429302975,-0.0395757494827,-0.0531999646965,0.0162031739951,-0.0703229097583,-0.0131635139098,0.00752082707628,-0.00585810089037,-0.0355846051035,0.00209190130484,-0.00277203105656,-0.0118262819781,0.0104988581756
-0.00024243293375,0.000849899241454,-4.07722890942e-05,-0.000317810905988,-0.000528957483631,0.00022847986631,-0.000453584598909,-0.00147335295964,-0.000367240789069,-0.000599597303675,0.000466627926554,-0.000271714161096,-0.000374955738221,-0.00027889531789,0.000332322128374,-0.000406068964185,-0.000427382158426,0.000278607347931,0.0010722413482,-0.000362528230511,0.00090156387844,0.000107717415213,0.000268539578966,-0.000256506103462,0.000396322191737,-0.000595299821683,-0.000337472638479,-0.000616597238601,0.000256406022781,-0.000251396851677,-0.00105428119681,0.00022019382399,0.000365527276977,-0.000733567044681,0.000510144167041,-0.00032304694345,0.00046512353422,-0.000453023737385,0.000502235094548,0.000425729824463,0.000255991728054,0.000494080815805,0.000321745012739,0.000378653370585,0.000467488610484,0.000520280384569,-0.00040351362961,0.000191372363354,-0.000427453503944,0.000699948422136
-0.000371849042906,-0.0058673990997,-9.16335189594e-05,0.000110420183994,0.00222236557501,-0.00225599659493,-0.000273162885306,0.00192051411692,-0.00141904151303,0.000798426450994,0.000529260425388,0.000149873566439,-0.000489309954954,-0.00107724233713,0.000391544748162,0.00324371305206,0.000906476519094,-0.000755475910846,0.00217923534474,-0.000680700092435,-0.00660860825228,0.00175274670404,-0.000787577850868,-0.000316474193424,-0.00190001858963,0.00232360295902,0.00169833217738,0.00173085295035,2.99656889058e-05,-0.00021898274498,0.00157344070094,-0.000331909097044,-0.000146142038182,0.00620604927437,-0.00203527428659,-0.00131894063617,-0.000462722908788,0.000169283017647,-0.000668731791632,-0.00898522254853,-0.00127210220774,-0.00398474059791,-0.00015629589662,0.000521527260953,0.00102659008438,-0.00178137371071,-0.000210345860783,-0.000568018724159,-0.000424684319666,-0.0045719291445
-0.000208509501883,0.000881699445699,9.57167936497e-06,-0.000358319929527,-0.000539339447213,0.000398619076375,-0.000665995993645,-0.00138150593769,-0.000358994951237,-0.000610821202635,0.000598191825769,-0.000292485053405,-0.000330338377344,-0.000316953945206,0.000460142272567,-0.000430122141284,-0.000338220628601,0.000325582471389,0.000958760344988,-0.000281192248039,0.00087890704217,8.35872052232e-05,0.00021616300176,-0.000275732096923,0.000443332658685,-0.00065903004167,-0.000344195308368,-0.000591169373497,0.000274472293626,-0.000245300895747,-0.000724836504938,0.000291097594778,0.000326278449246,-0.000783084264571,0.000772053951702,-0.000252675622788,0.000612988758187,-0.00069985119194,0.000422794441256,0.000645125015578,0.000192126269102,0.000534806500195,0.000380944974725,0.000512624312757,0.000538271214231,0.000522401122959,-0.000548395035209,0.000140021905252,-0.000431377627743,0.000757461537839
-0.000219212477046,0.00100679186019,-4.21315659194e-05,-0.000320158295213,-0.000391195472102,0.000298253851144,-0.000655145827963,-0.00171464058276,-0.000213843297173,-0.000947255736563,0.000556516413412,-0.000310930582055,-0.000381582524405,-0.000308981831782,0.000522366190455,-0.000359085150984,-0.000502107430002,0.000329845648016,0.000790458729539,-0.000292813567452,0.00099957920073,-0.000168018562974,0.00024606894974,-0.000278749057196,0.000324131288823,-0.000677436569472,-0.00020521409571,-0.000655482507992,0.000270427851315,-0.000242676271829,-0.000909664003627,0.000362907064013,0.00024444624894,-0.000621916971002,0.000665326096801,-0.00032814982409,0.000488895994031,-0.000521518350396,0.00050269946306,0.000557931995405,0.00031262061299,0.000307502906946,0.000269405937655,0.000483423999678,0.000517637845323,0.000483643162498,-0.000569819345981,0.000206633328201,-0.000436017619126,0.000737301165194
-0.000204442155788,0.000946976162456,-0.000140145586614,-0.000340265649773,-0.000686103137216,0.000319557891008,-0.000640687516551,-0.0014195128928,-0.000313804751803,-0.000632791425355,0.000458669094885,-0.000290020531654,-0.000361394489256,-0.000308942430824,0.000317280064672,-0.000543403284284,-0.000406833717794,0.000305839629643,0.000937456249315,-0.00030453971311,0.000788823111333,3.86747835978e-05,0.000291617658839,-0.000270134948503,0.000166676735998,-0.000671524021149,-0.000329532439556,-0.000676738084606,0.000274791440474,-0.000253602885267,-0.00091645116434,0.00019447743693,0.000302887553036,-0.000725654985659,0.000525804024078,-0.00025198641081,0.000410915587117,-0.000484719106398,0.000424904157408,0.000461138226357,0.000342244239939,0.00035886785431,0.000351924956242,0.000562266423028,0.000370565657378,0.00044510688138,-0.0005520695742,0.00011237998029,-0.000528357003534,0.00047322128949
-0.000258789365521,0.00109156745895,-4.47305472629e-05,-0.000342345615949,-0.00042780280141,0.000315250937954,-0.000686885809979,-0.00229929700421,-0.000457115480002,-0.000987700459102,0.00065690718767,-0.000310314985476,-0.000536458008664,-0.000409458862563,0.000551397945449,-0.000338996982214,-0.000461024907511,0.000356041595247,0.000950267940374,-0.000404754520339,0.000961831328055,6.56424420595e-06,0.000346681855701,-0.00034723164168,0.000766444682028,-0.000546912188473,-0.000358802936147,-0.000740785821233,0.000271638853545,-0.000492397712085,-0.00207079323099,0.00043840621193,0.000299686209027,-0.000799587568248,0.000607871930468,-0.000395370491921,0.000555563679062,-0.000619906194092,0.000518302412009,0.000533481642205,0.00038464324366,0.00048234303537,0.000410877440782,0.000578079662812,0.000539134357908,0.000543896928751,-0.000530759773915,0.000159689670974,-0.000453211707343,0.000751066906175
-0.000238499775513,0.000910506126361,0.000124101339861,-0.000382099544474,-0.000595638450182,0.000253882731469,-0.000784521278434,-0.00102285210247,-0.000392406098576,-0.000415254735825,0.000484694288304,-0.000360931830917,-0.000509261121906,-0.000333350397863,0.000454956552311,-8.90946394522e-05,-0.000348722785534,0.000380868944377,0.00105340681647,-0.000285372991271,0.00042876004352,0.000166762402664,0.000378780824695,-0.00019426675538,0.000414653385903,-0.000547565021654,-0.000447963138139,-0.000565388281438,0.000238689067753,-0.000239364288016,-0.000675359372599,-0.000196762783767,0.0003101682268,-0.000846149348086,0.000638678664932,-0.000390686656594,0.000513976662591,-0.000500943818788,0.000551163283623,0.000469623460678,0.000321565975927,0.000759299010028,0.000474534793218,0.000434996441741,0.000647078931305,0.000667466278188,-0.000708433311182,-0.000468920044177,-0.000262152816527,0.00119899900508
-0.000218919132816,0.000818432383872,-8.2242182101e-05,-0.000372257249404,-0.000450233676593,0.000487067074148,-0.000349567082281,-0.00162124910664,-0.00034411495117,-0.000666812400706,0.000457972692829,-0.000289072472778,-0.000381632874732,-0.000328546972454,0.000488250787539,-0.000333212151891,-0.000368569733244,0.00036388388673,0.00108824053114,-0.000269151989854,0.000930833023879,0.000173012432484,0.000257247820227,-0.000271579589712,0.000421456472034,-0.000541549506369,-0.000297217718686,-0.000517437821728,0.000255613119037,-0.000251739837734,-0.000872136524861,0.00042795093106,0.000322056658873,-0.000663943129974,0.000701232596292,-0.000297020648258,0.000586353084007,-0.000575986170682,0.000465332410269,0.000441520811963,0.000275182810303,0.000440028004113,0.000294750728285,0.00046927170538,0.000422667878288,0.000586506422574,-0.000597998055351,7.19016157898e-05,-0.00046315381471,0.00074096533274
-0.000242666151383,0.000658411716182,-0.000283180806376,-0.000323315573331,-0.000512937447185,0.000234940403354,-0.000435767051663,-0.00132712977904,-0.000337505043018,-0.000742046963179,0.000234711578482,-0.000282922784332,-0.000321471507415,-0.000358024454896,0.000366611829137,-0.000429552062595,-0.000442828399928,0.000288680864652,0.00102645085432,-0.000370314459848,0.000879643111599,0.000236047591805,0.000208226713569,-0.000294757614089,0.000466707658523,-0.000391495969769,-0.000335055650419,-0.000462150752704,0.000272435189569,-0.000239484236199,-0.00120215507483,0.00032925562156,0.000266377202586,-0.000686566673477,0.00052295222096,-0.000282588489637,0.00048357716159,-0.000356174841202,0.000461026989913,0.000497068007207,0.000301312209715,0.0004860091401,0.000337330977744,0.00039857334534,0.000546547177033,0.000535814668349,-0.000557981116833,0.000202847725156,-0.000439427599124,0.000591276567892
-0.000285398361263,0.00079154405397,-9.83923355815e-05,-0.000367380126627,-0.00047107367885,0.000298472007019,-0.000429306271087,-0.00157464741522,-0.000367381248513,-0.00069890224451,0.000530196720745,-0.000235721552309,-0.000306905504792,-0.000335023182127,0.000404923924055,-0.000316542398903,-0.000483240551656,0.000279778159451,0.000994139641779,-0.000203019991438,0.00092963912864,-6.17813806367e-05,0.000146555808093,-0.000261858837734,0.000442772913334,-0.000543820111467,-0.000371668096747,-0.000466240892435,0.000279172892253,-0.0002531999011,-0.00106916494912,0.000294795251157,0.000295156112393,-0.000644053063193,0.000671077825901,-0.000316521196085,0.000615249067623,-0.000493414716092,0.000315010916739,0.000434888319129,0.000243817101419,0.000680531073046,0.000209844533136,0.000409677913179,0.000514098760331,0.00063504287533,-0.00043484608803,0.000115165242167,-0.000385217258503,0.000596236366323
-0.000247382754439,0.000920727948404,-0.000127727322487,-0.00037698201809,-0.000438966043267,0.000311249335194,-0.000547402414466,-0.00158966389949,-0.000251696501748,-0.000785359361171,0.000547431205705,-0.000240938890132,-0.000343548378086,-0.000341735919415,0.000454852128437,-0.000293496780257,-0.000380661920368,0.000346282092828,0.000932690511924,-0.00019378458898,0.00094525545459,0.000188760048065,0.000202781925556,-0.000355359720224,0.000437466287645,-0.000543655205975,-0.000297425494844,-0.0006450004708,0.000262219877367,-0.000276366609025,-0.000818931598403,0.000384661689039,0.000298998850428,-0.000795795290154,0.000616689304359,-0.000349699882136,0.000427310780057,-0.000535107021676,0.000455633132761,0.00042735763463,0.000281050042835,0.000465199751751,0.00039208758872,0.000396833606241,0.00046022144779,0.000691708010466,-0.000473856669491,0.000109867750397,-0.00045910555489,0.000594030904278
-0.000263666461354,0.000927669088801,-0.000146884031552,-0.000370599282986,-0.000436934709029,0.000315880772115,-0.000527632640629,-0.00155028610321,-0.000265883351657,-0.000771261159852,0.000529412213741,-0.000247735462103,-0.000331896515764,-0.000334515821455,0.000429545267803,-0.00028665270968,-0.000371114393743,0.00034447935207,0.000948225382069,-0.000174959767943,0.000967609224571,0.000171140382983,0.000198818903257,-0.000346922158226,0.000417450585695,-0.000571296344433,-0.000291492660527,-0.000655461765502,0.000265977847111,-0.000277457548356,-0.000830823013655,0.000387065120023,0.000279413808554,-0.000762191563257,0.000581215174694,-0.000360291219527,0.000477217141447,-0.000518383355456,0.000463057376716,0.000421670438458,0.00029592257313,0.000470281732708,0.00039817866379,0.000410532863087,0.000441096797633,0.000682403877909,-0.000491706374899,0.00012490012696,-0.000456933185887,0.000573012780289
-0.000183636971668,0.000926479399083,-7.75670542842e-05,-0.000340723789911,-0.000504984607807,0.00024552667173,-0.000662500768332,-0.00165878564764,-0.000223548058834,-0.000632953418483,0.000514521858982,-0.000284162881388,-0.000332606646457,-0.000409185336789,0.000433394985377,-0.000562155475801,-0.000496851482058,0.000323825947674,0.000918998785371,-0.000257229669807,0.000770073010562,-0.000139035540184,0.000151859102748,-0.00025655111586,0.000361474216331,-0.000658916719364,-0.000279141405486,-0.000591114059433,0.000265217891048,-0.000214269244867,-0.000893042460672,0.000318260113641,0.000314630679878,-0.000678651355181,0.000619959857008,-0.000326980758479,0.000291363308917,-0.000484351242509,0.000442325284063,0.000538933480364,0.000261517498502,0.000426908532805,0.000338018612403,0.000510711556939,0.000560987939285,0.000560176233763,-0.000674245015246,7.99308965139e-05,-0.000383964664157,0.000662065889804
-0.000216462114698,0.00102931321896,-4.37445366211e-05,-0.000291851900111,-0.000497780066567,0.000161280613918,-0.000579587005613,-0.00154787652641,-0.000360681605584,-0.000587991361031,0.000449986513021,-0.000140350224673,-0.000401988157948,-0.000248115165196,0.00054823278993,-0.000242776118109,-0.000397010276254,0.000252719675259,0.000983004997499,8.13083467215e-06,0.000631556651568,0.000276257355208,0.000355406143684,-0.000374720774324,0.000448482158431,-0.000636731777812,-0.000443983313337,-7.13369255057e-05,0.00028936106562,-0.000270732329254,-0.000661206156023,0.000448922696703,0.000345108227184,-0.000706386378806,0.000692945332406,-0.000370154366922,0.000473374208778,-0.000532508916141,0.000469287740986,0.000303907817197,0.000281534291623,0.000504204158081,0.000432708272639,0.000483369097076,0.000449889496641,0.000455117443912,-0.00030821968648,5.36250560819e-05,-0.000439448882643,0.000565539517621
-0.000634955472359,-0.000677395839884,-4.99150540031e-05,-0.0003027788774,-4.51401633991e-05,-0.000780772394278,0.000393530722035,0.00468928331553,-0.000204075655078,0.000215408077698,-0.000428765139132,-0.00015761091347,-0.000434310625069,0.00136754004617,0.000186158127144,0.00117930899535,0.00016591495461,-5.02717002696e-05,0.00112253300141,-0.000214169118263,1.40511195973e-05,0.00155313877945,0.000597982668796,-0.000367893491358,0.0010590466403,0.00114465259575,-0.000565927041178,0.000321282586534,0.000238778286822,-0.000410537190375,-0.000243703754432,0.000157640584598,-0.000291378085889,0.000917832021275,0.000387522356041,-0.000383234642323,-0.000430990146651,0.000255704632427,0.000674421923276,-0.00080629489239,-0.00169709937887,0.000177367655497,-0.000971572586286,-0.000662061061149,5.0731610658e-05,4.86620203167e-05,0.00173475072636,9.57699345071e-05,-0.000395983026012,-0.000646677548149
-0.000182024121035,0.00111910301731,-8.34887760251e-05,-0.000382696525018,-0.000463165192402,0.000252345396337,-0.000425742045039,-0.00166585682102,-0.000280679655471,-0.000497902311456,0.000532471179436,-0.000177317891495,-0.000269754631793,-0.000312291364802,0.000517237404217,-0.000427664911299,-0.00032094340613,0.00036249413264,0.000914227211329,-0.000140552185874,0.000748098526711,6.13796007285e-05,0.000246412468286,-0.000392801327792,0.000385707721104,-0.000789881805566,-0.000264878971752,-0.000657295519135,0.000233912692349,-0.000276746477721,-0.000623266318018,0.000292111038723,0.000278594962433,-0.000886605166322,0.000666475322456,-0.000289723170969,0.000555320632331,-0.000464695613549,0.000381040041873,0.00056860864998,0.00034100058413,0.000468420137706,0.000413004630525,0.000334734567819,0.000330043819255,0.000534015739852,-0.000565604083593,0.000144988932941,-0.000436740333842,0.000766017338739
-0.000232223903394,0.00122062142465,-3.0615318388e-05,-0.000322815725739,-0.000290132456531,0.000359479044098,-0.000693483937917,-0.00197982991427,-0.0001814174865,-0.000883001719306,0.000613599486973,-0.000275668820698,-0.000436981817705,-0.000326561179173,0.000545942387467,-0.000471578776367,-0.00052466915194,0.000334805240636,0.000616046890337,-0.000294550539254,0.00102966632256,-0.000179485271028,0.000229381878071,-0.000391252181939,0.000259513036476,-0.000654944548732,-0.000335020597529,-0.00080890918493,0.000273479768038,-0.000276167490267,-0.000629046352171,0.000394878693182,0.000209651679733,-0.000864127154723,0.000597311050429,-0.000327587600693,0.000600244990829,-0.00049396831043,0.000457986489917,0.000491969994537,0.000366506377819,0.000538141212959,0.000425119237586,0.000441979922784,0.000503549425643,0.000545705647467,-0.000573288309163,0.000151324783096,-0.00039172159436,0.000823995023385
-0.00029344078099,0.00112475961724,-2.27011488442e-05,-0.000362860221728,-0.000459252978262,0.000364276501476,-0.000774146456055,-0.00200651685794,-0.000207757389759,-0.00100187189525,0.00064778599292,-0.000243897753682,-0.000424120402731,-0.000295684464641,0.00044884880906,-0.000329445061698,-0.0005140013935,0.000317189747063,-0.000391388657487,-0.000291535508063,0.000869699593261,-0.000308617970971,0.000139688067503,-0.000386716365097,0.000367028766644,-0.000471344505698,-0.000128380405323,-0.000792689565152,0.00027629910327,-0.000325216151052,-0.00150134422336,0.00030153318101,0.000269522215385,-0.000698617232276,0.000667714127618,-0.000374391741423,0.000528876035688,-0.000551951613304,0.000535445519724,0.000589326905406,0.000341711832573,0.000265762607492,0.000343336390198,0.000496070613417,0.000435619487545,0.000483122354658,-0.000549882210288,9.93790698645e-05,-0.000419817898145,0.000728659445876
-0.000277858263159,0.00124431217873,-4.91544938679e-05,-0.000325693622085,-0.000424450239552,0.000291125427031,-0.000742280897879,-0.00209652869159,-0.000199487243785,-0.00100339227365,0.000606250507674,-0.000241501905876,-0.000410827518359,-0.000321630437904,0.000475235764271,-0.000406217309374,-0.000449009442749,0.00031932844686,-0.00063254656013,-0.000305238451245,0.000844645473217,-0.000283564151863,0.000141515243211,-0.000409234465782,0.00035875579657,-0.000518089531091,-0.000164473883405,-0.000780866763417,0.000270572700219,-0.00034094252811,-0.00151272702705,0.0003387927956,0.000311830370639,-0.00074608232749,0.000717351169064,-0.000347034730449,0.000451198914401,-0.000579791654315,0.000519579370457,0.000602444544903,0.000338782423468,0.000189651358378,0.000323256264449,0.000448467763992,0.000378488959445,0.000481326947546,-0.000535641704051,0.000105551206042,-0.000410253181743,0.000784889096703
-0.000437215480896,-0.00226037228855,0.00039161032788,-0.00018664046738,7.17114389049e-06,-4.13875826419e-05,0.00120139547681,0.00353841537643,0.000521282243155,0.000713802414504,0.0010444220752,-5.06465822882e-05,-0.000271691686556,0.000390414200809,-0.000413563314311,0.000555499290524,-0.000327480315281,3.01824975393e-05,0.00224302391601,-0.000673614704578,-0.00342963781031,0.00184990243536,-0.000587014685763,1.59712922383e-05,0.00101280430822,0.00530276490034,-0.00162350092545,0.00200981593371,0.000160754516724,0.000144766852875,0.00049045065248,-0.000429544621737,0.000617714607815,0.00215988944938,-0.000816940320933,0.000502271807216,-0.000373117549942,0.000489709855489,0.000469136478142,0.000286033759466,-8.05677467314e-05,-0.00122338295016,0.000148769447175,-0.00216170745659,0.00140341261375,-0.000642756938755,0.00449220433412,0.000285039996582,0.000780234416683,-0.000180674501246
-0.000246130813808,0.000670359394357,-8.45276276235e-05,-0.000308137699346,-0.000410139944841,0.000224425357904,-0.000400598454517,-0.000761710949981,-0.000260599742912,-0.000634274832525,0.000585138433474,-0.000295851326608,-0.00035244436589,-0.000360031413697,0.00034656983557,-0.000211684859994,-0.000430450385825,0.000348169933762,0.00111973845138,-0.000289991645436,0.000778017401244,0.000170229751107,0.000165207665424,-0.00030950751397,0.00046324179221,-0.000547705108514,-0.00048554665602,-0.000567829176065,0.000258051789549,-0.00027314740589,-0.000491436973224,9.54735633726e-05,0.000341509215436,-0.000805336446939,0.00049728301166,-0.000296080613495,0.000459338567562,-0.000354006650184,0.000531231041783,0.000412385318842,5.34353469993e-05,0.000489568714157,0.000504192329145,0.000451207875638,0.000528596748553,0.000614310793478,-0.000334238802214,0.000140310535352,-0.000494226180641,0.000777049408409
-0.000275560583764,0.000947401307611,-4.31002235288e-05,-0.000332933448213,-0.000543460850057,0.000329695251762,-0.000526174690952,-0.00149901327855,-0.000327760377532,-0.000744725006515,0.000573088119294,-0.000278240352868,-0.000325607137647,-0.000326763738978,0.000386949941797,-0.000409413666861,-0.000361838037823,0.000326360017146,0.000947789545789,-0.000378980723003,0.000972694008376,0.000206546139302,0.00018033692601,-0.000286645885401,0.000380687895833,-0.000531946161902,-0.00034826606787,-0.000446977225708,0.000271743262582,-0.000249435590951,-0.00100992683425,0.000320601074818,0.000306214412952,-0.000642267107333,0.000645213959342,-0.000359947171311,0.000491383049583,-0.000507607434682,0.000431190733946,0.000403645738787,0.000304748229452,0.000565776615271,0.000299227393271,0.000378608410616,0.000352178967259,0.000524110219588,-0.00035844404846,0.000145560110665,-0.000323840161,0.000639446748194
-0.000259127772282,0.000907368248656,-6.13104859281e-05,-0.000303916605653,-0.000520627831328,0.000294143199141,-0.000575103222269,-0.00138119868818,-0.000338747727505,-0.000596053007922,0.000578177353654,-0.000300970533252,-0.000339972905594,-0.000260212692369,0.000396377894701,-0.000441315758067,-0.000404661107172,0.000327221643849,0.000995841971167,-0.000259279403982,0.000825488482477,0.000199768526006,0.000289414542756,-0.000275996406387,0.000465900777069,-0.000467957242836,-0.000358570933057,-0.000517286331195,0.000258112929386,-0.000254495151053,-0.00092332475299,0.000299162342734,0.000353903477404,-0.000705960289373,0.000594895852074,-0.000349666585217,0.000568350387564,-0.000458946573278,0.000376615878824,0.000445134637344,0.000272001930758,0.000568485873372,0.00030046909477,0.000462072038342,0.000541283631777,0.000543974719389,-0.000556983984447,4.82149965303e-05,-0.000463398986922,0.000703589755096
-0.000602478939684,-9.75041242404e-05,-0.00118018799201,0.000197031461501,-0.00256904811935,0.00237247116502,-0.000325878966193,0.0144585860489,0.00248863402912,-0.00175820929624,-0.000643801531008,-0.000756562179086,-0.00245257468091,0.00306821552904,0.000133162378832,0.020355871584,0.000196219640448,0.000486331811868,-0.000906946673829,-0.000494406621718,-0.00794767064051,-0.000273074414267,0.000968556511525,-0.00107022590718,0.00195783648696,-0.000754351015233,0.000193944756571,0.00886740712901,0.000671863923998,-0.000999284168954,0.000545093550946,-0.000813029643865,-0.00325731411208,0.00624834852822,0.000676677767329,0.000207124893993,-0.000328193967051,0.032689216877,0.00191987142665,0.0028479007905,0.000866613682417,-0.00321419986372,0.00197303492385,-0.0066760542789,0.000170677240567,0.00271523711391,0.00189010751068,-0.000537979754141,-0.00214298736529,-0.0552367261502
-0.000250911408009,0.00105632363554,-0.000168109815216,-0.0003679710157,-0.000699985794508,0.00044419191328,-0.000789471008518,-0.00069366088798,-4.57889751932e-05,-0.000965206416163,0.000539901441311,-0.000349559413972,-0.000469874171446,-5.09826486546e-05,0.000535212622076,0.000948393329616,-0.000343461206268,0.000434391358632,0.000404352762538,-0.000329715541238,0.00046378393071,-0.000277866048684,0.000187293681283,-0.000342944091784,0.000383488933824,-0.000807347622422,-0.000208138083753,-0.000131893746207,0.000323408118347,-0.000344755278701,-0.000935424763551,0.000349988596615,-3.07767270029e-05,-0.000384904087069,0.000724660008055,-0.000338036160593,0.000589584142743,0.00220744251663,0.000639852626143,0.00105390823371,0.000342321921516,0.000213393776689,0.000475413525817,7.99184977817e-05,0.000485808545272,0.000762373648283,-0.00057201462931,0.000166539973334,-0.000490412788457,-0.00371606565046
-0.000218621713008,0.000849233050832,-0.000101277658536,-0.000409040308464,-0.000591687539789,0.000355145628576,-0.000326550344211,-0.00167911193656,-0.000338665852286,-0.000764135407425,0.000469161159155,-0.000270729756454,-0.000311564046965,-0.000333159119708,0.00046591425817,-0.000456868164312,-0.000486491555998,0.000306358722183,0.00102401159951,-0.000238562455669,0.000693531107607,6.04743772598e-05,0.000166972899894,-0.000349416333486,0.000511778494138,-0.000624703553117,-0.000304590883743,-0.000592801167013,0.000267396651988,-0.000250655380462,-0.000981602814728,0.000199818202257,0.000294504660215,-0.000718030740729,0.000710328280087,-0.000318176358358,0.000502797540484,-0.00055341202739,0.000464645660604,0.00043717597014,0.00041731015683,0.000559464712416,0.000370369762982,0.000459388090774,0.000562972844638,0.00065523708877,-0.000479495993131,0.000150372342042,-0.000382302857509,0.000633922264876
0.00023615285127,-0.000655227336488,-0.00107944015253,-0.000650839914143,0.000422695705884,-0.000470829758641,-0.000774818363024,-0.00642391504338,-0.000432980308609,0.00185037583371,0.000422590978127,4.10676021316e-05,-0.000963236451502,0.0294475400735,0.00133893202039,-0.00335393573535,-0.000835545465759,0.00012082380265,-0.00391506359843,0.00201940586214,-0.00121719087083,0.00015621872465,0.00214587843306,0.000390260235021,-0.00202556990617,0.00323949661832,-0.000422449970643,0.000932858532301,-0.000536297038657,5.58938374222e-05,-0.000624530784466,-0.00046679669794,0.00107754487837,0.000310739932964,0.00209846805068,0.00179597967486,0.00141100809326,0.00116212776247,0.00197700750376,0.00232970047876,0.00149341622045,-0.000886443065624,0.000135233636428,0.00196438395465,-0.0109525361132,0.00146756624381,0.00542660938666,-0.000661901924522,-0.00182704647622,0.00139401183161
-0.000188437834073,0.000773540415796,-0.000126269010089,-0.000378014591195,-0.000409446505146,0.000254317941973,-0.00039806199208,-0.00134512534367,-0.000329557401465,-0.000660528256742,0.000494887538889,-0.000259580531266,-0.000297868599545,-0.000311738300962,0.000329331287318,-0.000328175734683,-0.000309801551096,0.000271573349602,0.00103817765042,-0.000286310436335,0.000857050853296,0.000229480553459,0.000200522417354,-0.000281638793923,0.000470028785893,-0.000399620129956,-0.000339035774434,-0.000464207131014,0.000248599695245,-0.000240057700501,-0.00126658545135,0.000314634400653,0.000349352483183,-0.000612161429915,0.000638615689645,-0.00023251241,0.000428705160353,-0.000529555068138,0.000454284970477,0.000441912500439,0.000320513095919,0.000580799921335,0.000388188051153,0.000362596887561,0.000415741650253,0.000400745596161,-0.000484902110831,0.000147987796004,-0.000429872046645,0.00068478923111
-0.000186832282372,0.000844905942958,-7.53665441241e-05,-0.000340549351082,-0.000458651995901,0.00024052804592,-0.000312028732071,-0.00144595345773,-0.000312919801973,-0.000774190158817,0.000536657326976,-0.000299169600894,-0.000347105533033,-0.000296849445642,0.000460683341759,-0.000411238197174,-0.000282703628478,0.000299595784176,0.00100092243587,-0.0003110763015,0.000818829668287,-1.94553227852e-05,0.000208939421233,-0.000279703436367,0.000438148308416,-0.000738841913255,-0.000395252160798,-0.000646275693408,0.00027611262637,-0.000237331119534,-0.0011821666731,0.000480256733461,0.000283086757065,-0.000596638924223,0.000588126297543,-0.000299532584912,0.000524351360558,-0.000481151588263,0.000404545609875,0.00054252879743,0.000288849799614,0.000583890793199,0.00030570049815,0.000463283114208,0.000422367926164,0.000515137983567,-0.000559292592492,0.000150855859443,-0.000438996271682,0.000605213570008
-0.000266819669875,0.000925634500687,-2.43742591617e-05,-0.000322857289201,-0.0002042586011,0.000315165073588,-0.000769519289925,-0.00206713301791,-0.000352178120576,-0.000940455854289,0.000642727269173,-0.0002413360052,-0.000416879559822,-0.000350688713524,0.000458231886802,-0.00044422380581,-0.000322199434619,0.000311625856054,-0.000696198644162,-0.000355003505427,0.000814100905663,0.000115930362506,0.000216534850569,-0.00035297776236,0.000458372188517,-0.000575152693092,-0.00043387944021,-0.000690597122335,0.000260951290064,-0.000315715815095,-0.00150166995895,0.000463342910886,0.000223441248528,-0.000796286455299,0.000583328603413,-0.000342735294659,0.000488709662557,-0.000450052203599,0.000494458857993,0.000426834294735,0.000298368755122,0.000543623872353,0.000419450485408,0.000516821752249,0.000486690019736,0.000500043722177,-0.00060178855576,0.000169377992334,-0.000433100715137,0.000655509363713
-0.000223162975758,0.000562807250253,2.85731443781e-05,-0.000289272219756,-0.000593290097047,0.000296775497019,-0.000335385599869,-0.00134611545926,-0.000273684490853,-0.000431690266292,0.000594082271831,-0.000325115857093,-0.000248360807982,-0.000397645263934,0.000378520249248,-0.000185692088469,-0.000487946636038,0.000254270666452,0.000955693420575,-0.000288593386453,0.000846167585584,0.000240060650464,0.000279687618256,-0.000312234702004,0.000634679586421,-0.000345719787014,-0.0004384544113,-0.000605183296541,0.000253569721099,-0.000201651325136,-0.00109563863111,0.000300017691065,0.000335496007946,-0.000575190203564,0.000280014300804,-0.000384003092492,0.000519177101581,-0.000576955751633,0.000383856506209,0.000390550561024,0.000311016399991,0.000243891763509,0.000315005355317,0.000459643622058,0.000461992035182,0.000542910570332,-0.000598687344112,0.000176727715033,-0.000517762062639,0.000409877226814
-0.000240047865813,0.000897208188074,-2.7814842306e-05,-0.000289556161504,-0.0003384805456,0.000271728835856,-0.000418157970665,-0.00138090885871,-0.000341119639707,-0.000583567496076,0.000563487249415,-0.000273304335433,-0.000302630671231,-0.00033030239198,0.000421636381107,-0.000388727553127,-0.000387941157006,0.000274253064994,0.000918662883319,-0.000208130582263,0.000929102001439,0.000133157465168,0.000221199891961,-0.000230337254051,0.000418757666618,-0.000573466315603,-0.000340677251988,-0.000510221558271,0.000256501673301,-0.000251823226089,-0.00116376086469,0.000403269065467,0.000286152944303,-0.000666938263383,0.000569193351816,-0.000284340638708,0.000413582205723,-0.000517260197892,0.000441306582225,0.000497120298161,0.000269069138885,0.00049778586837,0.000322707502714,0.000358143658789,0.000347734281115,0.000554877989291,-0.000530147687756,0.000111200310342,-0.000454437426931,0.000679937992265
-0.000192312173763,0.000961767130634,-0.000138696786071,-0.000348518988816,-0.000433653156395,0.000282694844332,-0.000460098392976,-0.00144922408658,-0.000332063621548,-0.000753343308813,0.000444738919505,-0.000325892807482,-0.000370595517241,-0.000246757650725,0.000542765938942,-0.00030970296063,-0.000282223330519,0.000312037993656,0.000927174201942,-0.000220974561449,0.000712934728104,0.000113479960297,0.000235673170836,-0.000260856506578,0.000385189291544,-0.000516964237143,-0.000300665562882,-0.000482708198598,0.000251315199863,-0.000249143381494,-0.00107156697617,0.000182191372988,0.000300471174643,-0.000878286399309,0.000722349913929,-0.000370881352037,0.000508584544735,-0.000517249111672,0.000488478258854,0.000385099239212,0.000265405025156,0.00039351505843,0.000406568159469,0.000467511340326,0.000324763008323,0.000433951971506,-0.00047433541725,0.000111964490714,-0.000425072704378,0.000655606175595
-0.00942933708619,-0.033501560614,0.00210286179123,-0.00369108631012,-0.0104245528503,0.0105242515508,0.00690508529169,0.149582328534,0.0107263822991,0.0166293823561,0.0123030556055,0.000950225315636,-0.00294077264937,0.031292697613,-0.0205571111876,0.00859884418489,0.0075545789975,-0.00108969579465,-0.00609922825712,-0.00368599212096,-0.0155146900302,-0.01678464771,-0.00485854962214,-0.00359253305375,0.00691708362196,0.0389659678876,0.0129419740564,0.0105193134258,-0.000268292979906,-0.00118677384749,0.000419939941392,0.00481843798515,0.0033907613144,0.0254190045447,-0.0525236409994,-0.000224064724,-0.0175150499568,-0.00217540411832,0.00328765107684,-0.00417185685156,0.0045272822935,0.0025968775176,0.0164064670338,-0.00018765511685,0.00892031452666,-0.00660766716163,0.00143606431025,0.0105546503792,0.0101640720483,-0.0223924606313
-0.000253232568306,0.000805245811138,-0.000168373236569,-0.00034959085156,-0.000508084655198,0.00030150679663,-0.000575951609621,-0.00131687140486,-0.000320529105213,-0.000713657329446,0.000444470482602,-0.000240914712459,-0.00028955006433,-0.000240372294646,0.000470005185459,-0.000432779308983,-0.000482132332288,0.000299335623768,0.000907600771661,-0.000251113541732,0.000782758913306,-0.000131485073562,0.000219578574972,-0.000319713395695,0.000453835779207,-0.000522483241454,-0.000321993324005,-0.000490441570541,0.000270364878032,-0.000268613683285,-0.00102602316976,0.000316845664699,0.000309756072077,-0.000635136424842,0.000685500607346,-0.000280249500836,0.000410145315706,-0.000498060997873,0.0004269647982,0.000515759727358,0.0002598293028,0.000465651888405,0.000423488502916,0.000500076401629,0.0003826719663,0.000490512407613,-0.000456722255158,0.000128547794058,-0.000412285723017,0.000720865672175
-0.000245738450273,0.000906358591055,-5.80203083683e-05,-0.000324076152496,-0.000410597178214,0.000251895270347,-0.000468364777776,-0.00160636433014,-0.000356405919271,-0.00079704090298,0.000519400231003,-0.000306501693196,-0.00030809659982,-0.000295190521977,0.000427292527305,-0.00034258253537,-0.000352516254364,0.000264871238169,0.000766569282327,-0.000295740162544,0.00093444364972,1.45554330233e-05,0.000266156107734,-0.000249611049207,0.000328414291134,-0.000537373681616,-0.000340055800516,-0.000636869228299,0.000262972485862,-0.000250884599065,-0.00113467741457,0.000231440585488,0.000314294868722,-0.000819790649579,0.000566258410279,-0.000253123107397,0.000456154462342,-0.000543700676254,0.000405233317374,0.000473889009866,0.000289013719073,0.000369856376796,0.000267245008047,0.000567269621439,0.000293918890054,0.000472036566653,-0.000425281629586,0.000183337284233,-0.000261692685745,0.000467265248938
-0.000257005428432,0.000821527822433,-0.000124133343855,-0.000340275805947,-0.000548614665489,0.000323546906447,-0.000529512635296,-0.00149399961777,-0.000344647855081,-0.000686760558838,0.000547297459188,-0.000271531452633,-0.000333174745986,-0.000276949604085,0.000458421552929,-0.000436473828687,-0.000243818365117,0.000259911585796,0.00105451471644,-0.00037163326815,0.000772396358981,7.53350214434e-05,0.000181689160574,-0.000251702517733,0.000458422528716,-0.000509478807661,-0.000307755572648,-0.000554342427255,0.000270286071284,-0.00024953134461,-0.00119136838349,0.000120827671009,0.000340625607096,-0.000846002865426,0.000555267069999,-0.000276187222195,0.000449414650718,-0.000444255438432,0.000382675842144,0.000464021037472,0.000204186501186,0.000492129386071,0.000250324086366,0.000409073856694,0.000343787115203,0.000176754679985,-0.000290218173321,0.000136206781733,-0.000388099597466,0.00059633269271
-0.0027700427697,-0.00693996555456,-3.26240313026e-05,-0.000355435607994,0.00221979781428,-0.000222428960489,0.00404383647408,0.0240630638914,0.00238846054069,0.00410830020499,0.00166879831893,-0.000463806193486,-0.00120902313042,0.00159476072293,-0.00148608742779,0.0152943435481,0.000283415266687,-0.000298318728451,0.00120685969878,-0.000655474747782,-0.00558236474903,0.00263236941,-0.000497375138525,0.000424263640718,0.00241515211006,0.0113267347917,-0.00105879413462,0.00122400066422,-4.21264268005e-08,-0.000311211555178,-0.00100230825105,0.00124218187804,0.000339919169872,0.00147437557227,-0.00251780778515,-0.000965654084852,0.000892947205981,-0.00274968440494,-0.000290286903931,-0.0031218601237,0.000148947463189,-0.00229874447455,0.000730188617418,0.000276212096112,0.0013632082622,-0.00120517814572,0.00149935508378,0.000822761117837,-0.000452564221532,-0.0029651276839
-0.000268727423905,0.000889110230295,-1.55021386625e-05,-0.000336175868042,-0.000384498805549,0.000243418148406,-0.000695356958404,-0.00170550353752,-0.00023508089076,-0.000797492535605,0.000536579120492,-0.000228506375313,-0.000375321782999,-0.000350005679556,0.000443137041107,-0.000373228428043,-0.000361487736388,0.000367910302096,0.000894775573643,-0.000238453679498,0.000854753373516,6.36279024724e-05,0.00022131011145,-0.000224998185533,0.000463785137642,-0.000474512310682,-0.000322614098069,-0.000474029610975,0.000261566278205,-0.000244119283746,-0.00113578326474,0.000331035174083,0.000256001425072,-0.000694019711435,0.000619245884512,-0.000307372618089,0.000511286666317,-0.000522227180955,0.00047533178598,0.000516874738871,0.0001371653863,0.000392812143802,0.000428032139842,0.000428521584178,0.000398626366455,0.000464790766329,-0.000418362274761,0.000131891825146,-0.00039348731011,0.000605409829767
-0.000186822710097,0.000862023555799,-5.33580981435e-05,-0.000346127104619,-0.000430138915626,0.000143754844229,-0.000458762044418,-0.00145661143323,-0.000343055844344,-0.000613448202546,0.000582019903265,-0.000245249138415,-0.00030858779243,-0.000388376948754,0.000454538545459,-0.000285603520926,-0.000424411671774,0.000279603312069,0.000964563705852,-0.000281753087785,0.000838749083955,0.000131345134099,0.00031655360366,-0.000305876901856,0.000353863337694,-0.000677556258597,-0.000294605505803,-0.000525700229696,0.000265836852286,-0.000253621705087,-0.00108921929577,0.000392698824966,0.000266961683013,-0.000765006053713,0.000681884047739,-0.000289509577537,0.000360103270069,-0.000455697637561,0.000439043617293,0.000355528107821,0.000236347309506,0.00057459155508,0.000374468195745,0.000452048680152,0.000294634635142,0.000633416851177,-0.000579611621975,0.000151632475586,-0.000436779425553,0.000647503850017
-0.0011563060155,0.00508410035738,0.001523251402,-0.004472050575,-0.00132955824049,0.00559454730235,0.00424790690469,0.0116701400749,-0.00158034979991,0.00149261575988,0.00523778379982,0.00390533161003,0.00491152307359,-0.00353419733893,0.000505866962006,-0.0122130652657,-0.0027359263358,-0.00146667985074,-0.00690213670074,-0.00338219046159,-0.0576120635127,-0.00205859640525,0.00631115165006,-0.00168293361714,-0.00595868841006,-0.0113935216996,0.0320127860367,0.000726323025871,0.000703342882664,0.00401139790383,0.0090085713744,0.00409786767989,0.00422014882694,0.00893876983311,0.00585212858954,0.00342950358512,-0.00782937148331,0.000662044394229,-0.000521718810323,0.00460341033724,-0.00483899504239,0.00993874160446,-0.00215454655069,-0.00589253372181,-0.00678100788333,-0.00843575129277,0.0064892912042,-0.00314401001917,-0.00647766818585,-0.00106207067774
-0.000249953384151,0.000754786988714,-6.06675105585e-05,-0.000326074285594,-0.000449739640127,0.000394872898813,-0.000495407932896,-0.00152425357697,-0.000294543957904,-0.000690586462736,0.000601455154138,-0.000248157935504,-0.00034407283758,-0.000256184040703,0.000467481341626,-0.000344862894611,-0.000515854790257,0.000328250468783,0.000911188991405,-0.000271612978502,0.00082789168645,4.44449753802e-05,0.000172902742501,-0.000288507910529,0.000413513040398,-0.000572587961443,-0.000255439227174,-0.000641498526902,0.000255371235303,-0.000243292230168,-0.00120214317648,0.000345135870542,0.000325539439641,-0.000620547277889,0.000548774068905,-0.000375513242027,0.000479171666738,-0.000515473075482,0.000396339267408,0.000350392295792,0.000274682473825,0.000390924123259,0.000363648336855,0.000374263921202,0.000506308585997,0.000477098176704,-0.000542875027651,0.000121707052052,-0.000360520827686,0.000644710931067
-0.000208349626391,0.00124610860875,-0.000110773003205,-0.000363616266969,-0.000436735422623,0.000324662509135,-0.000755639058252,-0.0019044702725,-0.000301173390592,-0.000721851883618,0.000496046331267,-0.000187242286951,-0.00037000512449,-0.000407645762771,0.000494421080477,-0.000694920910004,-0.000467255503783,0.000360510694206,0.000913125008916,-0.000313996706566,0.000775970852412,-0.000210843551382,0.000247096539945,-0.000348103303818,0.000300983275467,-0.00084860891189,-0.000364682398122,-0.000895513160056,0.000278285851228,-0.000264720325414,-2.77567535368e-05,0.000404537504801,0.000272240987856,-0.000961911283347,0.000773561898077,-0.000333749625548,0.000689065771096,-0.000539414896509,0.000506999437779,0.000721893205592,0.000368673194517,0.000607478460491,0.000378306502618,0.000564229463154,0.000562809597228,0.000603852143769,-0.00074253873684,0.000224653139728,-0.000411447925741,0.000839686601865
-0.000217556408041,0.00103701053578,-8.4774181706e-05,-0.000342995724723,-0.000398504629415,0.000372549784034,-0.000599853582922,-0.00194987049892,-0.000301366215789,-0.000877297754742,0.000549679761246,-0.000251021506683,-0.000421316769095,-0.000359751386181,0.000245582201766,-0.00031086275305,-0.000529181707449,0.000293937902026,-0.000685190662303,-0.000293610788896,0.000994996064243,-8.15921412694e-05,0.000132057438196,-0.000375145141237,0.000411229929843,-0.000613986062808,-0.00038319419776,-0.000781699498004,0.000270065089506,-0.00032488915247,-0.00167583654236,0.000338229337445,0.000184307251009,-0.00068909668978,0.000367229428424,-0.00038198579294,0.00053988976551,-0.000575613621086,0.000532547728604,0.000587081266078,0.000292291773796,0.000616329886948,0.000355944136374,0.000497147557807,0.000426158441641,0.000492630974424,-0.000485695142651,0.000179282557935,-0.000423548029086,0.000660204565908
-0.000217713836088,0.000772061966398,-2.6156736205e-06,-0.000313761846982,-0.000586469496578,0.000416785214267,-0.000225790565449,-0.000792383279425,-0.000216086944022,-0.000740216652855,0.000774494372614,-0.000377407357419,-0.000393084348254,0.00037759006608,0.000500504957254,0.000238736337616,-0.000421711998108,0.000349349361819,0.00041441716051,-0.00038365708139,0.000162515557989,0.00016965468183,-5.0532489138e-05,-0.000221462595731,0.00042582748084,-0.000869401868418,-0.000426977599972,-0.000491230075689,0.00028484158388,-0.00027409456518,-0.0014230407461,0.000398016122602,0.000395179323377,-0.000826165776763,0.000441286865981,-0.000345946361464,0.000480653133806,-0.000344147144214,0.000343967590271,0.000527468960484,0.000367933573574,0.000605291196996,0.000277505448231,0.000624178074363,-0.000116243828297,0.000653043005993,3.53500495847e-05,0.000214793875279,-0.000182551414716,0.00109880979183
-0.000497646675967,0.00113142803315,-0.000194142726218,-0.00103992774984,-0.000738716154808,0.00121177887293,-0.0012246254916,0.0089731850016,0.00167340939851,0.00122128552862,0.00107758926655,-0.000293044730338,-0.000500932946302,-0.000623448516624,0.000920023350603,7.87450874542e-05,-0.00218947279664,0.000691653510221,-0.000591656579034,0.000318116786044,0.00310752883218,-0.0015922070066,0.000899724206959,-0.000704032737784,-0.000609500999901,-0.000906583310573,-0.000678207156718,-0.0016768595221,0.000388552646587,-0.000718758898567,0.0089212936647,0.00110595927638,-9.88015106024e-05,-0.00387281057814,0.00265365532193,4.93006286505e-05,0.00270914364634,-0.00161850886648,0.00121169521385,0.00198359689576,0.00109532533161,0.00294965514819,0.000831359313364,0.00110620235265,0.000496336701854,0.00201066225294,-0.0020153457463,0.00137949725592,0.000313394161698,0.00209659079622
-0.000303893206433,0.00135760216113,-0.00011678704788,-0.000194613865367,-0.000210179004507,0.000397002980753,-0.000765469270987,-0.00193227357009,8.88019168597e-05,-0.000820739861591,0.000490935209125,-0.000287996321926,-0.000468165200094,-0.000305369760935,0.000558518461255,-0.000326701523392,-0.00056344358411,0.000408712428805,0.000289481207212,-0.000328676167321,0.000987688651011,-0.000479159214757,0.000237393389603,-0.000371839997984,7.34302669827e-05,-0.000682951744807,-0.000321633459945,-0.000974335610956,0.000280993413969,-0.00032046223785,9.34015487618e-05,0.000387818211148,0.000241362271257,-0.00101317739062,0.000753369944692,-0.000340490382909,0.00064233998135,-0.000649668260694,0.000552638459785,0.000636160025804,0.000389739058267,0.000495508394381,0.000324666199775,0.000671294221691,0.000408029914566,-0.00120799920992,-0.000745040797483,0.000268221749447,-0.000413627323913,0.000932648569466
-0.000209218986148,0.00106016071952,-6.55131627587e-05,-0.000382824356529,-0.000502998811285,0.000294024992307,-0.000501642007695,-0.00156897450749,-0.000271753078677,-0.000634085507463,0.000568808429023,-0.000336430834497,-0.000416480002864,-0.000399338146739,0.000502671977205,-0.000511420491111,-0.000507005788106,0.000307515379628,0.000773760387282,-0.000242894747372,0.0010638031445,9.66038062724e-05,0.000235095109183,-0.000288172605129,0.000362696804339,-0.000580726743389,-0.000341678228414,-0.000559617741284,0.000263256865915,-0.000276791632376,-0.000609372557887,0.000284431007514,0.000307489124406,-0.00084442888172,0.000752214627818,-0.000270038581326,0.000479812436074,-0.000482784084841,0.000490250877491,0.000457463532475,0.000214472073953,0.000503787361508,0.000357348569105,0.000471522774053,0.000504553339697,0.000597307504897,-0.000558881269003,0.000177960041676,-0.000424259284276,0.000741178745562
-0.000258789365521,0.00109156745895,-4.47305472629e-05,-0.000342345615949,-0.00042780280141,0.000315250937954,-0.000686885809979,-0.00229929700421,-0.000457115480002,-0.000987700459102,0.00065690718767,-0.000310314985476,-0.000536458008664,-0.000409458862563,0.000551397945449,-0.000338996982214,-0.000461024907511,0.000356041595247,0.000950267940374,-0.000404754520339,0.000961831328055,6.56424420595e-06,0.000346681855701,-0.00034723164168,0.000766444682028,-0.000546912188473,-0.000358802936147,-0.000740785821233,0.000271638853545,-0.000492397712085,-0.00207079323099,0.00043840621193,0.000299686209027,-0.000799587568248,0.000607871930468,-0.000395370491921,0.000555563679062,-0.000619906194092,0.000518302412009,0.000533481642205,0.00038464324366,0.00048234303537,0.000410877440782,0.000578079662812,0.000539134357908,0.000543896928751,-0.000530759773915,0.000159689670974,-0.000453211707343,0.000751066906175
-0.000253353071482,0.00092902994816,1.59497906253e-06,-0.000313559390539,-0.000427405469954,0.000265359204044,-0.000509656655876,-0.00126897373563,-0.000330733710835,-0.000628396484153,0.000594145083094,-0.000287192328973,-0.00036356439359,-0.000318247867797,0.000362845507935,-0.000406499344464,-0.000443958095181,0.000360945496618,0.00103180685453,-0.000350024761164,0.000796869754747,0.000161452992836,0.000240647098569,-0.000289469822979,0.000507869357233,-0.00062147567657,-0.000386256768905,-0.000472348787972,0.000270673524943,-0.000257484029217,-0.000870682870892,0.000222511155547,0.000265108940851,-0.000800913072687,0.000523321182703,-0.000331378668054,0.00057077577321,-0.000533250002125,0.000487868838295,0.000514550200789,0.000299116450544,0.000545646177139,0.000291075427429,0.000422884316695,0.000394331279786,0.000565665007361,-0.000548605881769,0.000161139544737,-0.000407545845411,0.000673856389793
-0.000242812678701,0.00101216171822,1.85530826192e-06,-0.000313807855885,-0.000447963590172,0.000293584438633,-0.000532224984131,-0.00140077840254,-0.00035197843933,-0.000692604432439,0.000593448056188,-0.000264395830102,-0.000334066520745,-0.000362845865829,0.000355150274253,-0.000465644730807,-0.000401175241154,0.000369915650754,0.0010247113677,-0.000335367202825,0.000793204780375,0.000164294214308,0.000222136343295,-0.000305837042539,0.000421627068251,-0.000711573066875,-0.000367578600107,-0.000484898845324,0.000272595929659,-0.00026502495322,-0.000810688123026,0.000295878978383,0.000275563729733,-0.000817485429063,0.000554293924996,-0.000323540254699,0.000498650772183,-0.000498037787723,0.000483243720573,0.000528746123029,0.000297812043112,0.000511044600575,0.000291551463262,0.000421221682133,0.000391807349874,0.000606113774182,-0.000540945672021,0.000142198475767,-0.000476522810603,0.00065375062556
-0.0103027979199,-0.0251832526192,0.00554743379669,0.00199538845718,0.0153419942798,-0.00397644318909,0.00591177435947,0.0359624784506,-0.00264096194129,0.00210122429353,0.00873305169721,-0.00145794939504,-0.00916224329663,0.00886641665445,-0.00811958191844,0.0265046265308,0.00242922443813,-0.00184148726075,0.00524902371447,-0.000931926656488,-0.0235785028567,0.0032497516589,0.00345217983468,-0.002167220851,0.0122302389465,0.0647227319739,0.0055627279304,0.00476627026829,0.00079167008233,0.00212596940431,0.000209344214072,-0.0767330926696,0.00295212581523,0.0113298960772,0.00305957220509,-0.00493915808999,0.001693348968,-0.00724215944926,0.000741233555595,-0.0117294844999,-0.0137720333767,0.000280109696354,0.00697761533141,0.00691784794148,-0.0205092239776,-0.00368909799695,-0.00225305242227,0.00181707077179,0.00820853653859,-0.0140670529126
-0.000165348978004,0.00140250360058,-0.000137486769342,-0.000358661758024,-0.000223377658513,0.000429831229571,-0.00081272393526,-0.00213213783875,-0.000149339476848,-0.00099864396778,0.000500430414732,-0.000286836447869,-0.0003553062538,-0.000474822781006,0.000607481706586,-0.000486257400263,-0.000555393776141,0.000349470953034,0.000694384242767,-0.000255131151946,0.00114999053494,-0.00028672924616,0.000242841744267,-0.000323652924238,0.000232246602235,-0.000958369484005,-0.000223978113117,-0.000870853247335,0.00026828959545,-0.00028514313282,0.000198157501001,0.000417914477081,0.000148118532068,-0.00117174118273,0.000745178024828,-0.000359568289635,0.000652337931946,-0.000582835232306,0.00053756582718,0.000657504866778,0.000405461856996,0.0004838563779,0.00043342745185,0.000581315395715,0.000501896768489,0.000563155849216,-0.000826491510114,0.000192135369041,-0.000401195847985,0.000853214557853
-0.000209591441624,0.000951748365889,-0.000184760157615,-0.00032620347372,-0.000681305753421,0.000259972667975,-0.000502564283317,-0.0014910477621,-0.000306141721352,-0.00064175372049,0.000424253413666,-0.000259471824406,-0.000382109681497,-0.000435228623182,0.000506076799587,-0.000111951625336,-0.000455274091066,0.000285515986032,0.00100982931365,-0.000369434041065,0.000360570740341,0.000113483116052,0.000375850659142,-0.000263088734462,0.000386614176195,-0.000617705688274,-0.000488693038322,-0.000533818629789,0.000247610731587,-0.000219415397835,-0.00114781650066,0.000240983849071,0.000395427047911,-0.000569591903968,0.000563664119883,-0.000380927580516,0.000688346613569,-0.00051742598343,0.000573454750829,0.000516580595286,0.000255109268913,0.00044449655776,0.000111851845345,0.000438177101566,0.000454461721287,0.00046334098228,-0.000339157834239,0.000384932436105,0.000275016744245,0.000671971046089
-0.000226165009595,0.000832600447417,-0.000192948751909,-0.00034096847277,-0.000710298954773,0.000192855227031,-0.0005973300113,-0.00140310231183,-0.000268163677776,-0.000635901622248,0.000397912983995,-0.000209500831904,-0.000402877505919,-0.000316457331311,0.000483700134522,-0.000398154987946,-0.000480789499862,0.000322059415596,0.000974590185142,-0.000349890892149,0.000763202099329,9.41738716174e-05,0.000344532922434,-0.000321500700212,0.000370767914974,-0.00055143449212,-0.000380833620721,-0.000461473111649,0.000252502388513,-0.000234264141832,-0.00111901019459,0.000192260626944,0.000367770357016,-0.000547679999876,0.00049844371882,-0.000343001793383,0.000705248358797,-0.000551038457988,0.000530231062763,0.000512289041746,0.000333102371199,0.00040721948473,0.000369544411621,0.000393115367164,0.000384413840065,0.00052186993011,-0.000314936822913,8.9532019482e-05,-0.000374979386862,0.000660597231118
-0.000246000179906,0.00090132027849,-0.000158810865947,-0.000250560904317,-0.000494344359803,0.000333997869445,-0.000511738277123,-0.00151748254892,-0.000455612789862,-0.00069912915388,0.000402436351245,-0.000302004819458,-0.000405134690941,-0.000376893147383,0.000549103325945,-0.000354172677947,-0.000299197343381,0.00031731903387,-0.000366293389231,-0.000342661597007,0.000944557375939,0.000139101879349,0.000178849832972,-0.000311103419414,0.000561644224043,-0.000486451605952,-0.000375711759776,-0.000471324864469,0.000274944717296,-0.000353142119642,-0.00201941945038,0.000345341577237,0.000416531606448,-0.00071437237263,0.000762165360978,-0.000302562179731,0.000410560164285,-0.000552014076666,0.000505706234615,0.000458771614348,0.000313320825003,0.000510068876094,0.000327134839084,0.000355636286155,0.000298911596548,0.00050378737736,-0.000275434051901,0.000125950698758,-0.000471348764702,0.000614616352852
-0.000250101249797,0.000866549839619,-0.000100344062728,-0.000330168487312,-0.00047631492916,0.000312947547908,-0.000500311056702,-0.00153267662724,-0.000266743139407,-0.000711883032404,0.000545031252568,-0.000267075884658,-0.000345882988377,-0.000291394082237,0.000411581563638,-0.000434977883526,-0.00051273489444,0.00030200259471,0.000893218671612,-0.000242527840261,0.000948613647647,1.85259562824e-05,0.00020293883064,-0.000271882888815,0.000339320654075,-0.000578968932936,-0.000293566557582,-0.000556611163642,0.000276002551579,-0.000243293019498,-0.00118333614561,0.000267214308029,0.000289008972845,-0.000684467335554,0.000417659791395,-0.000367764316846,0.000360265643914,-0.00045130115986,0.000385259063834,0.000456622533331,0.000252486466972,0.000478551973557,0.000398693031438,0.000429590804135,0.000401807147082,0.000488987664881,-0.000485019640147,8.05751145435e-05,-0.000365500011927,0.000668896455783
-0.000242464654399,0.000810497211778,-9.35915519597e-05,-0.000300707402675,-0.000599444345741,0.000292442159762,-0.000389057443774,-0.00129311311521,-0.000334470812431,-0.000705927572795,0.000421571299791,-0.000306224716662,-0.000368831012077,-0.000285723724705,0.000437258309058,-0.000431189577575,-0.000405399090966,0.000287309240603,0.00101446473673,-0.00034351415652,0.000810736355548,6.93267251943e-05,0.000207503210431,-0.000217392164641,0.0003200358129,-0.000494004121417,-0.000294743728396,-0.000454672057771,0.000268558433205,-0.000242536722194,-0.00117812456176,0.000232574865859,0.000341556210986,-0.000678874521803,0.00057590164049,-0.00034614954691,0.00057009835584,-0.000480905813432,0.000425556913055,0.000425195871536,0.000212759950525,0.000389298680588,0.000349035114879,0.000370031720732,0.000460311152141,0.0004423132432,-0.000521853673448,0.000177662190276,-0.000391570231818,0.00055651610465
-0.000259036071377,0.000933174364896,3.68414173638e-05,-0.00032181962297,-0.00054102539875,0.000271539182666,-0.000572302031955,-0.00136939625184,-0.000271452193238,-0.000685394056418,0.000607715674419,-0.000277661705382,-0.000258281926839,-0.00037130693002,0.00043970108445,-0.00037430588525,-0.000419392732891,0.000364295678,0.00100594681569,-0.00030717075927,0.000896888993679,-6.62212156123e-05,0.000235888289039,-0.000320128879985,0.000384853197584,-0.000470945036363,-0.000184934174436,-0.00055325514346,0.000264485061178,-0.000230949372356,-0.000989222465207,0.000305671011292,0.000295512280783,-0.000662282034694,0.000542783941222,-0.00026782247066,0.00054325130084,-0.000507101006629,0.000387947069998,0.000523789905125,0.000299838805204,0.000476709293914,0.000288647549391,0.000475658890366,0.000390986348975,0.000489930813926,-0.000508152629071,0.000177097723585,-0.000427224839556,0.000566657710498
-0.000262659105969,0.000911759363163,-0.000124942655445,-0.000339962894204,-0.000407192805725,0.000268507513709,-0.000652325689473,-0.0015170680476,-0.000277099811728,-0.000550164893657,0.000461279387447,-0.000307706990508,-0.00030928007039,-0.000342810734987,0.000465705963595,-0.000319987946391,-0.000422485577194,0.000312333908214,0.000929864940624,-0.000302490657918,0.000720230746875,0.000119217786789,0.000268781987291,-0.000264016887493,0.000212790789286,-0.000553871379903,-0.000350680793056,-0.000659620036437,0.000268478483578,-0.000254310976895,-0.0011483615118,0.000364969838823,0.000287186083613,-0.000611754145027,0.000631122733272,-0.000336382064409,0.000473412219695,-0.000520476006806,0.000424585002341,0.000418143805796,0.000192596098724,0.00048280287738,0.000280415205013,0.000385211669458,0.000406010028257,0.000397510324711,-0.000386192563361,0.00014561597092,-0.00038914898197,0.00053873502931
-0.000183537443991,0.00121275867013,-0.000144703559143,-0.000279846605734,-0.000464691085624,0.000231204266461,-0.000691729050905,-0.00165853312766,-0.000276872811692,-0.000876744535289,0.000529449366805,-0.000310188009211,-0.000314752186061,-0.000255082126857,0.000498393283483,-0.00059293081085,-0.000482328071018,0.00037120970503,0.000896518732961,-0.000242272216051,0.000888117837016,-4.48505296118e-05,0.000239590481253,-0.000248306236534,0.000253230231996,-0.000773022646592,-0.000470856273936,-0.000664778287666,0.000291654316213,-0.000276601069897,-0.000347329788744,0.000335224087366,0.000252956461661,-0.000829524401378,0.000774191028745,-0.000288248917097,0.000623536136976,-0.000547437567352,0.000482804576789,0.000587550650777,0.000396226769624,0.000356011352243,0.000327021922724,0.000496204361743,0.000406870239086,0.000602092377606,-0.00067851576206,0.000251143407566,-0.00041090053883,0.000685205283712
-0.000213489318242,0.000835035263404,-0.000124051579066,-0.000333390687821,-0.000509507394776,0.000301681734044,-0.000529264962701,-0.00157395584486,-0.000276396962338,-0.000495410001812,0.000504309183406,-0.000281170959683,-0.000345931742333,-0.000409775329535,0.000459642573676,-0.000390731163929,-0.000471774914493,0.000259494772101,0.000959233222267,-0.000268677897484,0.000842105880529,-5.80238228202e-05,0.000296938395067,-0.000236975787273,0.000439308322615,-0.000487882178276,-0.000308782897219,-0.000451945149951,0.000262753456111,-0.000257958833354,-0.000991328557326,0.000246717427701,0.000297819320673,-0.000798096009442,0.000550276208894,-0.000198456810871,0.000391567650063,-0.000596278835113,0.000422092897504,0.000463319364991,0.000272987798906,0.000515388267051,0.000320000219296,0.000460768299909,0.000309977973052,0.000368785694903,-0.00060937004635,0.000145404574715,-0.000493046135465,0.000712602668845
-0.00025286341957,0.00102219967283,-0.000148497187895,-0.000364278151958,-0.000628114048302,0.000366351664428,-0.00050746639027,-0.00104779431104,-0.000234032276615,-0.000451125989791,0.000569473292642,-0.000269628370235,-0.000377817724322,-0.000373947267197,0.000495580068764,-0.000245114095178,-0.000513914756351,0.000352384942263,0.000859341673734,-0.000292625260655,0.000939937602527,-0.000118982365376,0.000342482617508,-0.000302845406313,0.000387535075067,-0.000375569453039,-0.00041149806798,-0.000550192971731,0.000261991935228,-0.000345416680812,-0.000737814729721,0.000347461455177,0.000314854844507,-0.00090424621188,0.000723027921992,-0.000198778777826,0.000473561220316,-0.000627347764856,0.000489776214088,0.000516473887114,0.000382312645651,0.000721760131635,0.000388086970444,0.000399207814871,0.000296352644717,0.000600495571857,-0.000467821685972,0.000212843142119,-0.000406706723731,0.000620341854915
-0.00027695567097,0.000997166153987,-0.000120871541072,-0.000327730160111,8.39164336114e-05,0.000304281703528,-0.000316903809929,-0.00152510763492,-0.000369035796451,-0.000754238740521,0.00039323465438,-0.000290689842807,-0.000481717295456,-0.000174550051533,0.000600716951985,-0.000476025798579,-0.000584915546965,0.000287395758457,0.000887306638953,-8.02478856548e-05,0.000636371193914,0.000172298218809,0.000204863788323,-0.000330046870488,0.000103806090639,-0.000658528844321,-0.000383528404829,-0.000178165484151,0.000270618763468,-0.000222850180073,-0.00103250609455,0.000185045329055,0.000394788338567,-0.000572389354448,0.000801676147849,-0.000406979837364,0.000531264616293,-0.000575363202764,0.00048693251574,0.000503159258885,0.000349091343652,0.000560627969771,0.000450220996647,0.000215991046629,-0.000153352793858,0.000563705667745,-0.000473447720037,0.0002857180871,-0.000349298312063,0.000681787653307
-0.000230122885772,0.000775771468503,-1.42668964565e-05,-0.000341165140323,-0.00042165156018,0.000430069918031,-0.000429506577743,-0.00159574987923,-0.00040055869009,-0.000390382608732,0.000477586914668,-0.000252527429003,-0.000340933219669,-0.000408035948672,9.60981392928e-05,-0.00029242470112,-0.000339061608249,0.000308892726292,-0.000427941148558,-0.000305956509556,0.000875758281067,1.87241514191e-05,8.10286282969e-05,-0.00025826817288,0.000438937147895,-0.000587521555138,-0.00057537036838,-0.000544865400285,0.00025150154469,-0.000264317755785,-0.0013686758692,0.00010072455894,0.000270740556479,-0.000810865782863,0.000360080846346,-0.000285524466952,0.000399425272363,-0.000556876361439,0.000455491843435,0.000266541651628,0.000150285913145,0.000682439700886,0.000263492125614,0.000341263326924,0.000334508456714,0.000731589733704,-0.000424789673306,0.000177445445675,-0.00043212091752,0.000687452301883
-0.000211535450376,0.000932845403551,-8.6606123894e-05,-0.000357429022848,-0.000504392169042,0.000367341076988,-0.000430729233557,-0.00150203474747,-0.00038932533221,-0.000457972820651,0.000504778024279,-0.000295209356328,-0.000358298523206,-0.000402474161729,0.00023420410377,-0.000280126670541,-0.000306498843953,0.000312533891065,-0.000666791900512,-0.00029575534766,0.00108180419086,0.000357443182209,7.64835634599e-05,-0.000225878519292,0.000333652676836,-0.000607783781112,-0.000559889522509,-0.000558392185866,0.0002549642288,-0.000279742780494,-0.00129891097964,0.000193441535368,0.000313896222189,-0.000775086468077,0.000441225715054,-0.000281945899622,0.000413216389702,-0.000597611110987,0.000479956247916,0.000364217751338,0.000223061122718,0.000736036586848,0.000367735822764,0.000441274052091,0.000347093256751,0.000579102271443,-0.00044199633866,0.000127932485986,-0.000430009057698,0.000696698478888
-0.000585495677989,-0.00306372546339,0.000437682890774,0.000784507028111,7.09940612453e-05,-0.000258146050931,0.000176223576343,0.00338936856586,3.14665753974e-07,-0.00034340093687,0.000850829704216,-0.000281845638266,-0.000434244266875,0.00015800330041,-0.000298265915074,-0.00021427604851,0.00107878994366,0.000179454887062,0.0015725119152,-0.000230606657671,-0.00188034622021,0.00124074294253,0.000484833066694,-0.000371304588603,0.00145220129177,0.00171018458957,-0.000413517214239,3.26490246721e-05,0.000105069344927,-0.000381572384531,-0.00045891386055,0.000292596073313,0.000132352618531,0.0015402715965,-0.000573386846682,-0.000567791325795,0.000132835145651,-0.000568301103544,0.000175411789489,-0.000943541504962,0.000414558613867,-0.00047157012053,-0.000537097243122,0.000150250772395,0.000560103237136,-0.00080815307091,-9.11001955165e-05,-0.000329209860692,5.01625089188e-05,-0.00172303415171
-0.000208081399403,0.00099448751067,-5.84190980279e-05,-0.000270170682757,-0.000437413192624,0.000304191033453,-0.000477559563152,-0.00156247572843,-0.000289513812355,-0.000727762660172,0.000511198769967,-0.000286336503756,-0.000373910269282,-0.000280005600876,0.000359464007772,-0.000424307522245,-0.000429947816553,0.000333931053908,0.00101630526302,-0.000236572230896,0.000888726073976,-4.23146308611e-05,0.00027946684149,-0.00028702875828,0.000377806153581,-0.000575186863061,-0.000375009207855,-0.000644207339285,0.000264927476429,-0.000246611356056,-0.000945982538402,0.000381718180804,0.000304308797622,-0.000597630956201,0.000666458370289,-0.000384893694651,0.000561994356345,-0.000522649218303,0.000463307879996,0.000514103323987,0.00029510798363,0.000425924402402,0.000289445861843,0.000410797089826,0.000587483105494,0.000537126760881,-0.000518641649731,0.000110691400756,-0.000484926510058,0.000549316409258
-0.000262839720882,0.0010455240204,-4.34684295818e-05,-0.000315131164029,-0.000396947748197,0.000345932478916,-0.00064937157187,-0.00154179323809,-0.000333397030806,-0.000658303096652,0.000517879768338,-0.000246177882045,-0.000375684084194,-0.000297810466643,0.00051722416325,-0.000584592984407,-0.000289389660064,0.000280235730964,0.000934516378554,-0.000300872002789,0.000957419214185,-1.51197161995e-05,0.000215542288413,-0.000218936008221,0.00034068057562,-0.000436871118818,-0.000384409204496,-0.000638090462802,0.000285174350132,-0.00026975384205,-0.000878326581521,0.000393334589689,0.00029066600089,-0.000667687024546,0.000600564988335,-0.000172167093128,0.000536267978713,-0.000486782609976,0.000387734656138,0.000527821665487,0.000277360571734,0.00050436910383,0.000266604412222,0.000311098522227,0.000416092812928,0.000555045224853,-0.000409481761642,0.000133627053665,-0.000404281973546,0.000547231985744
-0.000233052679718,0.000892666408412,-0.00016352850494,-0.000330026051926,-0.000356790544877,0.000247023000395,-0.000379352217474,-0.00145888003659,-0.000308321747547,-0.000674423338182,0.000505701281206,-0.000299576765182,-0.000420794121308,-0.00027732599046,0.000412790347662,-0.00037065005578,-0.000330728290002,0.000301048168525,0.000918279720291,-0.000164725882808,0.000875098249128,9.47506422465e-05,0.000300145180386,-0.000268310449799,0.000446101345563,-0.000524992401157,-0.000364307684787,-0.000642466205922,0.000267483507682,-0.000236589949629,-0.00115741101451,0.000293909161668,0.000287980337962,-0.000675374807565,0.000529000758317,-0.000272409073249,0.000499079938149,-0.000500467387454,0.000517857308086,0.000471025245957,0.000241637744777,0.000504529512631,0.000355303667664,0.00042704154103,0.000383183021195,0.000567094584295,-0.000545201718749,0.000108514584856,-0.000385196597479,0.0006202462267
-8.8228804256e-05,0.00180435868325,-0.000212603354952,-0.000405146908842,-0.000247907930653,0.000488709635802,-0.00126877706494,-0.00219840295699,-5.85571790211e-05,-0.0010251279227,0.00044409890541,-0.000246336035575,-0.00044823239973,-0.000432972652916,0.000748191488801,-0.000973246899763,-0.000659547648337,0.000409011061074,0.000440282498344,-0.0002131929986,0.00126450554196,-0.000598951688505,0.00020892012989,-0.00037288287402,-9.08785721928e-05,-0.00122347085832,-0.000365427053369,-0.0011316423101,0.000293430527376,-0.000273572712903,0.00137688306497,0.000644025421474,0.000261241215474,-0.00141594344078,0.000832565667991,-0.000303613227819,0.000594671419915,-0.000564008309045,0.000600560352092,0.000932268657167,0.000252554793762,0.000412269880131,0.000280882138543,0.000698814644077,0.00032068502339,0.000690787320799,-0.00109495336737,0.000272618242081,-0.000473170810283,0.00121593482277
-0.000218309563739,0.000957535975387,-5.77571441067e-05,-0.00035572604727,-0.000472331113814,0.000307772968131,-0.000479401390028,-0.00146045815243,-0.000302514019933,-0.0005788835787,0.000580538332737,-0.000271077891688,-0.000417705269903,-0.000308152330739,0.000264360164364,-0.000428333447082,-0.00042728859475,0.000330754589601,0.00102969056717,-0.000262902992711,0.000767628070778,9.26761143531e-05,0.000292845685651,-0.000321188543185,0.000489967785053,-0.000480750538067,-0.000408502059978,-0.00060946558169,0.000261001450678,-0.000256304886668,-0.000906478111666,0.000299843200089,0.000328624774962,-0.000560703154835,0.000530354701713,-0.000298350028922,0.000431689684853,-0.000453601379213,0.000408297240816,0.000502003111807,0.000244008982921,0.000521617115281,0.000324766292944,0.000429824021677,0.000348465849188,0.000577107068393,-0.0004559044646,0.000163487197388,-0.000505304239027,0.000642283129107
-0.000199463103574,0.000851316703904,-9.32723477687e-05,-0.000335885760912,-0.000466541138514,0.00024932060453,-0.000460505312475,-0.00150061238585,-0.000315359412858,-0.000565249159246,0.000478141641718,-0.000299550856097,-0.000308146789924,-0.000229625332178,0.000356387853822,-0.000365116026402,-0.000348480790095,0.000308708468821,0.00104964275852,-0.000257306352527,0.000955379176168,0.000221024527446,0.000312548145628,-0.000265041302446,0.000446560129755,-0.000666486025539,-0.000333575827471,-0.000567498187107,0.000275313095756,-0.000243334435409,-0.0010622042072,0.00029631317444,0.000376973431222,-0.000697888338626,0.000653280194892,-0.000313940368016,0.000602055159949,-0.000516696133919,0.00046800260071,0.000443133422417,0.000269938567086,0.00054554378503,0.000358009004922,0.00042515971227,0.000389846926844,0.000577251327975,-0.000509922935155,6.69207075407e-05,-0.000464096963922,0.000534681036789
-0.000254451711367,0.000807512909369,-0.000103390304004,-0.000334182121877,-0.00030092609817,0.000270254344864,-0.000527283308661,-0.00163295184329,-0.000351335876729,-0.000683229041765,0.000573574641071,-0.000288222731396,-0.000419726812942,-0.000264917462687,0.000365024359078,-0.00039912227741,-0.000465632643048,0.000328140916553,0.000888506827226,-0.000272488480591,0.000923446609802,0.000128264727521,0.000225085442206,-0.000254728546379,0.000541054957013,-0.000446420571486,-0.000410974570222,-0.000584692122754,0.0002542512482,-0.000274898404565,-0.00111893736035,0.00033239943033,0.000372600349438,-0.000636396725675,0.000603546882557,-0.000297753178654,0.000481256347526,-0.00061404009178,0.000455306892142,0.000510597119733,0.000353033166966,0.000554078431815,0.000298364748536,0.000462808577958,0.000552610602136,0.000522922042248,-0.00054875555139,0.000210249599001,-0.000425135134944,0.000674801584063
-0.000424519174434,-0.000296327267984,0.000116929582106,0.000529713303842,0.000239592084733,-0.000167683495971,0.0202684707705,0.00126023533367,-0.000925373806331,-5.95170768155e-05,-0.000258053070871,-1.97660407778e-06,-0.000562711886912,-0.000405888672178,0.00108378277719,-0.00073118149467,0.000162835089058,-0.000204646648247,-0.00163401678458,0.000832256435262,0.000424363866753,0.00155657893499,0.000144735601059,-0.000715344069495,0.000765515930945,4.56989908628e-05,-1.58225721698e-05,0.00028065890034,7.91217209409e-05,-0.000542054955844,-0.0048946638656,0.000217781356646,-0.000671982602113,0.000937671243318,0.00123591697618,-0.00011563143671,-0.000633802314862,-9.14814663511e-05,-0.000423641489692,-0.000753684158176,-0.000377706614533,-0.00543655392211,0.00028435062097,0.000476966439513,-0.00066737117519,-0.000463212518721,0.00102657574938,0.000474343050881,0.000561150068019,0.000124029782551
-0.000282659663095,0.000655237384747,9.43452035479e-05,-0.000285381633997,-0.000273519625368,0.000290396712419,-0.000374328984563,-0.0012161242863,-0.000442020089728,-0.000580362025899,0.000543425943279,-0.000165357516867,-0.000630086634928,-0.000488915166085,0.000213506079075,-0.000322716009922,-4.33239855236e-05,0.000295153131041,-0.000291105984418,-0.000382762069451,0.000618689062536,0.000300445585049,0.000367568681525,-0.00041699659742,0.000120217345661,-0.000324361564391,-0.000330924484042,-0.000624904762497,0.000257441548414,-0.000290251935051,-0.00179008416414,0.00049107029105,0.00029156697445,-0.000256361621767,0.000703271854408,-0.000398925996726,-0.00114751025974,-0.000165924956981,0.000533085997445,0.000536474680657,0.000327497246445,0.00054423872184,0.000380800325127,0.000603990522291,0.000469267959109,0.000373067812572,-0.00047889538317,0.000102214332277,-0.00055726364628,0.000595230024306
-0.000259370367963,0.000854901511579,-0.000152140117359,-0.000388611048819,-0.000494968646046,0.000409034377619,-0.000410600789309,-0.00166790945897,-0.000312745021231,-0.000732567919404,0.000443343975194,-0.000246697049708,-0.000294992509058,-0.000370030589025,0.000435308557711,-0.00039886734784,-0.000359039596676,0.000361028984196,0.00100579642744,-0.000178541776426,0.00092008579669,9.55381907696e-05,0.000268436081594,-0.000200219500001,0.000431197790127,-0.000514941311998,-0.000354874683538,-0.000696461908733,0.000275312380315,-0.000255695835353,-0.000851155911574,0.000335972748373,0.000322157908185,-0.000747294426058,0.000621642512978,-0.000333012370541,0.000531586878053,-0.0004735649636,0.000481858284035,0.000435512193796,0.000335585335787,0.000518456580729,0.00029006782243,0.000533084968909,0.000478297708794,0.000606166301799,-0.000526118557433,0.000151205926787,-0.000417339117738,0.000622948184449
-0.000258789365521,0.00109156745895,-4.47305472629e-05,-0.000342345615949,-0.00042780280141,0.000315250937954,-0.000686885809979,-0.00229929700421,-0.000457115480002,-0.000987700459102,0.00065690718767,-0.000310314985476,-0.000536458008664,-0.000409458862563,0.000551397945449,-0.000338996982214,-0.000461024907511,0.000356041595247,0.000950267940374,-0.000404754520339,0.000961831328055,6.56424420595e-06,0.000346681855701,-0.00034723164168,0.000766444682028,-0.000546912188473,-0.000358802936147,-0.000740785821233,0.000271638853545,-0.000492397712085,-0.00207079323099,0.00043840621193,0.000299686209027,-0.000799587568248,0.000607871930468,-0.000395370491921,0.000555563679062,-0.000619906194092,0.000518302412009,0.000533481642205,0.00038464324366,0.00048234303537,0.000410877440782,0.000578079662812,0.000539134357908,0.000543896928751,-0.000530759773915,0.000159689670974,-0.000453211707343,0.000751066906175
-0.000295020839928,0.000615060592966,-0.000118466409695,-0.000231753643969,-0.000485630873587,0.000190051754286,-0.000452261640062,-0.00134920476016,-0.000343743286031,-0.000567677389222,0.000418687137866,-0.000233256710088,-0.000324230151387,-0.000380097217389,0.00037712558892,-0.000206933671106,-0.000326651108652,0.000285831488518,0.000545310664784,-0.000177781430068,0.000757415168116,0.000158367672052,0.000203935180953,-0.000274159302158,0.000220972019731,-0.000399115017658,-0.000336531214499,-0.000559747487977,0.000262268874205,-0.000238863842681,-0.00144402908019,0.000339624525456,0.000314408560737,-0.00067991894564,0.000647108563325,-0.000266000176739,0.000364278846397,-0.000505001182256,0.000441894300264,0.000373795674662,0.000220580408454,0.00036273713437,0.000347617304601,0.000169389041877,0.000296455189382,0.000512601017319,-0.000349356119091,0.000113826219187,-0.00045652954063,0.000712926240347
-0.000203245988123,0.000832360236178,-4.80794214355e-05,-0.00030391383671,-0.000438478717035,0.00016995866079,-0.000566857994543,-0.00134446331623,-0.000353053766893,-0.000789502299835,0.000495574510746,-0.000264244494342,-0.00037036639415,-0.000332389687315,0.000526505255519,-0.00041859087906,-0.000275997000118,0.000323708923393,0.00109030337472,-0.000284623323258,0.000995464577954,-0.000110050260288,0.000277725230701,-0.000247140704184,0.000332772548008,-0.000609131790386,-0.000199126022074,-0.000593955360131,0.000264334688474,-0.000241692392679,-0.00118269192334,0.00044554919874,0.000239040146773,-0.000587250069093,0.000526213965996,-0.000261568358012,0.000535619586721,-0.000453293416528,0.00032208928532,0.000529815341124,0.000209222604799,0.000531525486588,0.000329816685963,0.000414637041746,0.000423643958942,0.000638807938357,-0.000336294994023,0.000227547352515,-0.000411688799734,0.000726456868011
-0.000297171005881,0.000679174289742,-1.82749517803e-05,-0.000231789521659,-0.000652939026709,0.000214062867168,-0.000506332709366,-0.000649270332063,-0.000351415151277,-0.000484382176193,0.000619228406854,-0.000194035596447,-0.000285428830742,-0.000304398053739,0.000326973211256,-0.000214035296312,-0.000373622795672,0.000263135702786,0.00109747592581,-0.000223401115989,0.000628138308219,4.97172568108e-06,0.000285405400294,-0.000316250861918,0.000427257765247,-0.000366849976913,-0.000526208492813,-0.000413546577149,0.000285562512923,-0.000261046288672,-0.00102201788814,0.00027074471285,0.000378593163624,-0.000598451659636,0.000726272103219,-0.000210317805361,0.0005054817031,-0.000473828227414,0.000395066417948,0.000355320102344,0.000181536863809,0.000471495301902,0.000428289659939,0.000321242952134,0.000550074563903,0.000524055938567,-0.000558316906574,0.000317279811006,-0.000288947017409,0.000564785734619
-0.000255986033607,0.00108400757925,-8.33004457189e-05,-0.000312874630843,-0.000683664151564,0.000259344513912,-0.000516060787409,-0.00116374284294,-0.000192484107134,-0.000639077699168,0.000521381174363,-0.000241969890098,-0.000278070353843,-0.000304361672747,0.000357467574106,-0.000422704433369,-0.000384093497033,0.000325763259245,0.000972528314822,-0.000237155778434,0.000886454032324,0.000113197039321,0.000275579784833,-0.000313589388409,0.000521742532244,-0.000505966895597,-0.000458354312945,-0.000644346545762,0.000273066855505,-0.000269227584461,-0.000839305057434,0.000329296232999,0.000299119595705,-0.000792147576881,0.00072018082963,-0.000321219278946,0.000544727231438,-0.000623318136426,0.000465959072638,0.00044718283885,0.000303665927323,0.000505672963465,0.000372614896065,0.00049143396138,0.000360415751871,0.000685408821309,-0.000391352833537,0.000160383288504,-0.000394609182265,0.000719071509432
0.000260232918675,-0.00404426932311,-0.00230869276378,0.00108236345941,0.0178465557764,0.00259454845717,0.00421209570995,-0.00386517334081,-0.0026095554781,0.00034160893505,-0.00241759893665,-0.000409235663163,0.023084245843,0.00132065988928,-0.00695349184938,0.00557086735217,9.56179963314e-05,0.00162165774352,0.00212098749173,-0.00180593299711,-0.00274593201841,-0.00787320405623,0.00296719135773,-0.000482916743504,-0.010183123298,0.00454772852177,-0.00268302584629,-0.00134242111675,0.00042458071551,-0.00141485412493,0.00582380298015,-0.016010238415,0.000568393138694,0.0013367460331,-0.0199375957649,-0.00049875098288,-0.000295435134027,-0.000521456203787,0.000210765258325,-0.00686564269766,-0.000610548297621,-0.00186555994369,0.00131311034349,-0.00519011942586,0.00109923089494,-0.00258472246298,-0.00118565685976,0.000554367443307,0.00198353011051,-0.000652123672273
-0.000230965609681,0.00110097341336,-8.19348764604e-05,-0.00036087657728,-0.000468129344828,0.000267291230623,-0.00064440696199,-0.00180556183799,-0.000339755499682,-0.000765768886065,0.000516316830142,-0.000291542415494,-0.000376176250127,-0.000379715619121,0.000483877186133,-0.000564103037963,-0.000400368676747,0.000354555454296,0.000309211399909,-0.000297127876447,0.000868702281403,-0.000145725795942,0.000280286634281,-0.00031291086203,0.000475312583825,-0.000468096400594,-0.00028226336502,-0.00071052072973,0.000268681189737,-0.000301510330095,-0.00118061941212,0.000353869068797,0.000314958104752,-0.000802180516636,0.000635118426422,-0.000362949263353,0.00050712437284,-0.000604364231475,0.000449633253656,0.000601368167655,0.000314445184198,0.000464938360592,0.000341011488377,0.000418697702607,0.000343564722977,0.000465638477979,-0.000448326253595,0.000155876236476,-0.000415838953099,0.000685645878588
-0.000116857396777,0.000870721193758,-0.00012308306231,-0.000351480471546,-0.000456803464928,0.000281443545497,-0.000383948934749,-0.00103621767213,-0.000254599232666,-0.000584649942579,0.000502086385132,-0.000286855389289,-0.000325484453444,-0.000382563783581,0.000510352005248,-0.000210195852622,-0.000341125386553,0.000314002708369,0.000897738726918,-0.000302839900622,0.000820074832191,-0.000136486531888,0.000227877500265,-0.000277218421487,0.00055189289366,-0.000414695338213,-0.000424044485348,-0.00055773753378,0.000267502411902,-0.000309188155378,-0.00116672447366,0.000336762609539,0.000307107363539,-0.000816626167783,0.000554654016879,-0.000283885774285,0.000412621381969,-0.000562576379094,0.000386230778236,0.000454612914232,0.000354069128268,0.000642456934023,0.000347195709103,0.000388434421847,0.000290396118099,0.000561823243236,-0.000379087695138,0.000123550582046,-0.000438138879715,0.000524893689158
-0.000226589423937,0.000895363499808,-9.61622451309e-05,-0.000352475439901,-0.000437640382143,0.000293759809316,-0.000480609915718,-0.00149495290557,-0.000393626273338,-0.000806852017111,0.000549260011978,-0.000229869166037,-0.000425415271603,-0.000337147305377,0.000375505651724,-0.000540568572717,-0.000584621696239,0.000311761805049,0.000295547495551,-0.000326432253105,0.0007958595959,4.81553823545e-05,0.000249942166479,-0.000363081970467,0.000503705608414,-0.000489140023593,-0.000263911998801,-0.000503514645532,0.000264804903051,-0.000259660013259,-0.00149591539077,0.000298082245744,0.000330206676718,-0.000502061119241,0.000525797593237,-0.000356063634083,0.000579049707775,-0.000515072497805,0.000491049133906,0.000484967736422,0.000327604236997,0.000436268112073,0.000302438085141,0.000409755197475,0.000517559415705,0.000478854358211,-0.000569412698278,0.000145383061529,-0.00042085524315,0.000468493879295
-0.000247158832547,0.00123036234399,7.38895319398e-05,-0.000386243311428,0.000113257895561,0.000560296802576,-0.000990407667191,-0.00224452424119,-0.000263759963421,-0.00152128406457,0.000711439942054,-0.000225442235661,-0.000530534311529,-0.000365935504281,0.000371785930201,-0.00073760029842,-0.000575105008357,0.000396922216003,-0.00289778995873,-0.000254246493964,0.00134711722287,0.000276302829032,0.000294076993966,-0.000336098545171,0.00040680159541,-0.000622027733949,-0.000633651827874,-0.000978874975951,0.000270095673609,-0.000247050556261,-0.000587898204174,0.000739797718257,0.000336142569312,-0.000748447607733,0.000952045109499,-0.000399973169453,0.00105243024053,-0.000748863756746,0.000749031096581,0.000365250185099,0.000205220697998,0.000623720482739,0.000356446797897,0.000918101042661,0.000831462698882,0.000659393345848,-0.00115977502101,0.00029785740659,-0.000394798247169,0.000507894941685
-0.000518163760188,0.00495570918467,-0.000316765335074,-0.0003542864405,0.000276445846057,0.000384086910223,-0.00279137779042,0.0140557403472,0.000132849305837,-0.00596385482574,0.000309007973619,-0.000517481185129,-0.000844049794127,-0.000609430530971,0.000231455091664,0.00392137350062,-0.000632193829802,9.42365080814e-05,0.00206166808778,0.0012487552555,-0.000314629753472,0.000283244966426,0.000703817617865,-0.000437763112339,0.00120041787708,0.000636861583678,-9.44444049096e-05,-0.00134877951336,0.000200802479434,-0.000405172342098,-0.00211484022522,0.00207187520597,0.000712636556329,0.00187060216049,-0.0306713701996,0.000960357872601,0.00173592224249,-0.0010836312896,-0.000170687917684,0.00119780430706,0.000344063926999,-0.00222855583491,1.10664457825e-05,-0.00462780723448,-0.00125157617982,-0.00419909690107,0.00386288487695,0.00147006275491,0.00101598922043,0.00236028470223
-0.000258789365521,0.00109156745895,-4.47305472629e-05,-0.000342345615949,-0.00042780280141,0.000315250937954,-0.000686885809979,-0.00229929700421,-0.000457115480002,-0.000987700459102,0.00065690718767,-0.000310314985476,-0.000536458008664,-0.000409458862563,0.000551397945449,-0.000338996982214,-0.000461024907511,0.000356041595247,0.000950267940374,-0.000404754520339,0.000961831328055,6.56424420595e-06,0.000346681855701,-0.00034723164168,0.000766444682028,-0.000546912188473,-0.000358802936147,-0.000740785821233,0.000271638853545,-0.000492397712085,-0.00207079323099,0.00043840621193,0.000299686209027,-0.000799587568248,0.000607871930468,-0.000395370491921,0.000555563679062,-0.000619906194092,0.000518302412009,0.000533481642205,0.00038464324366,0.00048234303537,0.000410877440782,0.000578079662812,0.000539134357908,0.000543896928751,-0.000530759773915,0.000159689670974,-0.000453211707343,0.000751066906175
-0.000343823869769,0.00062225126863,-0.000103675510357,-0.000360172186757,-0.000573569858998,0.000125558506594,-0.000517747281938,0.000349638562791,-0.00016728124266,-0.000313696170751,0.000616476702232,-0.000237908643592,-0.000425381944957,-0.000205060426378,0.00035431208754,-0.000301307333728,-0.00038437679839,0.000146171085165,0.00119868026451,-0.000204249548429,0.000777600083922,-8.26190586418e-05,0.000329583426369,-0.000281143896684,0.00070525326753,-7.34108058603e-06,-0.000256474058658,-0.000496184410736,0.000271037983807,-0.000270844946879,-0.000895433175189,0.000224523776405,0.000413849059027,-0.000509923378333,0.00058109525354,-0.000270780575813,0.000617369780756,-0.000506719010501,0.000412107049267,0.000498093452933,0.000233508141015,0.000323825689105,0.000450363866047,0.000471678648322,0.000619573368034,0.000677977342738,-0.000538597283553,0.000162975264915,-9.83747810261e-05,0.000405865590072
-0.0002275030944,0.00104944601037,-9.30340648489e-05,-0.000358121102269,-0.000388865343269,0.000253364739953,-0.000629872935771,-0.00164079467304,-0.000313430861341,-0.000522156956986,0.000557105689674,-0.000281471958226,-0.000320359279209,-0.000264789766379,0.000362156152123,-0.000368872927885,0.000352852381517,0.000284432353081,0.00106706050097,-0.000235025398019,0.000969087806694,2.59193381703e-05,0.000202333543147,-0.000259624599266,0.000356112841525,-0.000527315828167,-0.000146533630778,-0.000605706457073,0.00028693453178,-0.000259358338883,-0.000871423503953,0.000205949208417,0.000339365951025,-0.000773711389488,0.000626428379747,-0.000272491663988,0.00064362165004,-0.000499777306817,0.000566762634365,0.00054862548984,0.000271443167605,0.000465568425586,0.000332107073182,0.000421375017353,0.00048562988988,0.000549399687838,-0.000635910962619,0.000171043229944,-0.000445429129737,0.000800339187216
-0.000373372370689,0.000487923934798,-6.44515619285e-05,-0.000383670606817,-0.00047598871734,0.000253454944747,-0.000482512690403,0.00014815077235,-9.06029169917e-05,-0.000387113597593,0.000668796565994,-0.000257829372478,-0.000366691829394,-0.0004583184499,0.000433540226991,-0.000141888079564,-0.000552213986979,0.00029379224408,0.000853834298087,-0.000246930429137,0.000978193723245,2.911979525e-05,0.000274915480422,-0.000299385160016,0.000552925315536,6.50822121795e-05,-0.000529332670214,-0.000486659894034,0.000241506533572,-0.000276972719314,-0.000769709415827,0.000292660194843,0.000357312520562,-0.000683379806099,0.000735455116111,-0.000290261948327,0.000683945251281,-0.000603089085878,0.000459179877253,0.000350282103721,0.000229918290247,0.000541421008574,0.000503683194617,0.000456916960441,0.000506404517232,0.000649448973901,-0.000563733390337,0.000223170548975,-0.00049793425188,0.000492583201401
-0.000845364366105,-0.00473234512942,0.00089764128098,-0.000689391330892,0.000831775327376,-0.000149195684287,0.00118722606259,0.00476070146841,-0.00136217766666,0.00141966996745,0.000292270109594,-0.000216139806591,-0.000427473381076,-0.000823698817069,-0.000419065596713,0.00195315650276,0.0046650325439,0.000721875040207,0.0015470589303,-0.00069212247633,-0.00319475976276,0.00286354908391,0.00171004222107,-0.000473759598232,0.00392559718571,0.00376893595994,0.00146540298022,0.00151082663909,-0.000629968375006,0.000169883185896,0.00197338210093,-0.000551938569967,0.000199823524899,0.00426044303411,-0.00184248941314,-0.000769016710454,-0.010778716096,-0.00103834061748,-0.00203392651896,-0.000454233008337,-0.000523047836999,-0.000583967164591,0.000405510449463,-0.000871904283148,0.000538432126323,-0.0082521911851,0.00148997964757,8.41857518869e-05,0.000843072189543,0.00208659375652
-0.000201045561955,0.000793093541237,-2.50289516447e-05,-0.000367673278936,-0.000564406030816,0.000337246121488,-0.000414564568275,-0.00139327941204,-0.000357313275059,-0.000757450109263,0.000621261696244,-0.000229523867786,-0.00034859004575,-0.000324466222023,0.000445638683488,-0.000422211953948,-0.000345099556058,0.000255927025702,0.00094050766096,-0.000289699611916,0.000721879567357,-3.74187633661e-05,0.000223606245855,-0.000289166019007,0.000490580520187,-0.000538629769294,-0.000265335518981,-0.000505140824567,0.000273858769893,-0.000241833686161,-0.00104920283997,0.000330631885396,0.000348703997897,-0.000614580191044,0.000616322204731,-0.000331590120154,0.000492010081099,-0.000466242022488,0.00043225418198,0.000518730744218,0.000305152935978,0.000559616158494,0.000323662749312,0.000449969336791,0.000508722615581,0.000531048880235,-0.000351114911834,0.000142687147412,-0.000400882220317,0.000534994668033
-0.000300560266158,0.00108689231488,-0.000146908830841,-0.000201408673677,-0.000466462150811,0.000271141611559,-0.000525970572053,-0.00181330388306,-0.000504341241336,-0.000586725873828,0.000606123561373,-0.000231683209031,-0.000447426471778,-0.000385775604057,0.000617687191461,-0.000366602239774,-0.000276243835853,0.000366347955365,0.000486676070502,-0.000336363747756,0.000917781821469,0.000147793500205,0.000332030800372,-0.000308842260381,0.000652213033698,-0.000526414007368,-0.000377387469916,-0.000594340404983,0.000270968085371,-0.00044705118762,-0.0022217388454,0.000457301889434,0.000358438713958,-0.000761551709323,0.000514805012556,-0.000208929978492,-0.00099686014503,-0.000542264075248,0.00033371603145,0.000488138671624,0.000481373046035,0.000529537825789,0.000427265036987,0.000374415653875,0.000311665263841,0.000475638905981,-0.000257266624284,-2.44413415585e-05,-0.000373735637839,0.000817660060726
-0.000519641204507,-0.00465831377493,0.00185443186879,0.00026188845452,0.00035984058661,-0.00193521129098,0.00159715723865,0.00278840908083,-0.00026258355093,3.84055241693e-05,0.000753420369788,-0.00106880028547,0.00123021922178,-0.000635379781559,2.48994447697e-05,0.00128257944864,0.00139261717884,6.93375175647e-05,0.0010032138045,-0.00164766647743,0.00133312708141,0.000756839787982,0.00129995024071,0.000878980085573,-0.00621441537177,0.00077698378309,-0.001543651856,0.00178599001284,0.000234557051999,-0.000234250136111,-0.00070436525791,-0.000868492726631,0.00034897371478,0.00215465655408,-0.00851818792333,-0.000829722634566,-0.00664544305569,0.000786459375149,0.000445354949041,-0.00164182253883,0.000323250690039,0.000330644457485,0.00117136905897,-1.91372262677e-05,0.00137701404578,0.000153142458899,0.00167565735659,-0.00173315857497,0.000102546719702,0.000541065904242
-0.000175611841574,0.00120031073595,-8.32509784413e-05,-0.000335773725384,-0.000510151939466,0.000318507015382,-0.000659410416713,-0.00171403979,-0.000305808512409,-0.000724738478637,0.000530895042807,-0.000220859352191,-0.000334532166956,-0.000374968885065,0.000460552291099,-0.000526512426764,-0.000386339650718,0.00033697797357,0.000927170789837,-0.00030927121479,0.000921688478199,-4.25441900232e-05,0.000244901869266,-0.000301873467525,0.00040702072647,-0.000820993734945,-4.48170511546e-05,-0.000793199736865,0.000270629866477,-0.000265278527676,-0.000525314443586,0.000248786848609,0.000336508800981,-0.000706650537203,0.000667416699727,-0.000261498578622,0.000565291448003,-0.000656660706162,0.000454562975116,0.000594969861528,0.000284683851799,0.000419486026347,0.000351696121244,0.00052582308827,0.000522877322139,0.000514499000165,-0.000617069099705,0.000174841374888,-0.000403934113231,0.000704384461359
-0.000356179724955,0.00102015803522,-0.000221108880795,-0.00023838454713,-0.000363329008093,0.000195982174571,-0.000590177721503,-0.00103687466145,-0.000423081207435,-0.000612337572537,0.000560590986049,-0.00033566415205,-0.000350713235225,-0.000230861937526,0.000489949813217,-0.000523029465958,-0.000477996339601,0.00037040676625,-0.000356480046503,-0.000180642829791,0.0010548953513,9.94118429362e-05,0.000226232816272,-0.000361898750723,0.000587566842268,-0.000233248066246,-0.000457304456858,-0.000579207223088,0.000283671173105,-0.000366114587578,-0.000374019149616,-0.000377733498256,0.000395466025997,-0.000967518510463,0.000986744530609,-0.000306014030714,0.000435059662927,-0.000720502446314,0.000395241169285,0.000561333602189,0.000288507977908,0.000542255674682,0.000422746841751,0.000402031452558,5.41841471776e-05,0.000654163023213,-0.000323972579358,0.000178051126722,-0.000299441525726,0.000490997811981
-0.000258789365521,0.00109156745895,-4.47305472629e-05,-0.000342345615949,-0.00042780280141,0.000315250937954,-0.000686885809979,-0.00229929700421,-0.000457115480002,-0.000987700459102,0.00065690718767,-0.000310314985476,-0.000536458008664,-0.000409458862563,0.000551397945449,-0.000338996982214,-0.000461024907511,0.000356041595247,0.000950267940374,-0.000404754520339,0.000961831328055,6.56424420595e-06,0.000346681855701,-0.00034723164168,0.000766444682028,-0.000546912188473,-0.000358802936147,-0.000740785821233,0.000271638853545,-0.000492397712085,-0.00207079323099,0.00043840621193,0.000299686209027,-0.000799587568248,0.000607871930468,-0.000395370491921,0.000555563679062,-0.000619906194092,0.000518302412009,0.000533481642205,0.00038464324366,0.00048234303537,0.000410877440782,0.000578079662812,0.000539134357908,0.000543896928751,-0.000530759773915,0.000159689670974,-0.000453211707343,0.000751066906175
-0.000388956879796,-0.00666652794385,-0.001696987657,-0.00178355249995,-0.00202905654167,0.00116588814034,-0.00142962746428,-0.00703815266077,-0.000995550501048,0.0132879498614,0.00335020931943,0.00137516512704,-0.00194063743176,0.0225132285465,0.000240612000286,-0.00442888494874,0.0130361288097,0.000630027734382,-0.0203970255346,0.00317916299496,-0.00347702741227,0.00288074444942,0.00398633444928,0.000639477775562,0.0029588385477,0.00785897626124,-0.00111821370975,0.00990245528731,-0.000873928505731,0.000114986002772,-0.00234884452669,0.00213082070367,0.00116659791499,0.0150876049226,0.00491317246625,0.00418307707767,0.00391437903803,0.00897645507299,0.00179693852333,3.21570659484e-05,0.000498765651319,0.00230721007982,-0.000860554915515,-0.00134489241871,-0.0545585486583,-0.00536739361753,0.00987444399965,-0.00184962221694,-0.00136896139087,0.000598004507189
-0.000225644220083,0.000937978482001,-0.000170257200722,-0.000305844692922,-0.000415251030827,0.000247184305472,-0.000475764147347,-0.00151882251,-0.000305397629111,-0.000659704735961,0.000427585846612,-0.000243233935556,-0.000341342569553,-0.000351883513321,0.000351455054818,-0.00050948067104,-0.000377433906027,0.000332277220153,0.000978344439749,-0.000329065469461,0.000944507801322,9.74864145095e-05,0.000178664232513,-0.00030245521163,0.000439105904356,-0.000622608598572,-0.000330297358575,-0.000591184573006,0.000261411559638,-0.000262540762808,-0.000828728405604,0.000362681402339,0.000372087646511,-0.000745210412119,0.000645613808411,-0.000227247967392,0.000648755477597,-0.00058973664788,0.000405771025575,0.000559162549108,0.000273204440811,0.000651936888112,0.000255540575919,0.000395787729043,0.000358133610844,0.000509798516726,-0.000535322944549,0.000131957059076,-0.000335530514995,0.000672999033703
-0.000258789365521,0.00109156745895,-4.47305472629e-05,-0.000342345615949,-0.00042780280141,0.000315250937954,-0.000686885809979,-0.00229929700421,-0.000457115480002,-0.000987700459102,0.00065690718767,-0.000310314985476,-0.000536458008664,-0.000409458862563,0.000551397945449,-0.000338996982214,-0.000461024907511,0.000356041595247,0.000950267940374,-0.000404754520339,0.000961831328055,6.56424420595e-06,0.000346681855701,-0.00034723164168,0.000766444682028,-0.000546912188473,-0.000358802936147,-0.000740785821233,0.000271638853545,-0.000492397712085,-0.00207079323099,0.00043840621193,0.000299686209027,-0.000799587568248,0.000607871930468,-0.000395370491921,0.000555563679062,-0.000619906194092,0.000518302412009,0.000533481642205,0.00038464324366,0.00048234303537,0.000410877440782,0.000578079662812,0.000539134357908,0.000543896928751,-0.000530759773915,0.000159689670974,-0.000453211707343,0.000751066906175
-0.000242669517098,0.000838587863045,-0.000109372908743,-0.000347523887922,-0.000354507448594,0.000379547033762,-0.000570059382456,-0.00153050214248,-0.000335687505402,-0.000710581900809,0.000582815275715,-0.00028778615466,-0.000326308147247,-0.000351966585185,0.000357383631194,-0.000304436720161,-0.000440838433173,0.000326321832342,0.000204719346426,-0.00020301805818,0.000985477129146,0.000275387735478,0.000275742719743,-0.00031014859327,0.000522785460375,-0.00058619963803,-0.000463966174033,-0.000564475017496,0.000270676426427,-0.000294314295411,-0.00120099479827,0.000354412123987,0.000300228584699,-0.000677961604246,0.000676238121789,-0.000352888675833,0.000574947833071,-0.000461855691075,0.0004229485085,0.000432458240626,0.000340155127163,0.000657436824708,0.000329861227716,0.000423295753261,0.000494762919268,0.000605242062608,-0.000453535370812,8.27562647496e-05,-0.000423070804702,0.000627085447821
-0.000232771423097,0.000835685495738,3.66859558707e-05,-0.000301324655713,-0.000413547428796,0.000231036248111,-0.000471776476337,-0.00161931878365,-0.000333581247213,-0.000555868818594,0.000595277878885,-0.000302207252209,-0.000316064029297,-0.00037170997942,0.000424638737007,-0.000320503227944,-0.000396309286483,0.000324513111144,0.000733539873582,-0.000211749377173,0.000776014366321,6.13743374347e-05,0.000203626966348,-0.000297073223206,0.000385354522509,-0.000531995962227,-0.000378179479676,-0.000591533321716,0.000266843824218,-0.000288389787632,-0.00130666498144,0.000244882748612,0.000288257474271,-0.000778115925651,0.000602213828803,-0.000301948555032,0.000528465938511,-0.000535760892044,0.000355574203584,0.000449610148379,0.000331427212344,0.000494640789451,0.000257730502362,0.000518174963941,0.000423957290111,0.000430563135252,-0.000387800425143,0.000175149944766,-0.000453508455151,0.000563061982822
-0.000450331580204,-0.000894932763293,-0.000162094934984,-0.000391446631878,-0.000253831586304,0.000232540972478,-0.000677392282059,0.000372800380485,-0.000218188454448,-0.000275852460579,0.000681660602154,-2.03444987176e-05,0.000152792222867,-0.000191237303139,0.000396116464334,0.000415888595449,-0.000588494567178,-0.000212235405889,0.000481126761654,-0.000163066781397,0.00118815015234,0.000374945344956,0.000428779837682,-0.000417983664706,0.000934698113884,-0.000347867797246,-0.000374030781185,-0.000473696185978,0.000294920672165,-0.000373029849231,-0.0011845402871,9.13817676153e-05,0.000237468265736,0.00145983701104,0.000472352457908,-8.15694375695e-05,0.000410403484611,-0.000661923357941,0.000500387311702,0.000383808629474,0.000419042907672,0.000823082124514,0.000474384629466,0.000383210860469,0.000559553096906,0.000687096677696,0.00159738525994,0.00013350701019,-0.000298523408318,0.000421626832232
-0.000191118732267,0.000833525320342,-0.000127508632522,-0.00030758887782,-0.000443601808545,0.000265243444238,-0.000486894925583,-0.0014317176836,-0.000315613688812,-0.000749377590937,0.000547585590207,-0.000280036250036,-0.000361880449401,-0.000267670168587,0.000358965072736,-0.000414348841791,-0.000365935470397,0.000302813407422,0.00104003465704,-0.000269134064238,0.000783963687425,0.000196513770038,0.000227500216699,-0.000258015155121,0.000418997942304,-0.00051035514834,-0.000333256582353,-0.000470149566293,0.000276553645713,-0.000249729860585,-0.0012120292862,0.000274824998791,0.000318848881045,-0.000703128975728,0.0005476808012,-0.000230787037029,0.000445800407274,-0.00041852928665,0.000269787721907,0.00045770511882,0.000265275100385,0.000380171377971,0.000263292823805,0.000479062941042,0.000408126956818,0.000567380112045,-0.00052385880584,0.000128671900549,-0.000413421571788,0.00056681448476
0.000419491295637,-0.000644113343061,-0.00043994847917,0.00112990962713,0.000185491886486,-0.00162030938036,-0.00123690577903,0.00340735664035,-0.000314705637222,0.00176765256188,0.000655379296823,-0.00104864046115,-0.000260805371427,-0.000297985111645,0.000214599154142,0.00835610394037,-0.000383468484169,-0.000328070006042,-0.00134918789156,-0.000789900046079,0.000776901585049,0.00171041267156,-0.00268757168787,0.00012198933877,0.00118629042186,0.00279875597532,-0.00262048861733,-0.001037748197,0.000333123041824,-0.00013027844341,-0.00127858366125,0.000980708711868,0.000743368577168,0.000466760917753,0.000373725010134,-8.04724099111e-05,0.000869952977796,0.000174707883716,0.000288790416432,0.00018075690911,0.000378016005496,-0.000140998204081,-0.00768384619077,0.000516552583267,-0.000134020702597,0.000398066379664,0.000595602473607,0.00074797920616,-0.000190917743807,-0.000970669150101
-0.000221070910553,0.000759028825058,-7.01450181199e-06,-0.00032524208557,0.000106036155274,0.00017730234149,-0.000647591399622,-0.00163646612814,-0.000400538861458,-0.000824643971198,0.000659980777406,-0.000277808797968,-0.000432671708959,-0.00034095158669,0.000345924391494,-0.000453426400199,-0.000435170631512,0.000246944171213,-0.000410433497931,-0.000253407029628,0.000930283764873,8.35051481616e-05,0.000157797747141,-0.00030805938114,0.000490725341433,-0.000538272975245,-0.000427139981022,-0.000678766541727,0.000267779134751,-0.000278209317994,-0.00142348988083,8.71502831749e-05,0.000296927206818,-0.000705547646363,0.000649498446001,-0.000342006717544,0.000465906462167,-0.00058631413079,0.000514098222269,0.000447045955735,0.000278115030835,0.000503537690415,0.000352257418158,0.000404189077756,0.000368382384966,0.000455767622982,-0.000590637322325,0.000186280609376,-0.000456165388718,0.000624394035821
-0.000160792737204,0.00110485069231,-0.000127774111419,-0.000353725075317,-0.000461039225988,0.000302593354897,-0.000685827431087,-0.00164459070813,-0.000279669386168,-0.0007767533395,0.000555377547873,-0.000303023322497,-0.000363159553201,-0.000314006364298,0.000543685840944,-0.00049189964235,-0.000535009970813,0.00031265645366,0.000969609877017,-0.000209727151447,0.000975742221989,-0.000124360554582,0.000269466081908,-0.000259349544486,0.000409994426391,-0.0007153843351,-0.000330865154782,-0.000623852302675,0.000263009836135,-0.000278650384656,-0.000505190086325,0.000376013260508,0.000273803175391,-0.000789341664497,0.000696041344048,-0.000342038348497,0.000502301881121,-0.000532205656717,0.000422410185644,0.000453272284966,0.000265951169817,0.000661736075726,0.000374762586513,0.000485461115958,0.000403421371904,0.000543996307174,-0.000658714313769,0.000170820704832,-0.00042183901518,0.0006240004431
-0.000219298991578,0.000932609690089,-0.000129736858264,-0.000326745382023,-0.000500379005326,0.000288139866905,-0.000557029254517,-0.00140718730429,-0.000289895227711,-0.000660045445187,0.000468603699773,-0.00018071092118,-0.000367968742743,-0.000252226323485,0.000532178210323,-0.000221208187215,-0.000379000427898,0.000295600190228,0.000898617397381,-0.000277884534414,0.000925990992399,2.40584527392e-05,0.000177983553637,-0.000373580617001,0.000323350543808,-0.00057539128525,-0.000201671298803,-0.000614913175219,0.00025707257265,-0.000258401920157,-0.00107749461388,0.000379008946736,0.000310811662684,-0.000731594939975,0.00053945886783,-0.000270115524898,0.000465682132125,-0.000464337373597,0.000390768870488,0.000516794184043,0.000284493405526,0.000633605108017,0.000376272705613,0.000365192640973,0.000287958684114,0.000557075525633,-0.000330809122341,0.000134290058168,-0.000426586765428,0.000594681083595
-0.000236940645922,0.000835276339665,-4.38970524818e-05,-0.000328914197692,-0.000498797476706,0.000265223009755,-0.000455426856107,-0.00152662631311,-0.00031279487791,-0.00066616754589,0.000500415132794,-0.000277795593996,-0.000345765748241,-0.000415905596649,0.000418146438448,-0.000304439125122,-0.000469016899256,0.000288103872908,0.00107362237608,-0.000281328723541,0.000776174481165,8.51501066474e-05,0.00022249786959,-0.000257670873074,0.000444616252347,-0.000646628085728,-0.000329734586014,-0.000618408130361,0.000272580537277,-0.000244266017631,-0.00120039537012,0.000336165893717,0.000311925207492,-0.000607500475698,0.000494061600992,-0.000365942759548,0.000474195036554,-0.000517656982257,0.000440739293252,0.000465649095519,0.000211275596457,0.000414106337267,0.000333003576741,0.000450459131383,0.000423755381392,0.000498790516148,-0.000539071714656,6.05016772696e-05,-0.000408168624462,0.000603305799066
-0.000287290529649,0.000913028282473,-3.4758319823e-05,-0.000308488413642,-0.000417460549509,0.00022534511422,-0.000678320747865,-0.00192300877434,-0.000471637790082,-0.00103680794957,0.000646247890284,-0.000342765497359,-0.000496917577397,-0.000308345177516,0.000509322014597,-0.000469293997256,-0.000409441918899,0.000349996580904,-0.000466305123236,-0.000390935502664,0.000844132278941,9.31832076514e-05,0.000295058985672,-0.000323611075995,0.00087490571623,-0.000381657419924,-0.000378374667159,-0.000583558863406,0.000269934936051,-0.000392369902044,-0.00218056864663,0.000409465339158,0.000435375423013,-0.00064808309371,0.000624198950096,-0.000407546285989,0.000567844808648,-0.000563931057504,0.000610599073743,0.000433337946066,0.000303472324262,0.000346377656023,0.000319868314646,0.000572630403561,0.000575890279538,0.000509680539824,-0.000453231700191,0.000138765540037,-0.00045939317868,0.000500307596085
-0.000237529214011,0.000896054049307,-3.58424008404e-05,-0.000366062609025,-0.000578960170103,0.000347113724994,-0.000654143860799,-0.0016111246524,-0.000326171917093,-0.000653695131983,0.00063169013865,-0.000256184925625,-0.000375857882919,-0.000344890421901,0.000434418122903,-0.000363294298061,-0.0003501754,0.000308383442267,0.000647151117239,-0.000347829173983,0.000895786074272,0.00010897341589,0.000231122688564,-0.0003020348962,0.000505401301864,-0.000551302997849,-0.000381865704185,-0.000478516437371,0.000272507430911,-0.000271998101168,-0.00111698094185,0.000260010886917,0.000363103004417,-0.000711899929387,0.000626524046182,-0.000302413937619,0.000589688891695,-0.000454816985674,0.000389600963644,0.000402972125485,0.000207475168801,0.000489224178441,0.000377900280267,0.000493105042987,0.000433485815056,0.0006500682185,-0.000610697926215,0.000114136281547,-0.000439298550719,0.000638607275853
-0.000867517882064,-0.000678966630385,0.000888401710327,-0.00132518951485,-0.00054181741513,-0.000335414507143,-0.00118004241692,-0.00257043861748,-0.000794295846567,-0.00233939976309,0.000907488612486,-0.000595771464938,-0.00104881602381,-0.000681977834903,0.000790118146304,0.00224974933723,-0.000663124630838,-0.000578158144635,-0.0058965675617,-0.000177928056133,0.000986049863337,0.000879724187236,0.00198721846017,-0.0014211485649,0.00197762850378,-0.000774236729921,-0.00206963325693,-0.00012603903515,0.000461613676625,0.000465200294404,-0.000236030331473,0.00125282789566,0.000667274670541,-0.00135434090598,0.00111260817445,-0.00020567506701,0.00171226464312,-0.00220624347982,-0.00111051242537,-0.00350757731268,-0.00811911532811,-0.000224794101199,0.00222698401546,0.00146960544319,0.00135537312689,-0.00072863908407,-0.00115354765286,-0.00270861692372,0.000689482643192,0.0001328370173
-0.00043356010523,-0.00278450337858,0.00127572422718,-0.00044409334512,-0.000797449383929,-0.000118408267373,0.000712186304998,-0.00184026360339,0.00132377864952,-0.000117325309615,0.00054096251812,-4.23724889409e-05,0.00159558288676,-0.000719317458298,-0.00026768817892,-0.000886007441337,0.000161492792958,-0.000454579566738,0.0010554324045,0.00266750449864,-0.00269071058601,0.00209520051546,0.00049589583933,-0.000217912194717,-7.71490599511e-05,0.000598169481811,0.000113772110866,0.0017428503119,0.000193677200348,0.000509189485684,-0.00027890643948,-0.000253409366327,8.88001993844e-05,0.00315019715451,-0.000227213972623,-0.00113750812519,-0.000358637872277,0.00176059402572,-0.00049869548354,-0.00193933014643,-0.000540994509125,-0.00125142128282,7.44060381973e-05,-0.00010210023963,0.000160654800594,-0.000903023109196,-0.000359612623524,-0.00045719911856,-0.000212097405028,-0.00181289711829
-0.000222640456999,0.000911655041311,-7.63827439361e-05,-0.000287234180305,-0.000384169802633,0.000265182958695,-0.00059734392532,-0.00157086084177,-0.000268954712412,-0.000781579990311,0.000561740261492,-0.000253248077847,-0.00033912661473,-0.000362321160737,0.000467680993598,-0.000404516970272,-0.000434723204286,0.00035899361063,0.000338115948842,-0.000413946191685,0.000860317319834,2.65332372797e-05,0.000229010945299,-0.000312081387724,0.000538348376292,-0.000549647460995,-0.000371756582947,-0.000732735633031,0.000270816462772,-0.00027458330666,-0.00109680662646,0.000290408849957,0.000304019419246,-0.000682809634,0.000671867865805,-0.000276720394414,0.000642110516954,-0.000505182444698,0.000375417165892,0.000396621240293,0.0003090833222,0.000571893930014,0.000373651946071,0.0005588469746,0.000450149886662,0.00052998568727,-0.000312746934205,0.000198710007393,-0.000414859905362,0.000663824203593
-0.000248754026046,0.000884451914002,-9.71829521958e-05,-0.000280856162856,-0.000460478066396,0.000280906408277,-0.000606125262782,-0.00147734785791,-0.000240750865645,-0.00077824015486,0.000577424558926,-0.000264728456015,-0.000327411500069,-0.000302773420439,0.000454395567152,-0.000426886876141,-0.000442933310506,0.000369963201677,0.000311013770894,-0.0004070690738,0.000949330681831,8.9603341158e-05,0.000227797067732,-0.000299871321605,0.000495423541874,-0.000621776175745,-0.00037649638217,-0.000714334185367,0.000268147441877,-0.00028036698771,-0.00102077921461,0.000322917719575,0.00030965327016,-0.00069125844828,0.00074052261791,-0.00026569166082,0.000628740067308,-0.000566502503482,0.000382158724407,0.000460204580525,0.000344480124823,0.000612746849299,0.000399116437917,0.000564054626601,0.000487868496095,0.000482822646522,-0.000571552927134,0.000195647699999,-0.000393749048178,0.000650409651105
-0.000257548090709,0.00208501960352,-0.00010276669485,-0.000390122314593,-0.000827479256345,0.000395295630729,-0.00117544398313,-0.00285956297825,-9.00238823255e-05,-0.00109015913028,0.000708149009878,-0.000165749039297,-0.000216318173561,-0.000476237074899,0.000440089301419,-0.000704767588957,-0.00087979547287,0.000394519307098,-0.0041303946512,-0.000401149360288,0.00139762717598,-0.00114740932346,-2.58668191484e-06,-0.000521013554508,0.000144034189655,-0.000617422486633,2.27299278968e-05,-0.00125338537075,0.000316862797548,-0.000344296423727,-0.000118768827109,0.000276600380196,0.000416727555985,-0.00122084292853,0.00114151513251,-0.000409683225207,0.000760649032332,-0.000362645127393,0.000485581764047,0.00100289351164,0.000401369440016,0.000405070788088,0.000397008599964,0.000732271374259,0.000546161863633,0.000574186090466,-0.000840751266983,0.000282230383135,-0.000310816594228,0.00102498173033
-0.000223405949343,0.000798490890251,-4.06525037077e-06,-0.00023173516733,-0.000345972580086,0.000265482924321,-0.000809135408709,-0.00168887822772,-0.000531845441134,-0.00116467205821,0.000667212121832,-0.000240759330928,-0.000478040511923,-0.000359237172651,0.000309292154129,-0.000465050415166,-0.000312996686264,0.000372667885474,-0.00162954385817,-0.000376146751748,0.000946721536905,0.000180842735625,0.000247184315955,-0.000383339556017,0.000913407152264,-0.000277395447732,-0.000617623529558,-0.000585582598067,0.00026827353579,-0.000335509630261,-0.00195435401207,0.000484849827823,0.00057907477366,-0.000551466587004,0.00103794042814,-0.000406584777929,0.000740581172865,-0.000558566608587,0.000652391579924,0.000366650599108,0.000191753593951,0.000531021712216,0.00029995013782,0.000714377825687,0.000598481774089,0.000564455542547,-0.000527008274632,0.000146171865998,-0.000428135057094,0.000476741381112
-0.000210568608555,0.000921515370308,-9.05795988319e-05,-0.000387742734717,-0.000474109804332,0.000207265529361,-0.000402189004592,-0.00156572384121,-0.00034743012844,-0.000613920522362,0.000394493766153,-0.000321492140392,-0.000291207223501,-0.000214186341182,0.000500020922435,-0.0004279565138,-0.000370523670045,0.00032040041803,0.00108603971896,-0.000244097803147,0.000839583985009,-8.57902036148e-06,0.000293163256177,-0.000275586527424,0.000381963196021,-0.000620993225464,-0.000281484920294,-0.000595895742536,0.000273091549206,-0.000253422995821,-0.000885379489097,0.000426250263197,0.000329459915396,-0.000758546769882,0.000613724403637,-0.000322802318887,0.00058193523965,-0.000539553900236,0.000554856700294,0.000555536677083,0.000235911092402,0.000506026071316,0.000337031732136,0.000491775975595,0.000415077331577,0.000418935321553,-0.000652002622573,0.000133755434826,-0.00039732874661,0.000657776000833
-0.000182625341793,0.000942144694429,-9.59606620069e-05,-0.000339778450568,-0.00048436254509,0.000342394321084,-0.000555710118486,-0.00163468903197,-0.000317213233893,-0.000815139915039,0.000561344730622,-0.000279667171137,-0.000288349893332,-0.000288436846007,0.000457090284594,-0.000552330552759,-0.000410483141277,0.000305668833871,0.00091201179322,-0.000320208396115,0.000904457897311,2.72071133066e-05,7.98162987538e-05,-0.00026563902185,0.000350803430976,-0.000594000047278,-0.000282575077384,-0.000699704528994,0.00027482609294,-0.00025066506329,-0.000768160593053,0.000295550722198,0.000336918691675,-0.000743090831092,0.000704107204369,-0.000293921601431,0.000448733726112,-0.000532003619953,0.000448200632776,0.000465344557074,0.000264083773666,0.000638523083201,0.000245381654595,0.00047299869579,0.000372863730537,0.00049902570023,-0.000571819866019,0.000135376503835,-0.000440142309829,0.000608205353547
-0.000311068552069,-0.00247926376951,-0.000157577502364,-0.000594231266231,-0.000830208873196,0.000338621858387,-0.000682639052397,-0.00160352622765,-0.000173457648314,0.000122419491837,0.000392891385825,-0.00044171381164,0.000220013777627,-0.000318966638142,0.00068018518401,-0.00251195037184,-0.000321673332637,0.000221523311314,0.000537642510812,-1.21009894743e-05,0.00111445571108,0.000172634805933,0.000308827342175,-0.000377982923081,-0.000334323065439,-0.00131791510269,-0.000340959036583,-0.000127418384579,0.000284174822974,-0.000111891563688,0.000187413036149,0.000214222630242,0.000329984984417,-0.00187520554239,0.0011295113591,0.000132954224695,-0.000618075587658,0.000335328438236,0.000584601416148,0.000855306022811,0.000385847328328,-0.000482880073296,-0.00213813904201,0.000130131171469,-0.000164625989738,0.000407197095565,0.000428479575271,-0.00050517092502,-0.00041811702967,0.00159606242368
-0.000248548012914,0.00114845298526,-0.000196948379551,-0.000134438272792,-0.000351674735894,9.92536134135e-05,-0.000388242406247,-0.00156448732568,-0.00060497643683,-0.000436349890901,0.000387254158331,-0.000267116972812,-0.000356574308094,-0.000338207295374,0.000732891526394,-0.000399588235652,-0.000199277301126,0.000238404338434,-0.000662439393784,-0.000459908391053,0.000683559317496,0.000320770457006,0.000245539048348,-0.000298905946308,0.000531568576159,-0.000486367489348,-0.000422543402367,-0.000353023353357,0.000266467722963,-0.000452476918704,-0.00261671220207,0.000457278130692,0.000463254998496,-0.000781525638717,0.000543460694184,-0.000170079438747,2.08959327188e-05,-0.000402153838066,0.000168717527178,0.000321424621682,0.000269007053823,0.000659720128396,0.00038107341819,0.000255552303239,-0.000105206898408,0.000397296999508,0.000117542324667,0.000125019548223,-0.000405324485056,0.000703934573894
-0.000186014654422,0.000921526910796,-8.68683866825e-05,-0.0003048931201,-0.000418874424675,0.000299676074032,-0.000550783428114,-0.00148136038588,-0.000285459977673,-0.000708889355754,0.000476977344495,-0.000252628347535,-0.000420252500138,-0.000301242936523,0.000512975544373,-0.000426040560295,-0.000453892081095,0.000314078666095,0.000971384128893,-0.000298687819456,0.000825073258268,-1.1479749619e-05,0.000237867018785,-0.000291526501968,0.000466219681938,-0.000674255781044,-0.000320731267844,-0.00064414347099,0.00026229245593,-0.000240925237871,-0.000960472037163,0.00023829328957,0.000283655886981,-0.000664803623436,0.000632608483194,-0.000373425022868,0.000448227289249,-0.000476196540935,0.000458253415792,0.000505912643654,0.000318454357176,0.000542198733483,0.000330416988155,0.000426301803605,0.000522863971896,0.000525154173675,-0.000611683337902,0.000104861695071,-0.00041068622316,0.000731034165418
0.000235307249494,-0.001717704877,-0.000884839903289,-0.000777367800976,-0.00150289607366,0.00165036446463,0.000445272923916,0.00180745047445,7.84916434562e-05,0.00094335009525,-0.000429410294664,-0.000280114842235,-7.52114290304e-05,0.000606005817845,-0.00471626740572,-0.000465016395012,-0.000635587476601,3.35110559777e-05,0.00111638834229,-0.000796951725227,0.000451829460049,0.00254837081176,-0.00133046183416,-0.000390571566404,-0.00145919380356,0.00593404069939,0.000773473043152,0.000473925854109,0.00025549479883,-0.000509663860811,-0.000905077813628,0.000368058926202,0.000584256018061,0.000144782631594,-0.00121311802579,-0.000145988418313,0.000679472907903,0.000107507936451,0.000420191132552,9.16215085749e-05,0.000735815426446,0.00110720518336,0.000725279826765,-4.15384616599e-05,0.000293620761309,-9.05803211678e-05,0.00253444500653,0.000197451582233,-0.000286069437709,-0.000344668806985
-0.000211377224773,0.000742030052826,-4.38309152236e-05,-0.000370017866437,-0.000361016398741,0.000279123611309,-0.000619171307288,-0.0014822825841,-0.000312561054851,-0.000815643335614,0.000624908101289,-0.000330827296952,-0.000352340028558,-0.0003181564754,0.000380003996118,-0.000317872001594,-0.000343482563506,0.000315175070237,0.000424391775434,-0.000322724862332,0.000895411008418,0.000294301400962,0.000168244501808,-0.000277993336862,0.000470268655588,-0.000436426783353,-0.000327044059249,-0.000546473339688,0.000257510558695,-0.000240583376852,-0.00143549942663,0.000384321332699,0.000272904753949,-0.000710208664738,0.000619991288125,-0.000322863592068,0.000516910547154,-0.000540959381949,0.000496209195259,0.000397730320962,0.000202569349797,0.000460197328771,0.000335143892779,0.000455510059932,0.000601216382338,0.00051333321253,-0.000563523305905,0.000119318040894,-0.000425180684049,0.000627393287379
-0.000344451012329,-0.000949930282597,0.000386119343393,8.61773071913e-05,-0.0001522520871,-8.64277610406e-05,-0.000259807794277,-0.000672924192547,-0.000614140990564,-0.000613565440402,0.000655652614409,-0.000551849973839,-0.000332721675853,0.000342525705567,0.000236099783688,8.62589610303e-05,-8.15382780194e-05,0.000101783342509,9.11342378824e-05,-0.000499708195287,-4.42305371217e-05,-5.68556588127e-06,-0.000142394317118,0.000744689139455,0.00104343689825,0.00012026625663,-0.000228934418154,-0.000262978778853,0.00018866195771,-0.000243454768787,-0.00106449739554,0.000181306007903,7.71621661743e-05,0.000413042434126,-0.0003647337593,-0.000522167479881,-0.000571145257857,-0.000171055560012,0.000428895635655,-1.66808987403e-05,0.000255907786238,0.0001537174574,0.000726543309102,0.000492665617227,0.000984133459151,6.49547368817e-05,-0.000172220393083,-0.000593882645813,-0.000357994851137,-0.000150981367351
0.000750465275907,0.0037396376005,0.000940366566302,-0.00192916068689,-0.000914602523962,0.00217725135338,0.00152285022214,-0.0109046855915,-0.000575055421738,-0.00297744091087,0.000380993685226,0.000510940310463,0.000500241268611,-0.00179981353401,-0.0124370741455,-0.00507591084759,-0.00365763667902,0.00170596517417,-0.0176147394256,-0.00284331382721,0.00937167450555,-0.000191062507966,-0.00108487453314,-0.00109246710715,0.00168697535436,-0.00684567278716,-0.00141616285929,-0.00305100600305,0.000335931616808,-0.00027167245081,0.0197129767669,0.00402898646787,0.000301177390937,-0.00239208887851,0.000795584651838,8.33805817316e-05,0.00188424881828,-0.00234625897644,0.00226130779335,0.0033205461806,-0.00101764627337,0.00573147304687,0.000539137468224,-0.00191109772881,0.000409867190705,0.00252716240396,-0.00482772495375,0.00136156381103,0.00497205201034,0.00205119103469
-0.000218205960963,0.000867626952695,-1.58391628761e-05,-0.000344373138825,-0.00035920597459,0.000320547911887,-0.000583325939661,-0.00178941373982,-0.000321286259704,-0.000636403408121,0.000641366718112,-0.000283445115008,-0.000426297669431,-0.000441095433418,0.000316683951889,-0.000511737299776,-0.000352315945041,0.00026871469448,0.00022881546406,-0.000245613532717,0.000943898926551,0.000103423196884,0.000211421094903,-0.000309282699927,0.00043973858456,-0.000513556628409,-0.000454587228277,-0.000537491268126,0.000249494607162,-0.000275769923073,-0.00140522008215,0.000332327492988,0.000265034300124,-0.000643265296448,0.000376939301557,-0.000326347366775,0.000547797671637,-0.000613574975142,0.000432552926872,0.000385089961569,0.000281073436143,0.000555217725931,0.000315800806337,0.000463528035972,0.00034209043829,0.00055968459092,-0.000417693145258,9.75893055702e-05,-0.00045615228803,0.000628363276225
-0.00251976431166,-0.0149638829699,0.00189925760428,-0.00144949042614,-0.000923453926031,0.00027702870586,-0.00562708900577,0.0159202654274,-0.000208504601035,0.0055432799391,0.0040505023469,-0.000899602322914,-0.000216232369722,0.00272556690046,-0.000654545134983,0.00963075397318,-0.00278924444902,-0.00564729130891,0.00103732199671,-0.00130330703663,-0.00533910050775,-0.000218620070706,0.00151761330967,-0.0013332271994,0.00246608915852,0.00807947023706,0.00128093934884,0.00257349728587,0.000191930759644,0.000405702511301,-0.000845551140141,-0.00132151785047,0.00111665291981,0.00216713300521,-0.00374983803375,0.00361595395731,-0.00090881380017,-0.00412542986616,-0.00398582779829,0.00231364364053,-0.00348484750919,-0.00256793639638,0.00154700289743,0.000502179579061,0.00330460139256,-0.00609484082103,0.000266215740662,0.000241623547467,2.72131892505e-05,-0.00246110364222
-0.000273860872738,0.000593635651972,-0.000142995040156,-0.000302595980986,-0.000473693055764,0.000379191610397,-0.000547021380817,-0.00118022853046,-0.000393755473837,-0.000481778000906,0.000522470480992,-0.000215743536172,-0.000333360581157,-0.000331774775945,0.000496801151983,-0.000300810671161,-0.000357757936308,0.000223695057926,0.0002843320027,-0.000292156294861,0.000848238827396,0.000224183056127,0.000260279864109,-0.000362108099576,0.000504324703397,-0.000543039273111,-0.000408159782986,-0.000532503484857,0.000273631193811,-0.000284313820389,-0.00151658324651,0.000329888882958,0.000353457650123,-0.000667122027478,0.000571665027388,-0.000184038897385,0.000373266719256,-0.000461333186013,0.000443546992427,0.000445677876946,0.000221555500238,0.000370838800618,0.000359684252041,0.000476224723237,0.00031033209855,0.000426984171587,-0.000406119903629,0.00012472890505,-0.000424312315207,0.000676336346304
-0.000272655827613,0.000877703015396,-0.000114070292936,-0.000281091320456,-0.000504959899161,0.000324932346744,-0.000482746820799,-0.00167492472487,-0.000391770290995,-0.000694492782525,0.000455178307607,-0.000272324274809,-0.000385645945585,-0.000289126611702,0.000429242222416,-0.000274616450323,-0.000338162585583,0.000259921142356,0.000397306335207,-0.000305669703559,0.000801384809896,0.000255968345894,0.000194350160814,-0.000298300317928,0.000408773090618,-0.000557471831304,-0.000368866882335,-0.000514136351723,0.00025463466819,-0.000282876309987,-0.00143913023289,0.000276114460735,0.000285918249145,-0.000658143267671,0.000586040798511,-0.000284707899463,0.000461103259095,-0.000597994968612,0.000340424744227,0.000354822189006,0.000330942962225,0.000403819156235,0.000299424311469,0.000361895362162,0.000352309623021,0.000525021219135,-0.000552619761,0.000118315981905,-0.000446846235796,0.000643828861301
-0.00028819724432,0.00102123981603,-6.66414223227e-05,-0.000339408288848,-0.000278692597137,0.000285202060772,-0.000539131895508,-0.00168254948405,-0.000271525618074,-0.000645301451023,0.000525183238579,-0.000260421032753,-0.000320914838064,-0.000339784851637,0.000351354711412,-0.000341469538659,-0.000420805962118,0.000328361893013,0.000426339148999,-0.000209524853426,0.00077748346849,1.8635226532e-05,0.000266352620084,-0.000305865266564,0.000214384768889,-0.000588095797564,-0.000149528691998,-0.000597955458904,0.000265260998984,-0.000266025831397,-0.00119520028716,0.000407913155012,0.000204862124715,-0.000702148285169,0.000458319781466,-0.000267808065651,0.000506254122389,-0.000470803931859,0.000431203991347,0.000482475866079,0.00027025804872,0.000454861715373,0.000356435658229,0.000494241115005,0.000364441410542,0.000559534462733,-0.000428384324325,0.00016646435019,-0.000407915075801,0.000716961233585
-0.00026199218277,0.000765477833397,-9.92246922494e-05,-0.000353353015163,-0.000457461045296,0.000317225452777,-0.000507895568226,-0.0014437970543,-0.000298576039793,-0.000803529600066,0.000494872699542,-0.000295319982322,-0.000340293322284,-0.000404937581333,0.000447206543249,-0.000560723224657,-0.000484360340755,0.000345862597575,0.000982478579441,-0.000310166520832,0.000814595029298,8.75373252184e-05,0.000187023709068,-0.000268529960534,0.000377359543373,-0.000507730348244,-0.000205181780069,-0.000745586022508,0.000266709040505,-0.000249012192955,-0.00101359055278,0.000337372910109,0.000295983242051,-0.000791859286127,0.000550170753186,-0.000360418035552,0.000456339090436,-0.000414987576016,0.000334195868504,0.000455920980284,0.000294328372093,0.000525883901986,0.000271841032,0.000463484740802,0.000455516134809,0.000655610470368,-0.0005805479247,0.000114500690591,-0.0003713719272,0.000567938203827
-0.000247847817203,0.00100490293629,-0.000100702011781,-0.000377666321483,-0.000462421306385,0.000323058486533,-0.000567490541304,-0.00161824781162,-0.00031358253437,-0.000523681648814,0.000488880211778,-0.000277003752989,-0.000398234737113,-0.000443649483002,0.000427756332248,-0.000386364790523,-0.000508582252748,0.000327110389518,0.00104305979764,-0.000311164275042,0.00101583617152,-1.69650797852e-05,0.000169432707989,-0.000253811183782,0.000312840283374,-0.000647229217221,-0.000209282742463,-0.000753200630633,0.000259041497025,-0.000260974752624,-0.000618831313403,0.000315967106098,0.000281240632769,-0.000828735775403,0.000672631399788,-0.000286446967768,0.000513127334186,-0.000510609905513,0.000523064295722,0.00050536764115,0.000215704653104,0.000725084423278,0.00036638179849,0.000544234487778,0.000402604769121,0.000530668131496,-0.000574059369207,0.000130513005446,-0.000509496667145,0.000735064550281
-0.000232827553174,0.00072471905845,-1.75394301231e-05,-0.000305366091717,-0.000389974934396,0.000208124419023,-0.000411991266761,-0.00129607550692,-0.00033967827371,-0.000811458680526,0.000582315972108,-0.000287088316386,-0.00031890256207,-0.000435430551436,0.00037331512547,-0.000327121961396,-0.000466637762895,0.000303160145802,0.000979565503766,-0.000206106619459,0.000821990238001,0.000118204960607,0.000332553057968,-0.000277472317974,0.000557539305911,-0.000590961836045,-0.000245885331372,-0.000535431571047,0.000273610802372,-0.000219435946454,-0.00111533474899,0.000359540611455,0.000344809651277,-0.000757457854671,0.000685852272239,-0.000370421856846,0.000494315079449,-0.000438370270407,0.000514575072475,0.000389205333133,0.000337761155368,0.000511622136642,0.000344461806853,0.000493258482218,0.000446483035245,0.000561860380051,-0.000572775000426,9.96541011029e-05,-0.000325302005216,0.000592334476236
-0.000198776893739,0.00106879777544,-7.26633213192e-05,-0.000376147917269,-0.000489427631128,0.000440070938758,-0.000759900635117,-0.00168151127807,-0.00021392146088,-0.000860080942987,0.000448054913367,-0.00033960142652,-0.000366056244874,-0.000409261480773,0.000459761142943,-0.000681714085783,-0.000353197415034,0.000318337575348,0.000781418829507,-0.00032343628003,0.000939876495282,7.75933099016e-05,0.000242539138536,-0.000214776737559,0.000306169482176,-0.000637347361426,-0.000320642837979,-0.000707005605414,0.000272922610799,-0.000238445243973,-0.000575716569616,0.00033168381464,0.00026568079878,-0.000856001971258,0.000623305735176,-0.000308043746635,0.000555125664284,-0.000458875941043,0.000577759491577,0.000545628462355,0.000218189187396,0.000606743392068,0.000329986241762,0.000489622027471,0.000439272805762,0.000559896112508,-0.000661365709408,0.000170649001898,-0.000487566992536,0.000634231990276
-0.000241071665057,0.00102511687469,-0.000170186343974,-0.000312938092156,-0.000391593953997,0.000240677039489,-0.000519888365191,-0.00200759802905,-0.000500550530973,-0.000751429271732,0.000498903928892,-0.000305051595688,-0.000459809204934,-0.000441667697522,0.000618628463954,-0.000444783580781,-0.000375862901375,0.000364932738833,0.000584622294878,-0.000329521760061,0.000889062327463,0.000193350969343,0.000277096056076,-0.000298215118294,0.000675840107026,-0.000581518650367,-0.000355276981413,-0.000598639698852,0.000275453851602,-0.000453256048613,-0.00212783880737,0.000395436295467,0.000362687107439,-0.000750811127885,-5.43617205439e-05,-0.000275381105167,0.00032914670176,-0.000531619109155,0.000362869674016,0.000379984412585,0.000163400581389,0.00061976269973,0.000387612038154,0.000448785607775,0.000300758412488,0.000591818250019,-0.000328571444181,0.000132971546652,-0.000426282556408,0.000551895077589
-0.000236954940544,0.000791836548013,-0.00011897759541,-0.000351600372155,-0.00048125929685,0.000232386496464,-0.000558429436975,-0.00154651008754,-0.000322725283741,-0.000632700823828,0.000493931128208,-0.000277537100644,-0.000361646345938,-0.000276653463139,0.000405335274134,-0.000421979985488,-0.00046429572502,0.000352082859014,0.000842087707789,-0.00030652078495,0.000873988762317,0.000236219781945,0.000152728940831,-0.000275984027946,0.000549819386627,-0.000469923762809,-0.000410202587512,-0.000582441651671,0.000255097044661,-0.000250120920441,-0.00129094426384,0.000437874833799,0.000338025503645,-0.000617302347081,0.000352982195931,-0.000257712827944,0.000622375039927,-0.000523997424388,0.000439988476556,0.000382104269642,0.000258422958199,0.000462255044508,0.000374232535887,0.000525520426943,0.000489189447267,0.000448679770921,-0.000464791798641,0.000112294123525,-0.000380387990829,0.000388581813384
-0.000235319691199,0.00116227993963,-0.00016001137912,-0.000331268170505,-0.000497218267954,0.000454739096039,-0.000483476513833,-0.00154626559501,-0.000309931680107,-0.000479575612997,0.000484712558851,-0.000168072958325,-0.000249836252647,-0.000340971815274,0.000495503543445,-0.000486785858661,-0.000515561116753,0.000351088167569,0.000896145984969,-0.000198011359377,0.00105191233216,-1.15675581423e-05,0.000212254216083,-0.000345917828896,0.000319464661902,-0.000765491831684,-0.000345144713143,-0.000651350799529,0.000284852579243,-0.000257694733133,-0.000325392028714,0.000339099936333,0.000312819132743,-0.000881953720438,0.000592242337125,-0.000250429371822,0.0005836394044,-0.000575616222378,0.000460852610252,0.00060027382068,0.000208586201763,0.000597025611533,0.000367993351172,0.000457531590903,0.000380186893412,0.000750262102776,-0.000573491124563,0.000178463055474,-0.000415308158906,0.000729928553526
-0.000228680181468,0.000691287011772,-4.48539881272e-05,-0.000366086825226,-0.00042601105213,0.000205506862368,-0.00044378625177,-0.00145697287835,-0.000319167596452,-0.000664678440813,0.000533455395327,-0.000175343191626,-0.000338703810712,-0.000343091530986,0.000363496308932,-0.000366926754785,-0.000553144974635,0.000246196602263,0.00104415935787,-0.000134227552709,0.000815091078478,5.06113368329e-05,0.000344608663259,-0.000438158684853,0.000436151445703,-0.000514207827941,-0.000274187424572,-0.000693843847998,0.000276447392549,-0.000191066487928,-0.00107675670159,0.000367531924223,0.000279752203461,-0.000596478098841,0.0002966163165,-0.000339942843718,0.000445615532807,-0.000482407992982,0.000380587975815,0.000439069034166,0.000286264768633,0.000396485893233,0.000325113300756,0.000396272217104,0.000413637467844,0.000405662030155,-0.000410317835645,5.21965173562e-05,-0.000392530082031,0.000526014991095
-0.000252159062849,0.001009444223,-0.000164946796346,-0.000319181833643,-0.000587383320386,0.000219882891167,-0.000553361188447,-0.00169986113711,-0.000264059735924,-0.000703417544788,0.000461071928246,-0.000270393789238,-0.000434580064508,-0.0003055351067,0.000539091845954,-0.00042178245044,-0.000502427303579,0.00035634018372,0.000811991283147,-0.000244212779732,0.000988567039506,-0.000123725977535,0.000267514076304,-0.000295156388984,0.000279896474908,-0.000700687293136,-0.000279860869485,-0.000547892277449,0.000272575655576,-0.000254184798797,-0.000725450489087,0.000337855166294,0.000257928064719,-0.000647651814865,0.000606473989823,-0.000300217759264,0.000576401411642,-0.000447945706356,0.000557049419448,0.000618077983394,0.000303846759388,0.000576875919865,0.000375916268387,0.000453565697048,0.000445072915649,0.000532831444268,-0.000672036643583,0.000171668952567,-0.000432350042163,0.000730094593893
-0.000272181241804,0.000693350722988,2.45618381361e-05,-0.000399094422337,-0.000549108424142,0.000367849398061,-0.000433561065196,-0.000995338538649,-0.000307178953375,-0.000623621433666,0.000625684600725,-0.000270943425932,-0.000355619725125,-0.000281765137389,0.000317836080059,-1.71886542042e-05,-0.000299608361014,0.000345166400541,0.000372102628399,-0.00024313324329,0.00073144210543,0.000141378559023,0.000306923319998,-0.000304075754687,0.000471473521139,-0.00021375357306,-0.000444407811126,-0.000435277149743,0.000255086804939,-0.000279231144334,-0.00142392743459,0.000132942452548,0.000327009185293,-0.000545761006378,0.000591563358582,-0.000378160978083,0.000608258508713,-0.000496132896649,0.00048470375395,0.000520299608418,0.000239608033795,0.000370256859484,0.000379956515142,0.000444523310202,0.000541478062827,0.000468753970585,-0.000492623808484,0.000138441769931,-0.000435563554618,0.000707439889456
-0.00025299583472,0.0010511141908,-8.26722970204e-05,-0.000338264163037,-0.000456471729174,0.00031220321229,-0.000796260504833,-0.00152337344816,-0.000336537664907,-0.000728848760635,0.000519288949568,-0.000281484800043,-0.00040250731694,-0.000390724644324,0.000429938163179,-0.000366692473183,-0.000458167802813,0.000365181062371,9.07842606219e-05,-0.000262624705583,0.000920452708624,-0.000128320298991,0.000218214278259,-0.000359677164708,0.000406667769029,-0.000603553689788,-0.000363255528004,-0.00067959548249,0.000275989205346,-0.000282390190429,-0.00115870303762,0.000338710353011,0.000342901808488,-0.000754730763099,0.000714625205628,-0.000320593942984,0.000620631755337,-0.000529136691629,0.000544833186457,0.000659768579466,0.000297540485278,0.000424819219218,0.000284677561317,0.000493388277293,0.000501279087218,0.00056725269418,-0.000663151759983,0.000107562349394,-0.0004408827346,0.000647448452691
-0.00024852259315,0.000866177325711,-4.62611387612e-05,-0.000279002498547,-0.00043547698533,0.000234579654607,-0.000429991104535,-0.00181717992868,-0.000478400286144,-0.000595387703735,0.000551880343891,-0.000247868951245,-0.000436365759132,-0.000348265214499,0.000524983254162,-0.000358505533866,-0.000218038850471,0.000300496140778,-0.000315266767986,-0.000331230875262,0.000743565122253,0.000167831751472,0.000241048987755,-0.000339232770014,0.00061962529067,-0.000494160797611,-0.000477494201179,-0.000605280917184,0.000264213134264,-0.000386922724402,-0.00212337816683,0.000402756282513,0.000325397680531,-0.000676159210712,0.000650300411201,-0.000281572343169,0.000432460951228,-0.000588762402959,0.000361159835667,0.000376979949942,0.000291040005252,0.00050698899173,0.000311941874527,0.000453650260806,0.000262305318842,0.000479790497693,-0.000393608338374,0.000140681964374,-0.000446230482457,0.000639836948654
-0.000251661928029,0.00105675112358,-9.38399311298e-05,-0.000342265331004,-0.000388822163984,0.000372583984074,-0.0005861327664,-0.00179710376871,-0.000341718427499,-0.000911167385593,0.0005709021629,-0.000200888180929,-0.000362726632774,-0.000371993790731,0.000403978404868,-0.000417663059559,-0.000420903844786,0.000360008508704,0.00028204420925,-0.000298837245055,0.000977528289744,0.000104479104583,0.000237383820647,-0.000291209743795,0.000472127488093,-0.000442481664069,-0.000274281567197,-0.000694183746196,0.000264590089134,-0.000272054296633,-0.00116856584378,0.000344306182001,0.000301325605863,-0.000663499630874,0.000435233937297,-0.000281178583372,0.000586504986432,-0.000525179682121,0.000548520268333,0.00045085460459,0.000326658289232,0.00053517161846,0.000373020888571,0.000540195621749,0.000553701668519,0.000511242338895,-0.000722996825853,0.000160968091916,-0.000383440464269,0.000705525817301
-0.000258789365521,0.00109156745895,-4.47305472629e-05,-0.000342345615949,-0.00042780280141,0.000315250937954,-0.000686885809979,-0.00229929700421,-0.000457115480002,-0.000987700459102,0.00065690718767,-0.000310314985476,-0.000536458008664,-0.000409458862563,0.000551397945449,-0.000338996982214,-0.000461024907511,0.000356041595247,0.000950267940374,-0.000404754520339,0.000961831328055,6.56424420595e-06,0.000346681855701,-0.00034723164168,0.000766444682028,-0.000546912188473,-0.000358802936147,-0.000740785821233,0.000271638853545,-0.000492397712085,-0.00207079323099,0.00043840621193,0.000299686209027,-0.000799587568248,0.000607871930468,-0.000395370491921,0.000555563679062,-0.000619906194092,0.000518302412009,0.000533481642205,0.00038464324366,0.00048234303537,0.000410877440782,0.000578079662812,0.000539134357908,0.000543896928751,-0.000530759773915,0.000159689670974,-0.000453211707343,0.000751066906175
-0.000258085615248,0.000582246461647,-0.000119973847901,-0.000264125266025,-0.00068209235397,0.000692838364727,-0.000695854776882,-0.00196336083094,-0.000264725693775,-0.000658248470454,0.000554018719998,0.00366822286263,-0.000642940452016,-0.000540655535294,0.000102192512556,-0.000215707620252,0.00031264707989,0.000337760182756,0.000756118412934,-6.24384362655e-05,0.000395643126565,8.535710047e-05,0.00038298841269,-0.00130558072357,0.000540862173204,-0.000704139800186,-0.000103754188537,0.00125997764147,0.000290038587712,-0.000258404837905,-0.000721497451034,0.000669214318434,0.00046113825421,-2.05061453984e-05,-0.000524577998877,-7.21416416995e-05,-0.001677510414,-0.000515965695335,0.000268516391064,0.000572733313573,0.000556858141852,0.000577840167772,0.000323497708323,0.00053174043246,0.000533763911377,-3.99570793815e-05,-0.00101645867375,-0.00108698868128,-1.47446062634e-05,0.00072381226968
-0.000185202179557,0.00102225838858,-5.39783399551e-05,-0.000290570104981,-0.000569140937128,0.000320864695826,-0.000567059675178,-0.00142367799435,-0.00039154562703,-0.000384242995945,0.000552540306472,-0.000252800299565,-0.000250437204827,-0.000359221427997,0.000395861339814,-0.000509544493902,-0.000522370217704,0.000332374692785,0.00108471603663,-0.000292424019836,0.000858131902254,0.000209177493418,0.000376284149816,-0.000312212935054,0.000483501096411,-0.000745718862788,-0.000382833152717,-0.00047459053017,0.000259331953644,-0.000256231554957,-0.000672341183834,0.000304647037432,0.000185923692089,-0.000609938560027,0.000547852442405,-0.000292762821729,0.000554265116238,-0.000591785226561,0.000415538999828,0.000447238938505,0.000340993800408,0.000532382785516,0.00032499452722,0.00034889288978,0.000396242195426,0.000567936838249,-0.000348442428735,0.000180247737729,-0.00040926182998,0.000662068958981
-0.000268046599874,0.000843737910194,-9.24582264246e-05,-0.00031061075526,-0.000376355153456,0.000256408929965,-0.000520962641034,-0.00145561248508,-0.000240938374514,-0.000627896517288,0.000520676510053,-0.000319990518709,-0.000386853510602,-0.000331550456884,0.000435543013677,-0.000118561778813,-0.000497561777642,0.000339105862008,0.00100604854887,-0.000275717949213,0.000854220505513,0.000115011744271,0.000235573861286,-0.000303961913375,0.000480812577421,-0.000510611083785,-0.000332376266538,-0.000599386914477,0.000280007980955,-0.000263954848486,-0.000972621131331,0.000325855397783,0.000342127807556,-0.000732817643717,0.000539682677453,-0.000303885387856,0.000370666120064,-0.000570667613819,0.000344479989358,0.000388895245253,0.000308180332198,0.000300009380093,0.000403820224107,0.000496022932176,0.000460384180221,0.000559854121152,-0.00057709903069,8.20767984891e-05,-0.000516148428679,0.000605613339128
-0.000229882897014,0.000988440205809,-0.000184077106526,-0.000293004100769,-0.000558524109616,0.000232443120186,-0.000459079009953,-0.00165043544554,-0.000308641590039,-0.000681212884941,0.000408925498305,-0.000285875615475,-0.0003540069837,-0.000308046651948,0.00034647923775,-0.000406931278967,-0.00048104884408,0.000306219582469,0.00106752828796,-0.000300172781423,0.000830354601243,-7.38968604428e-05,0.000231876966153,-0.000280013238088,0.000386894809913,-0.000511138610575,-0.000303578479576,-0.000496249217316,0.00026014760482,-0.000250381123881,-0.000983470681753,0.000206467277402,0.000330943554168,-0.000772472368368,0.00051797507179,-0.000303347512059,0.000616006918318,-0.000444351954595,0.000481690428956,0.000566537827081,0.000304700858338,0.000518223869987,0.000327066432141,0.000479319625216,0.000368893768569,0.000514282575151,-0.000596948562079,0.00015848819509,-0.000447121002339,0.000639636528428
-0.000175644605224,0.0009916758194,-6.38135202394e-05,-0.000333844472832,-0.000401548573199,0.000252890318793,-0.0006538829145,-0.00158373039706,-0.000327555802836,-0.000589930091204,0.000512916579565,-0.000241598688483,-0.000336747071761,-0.000320352096497,0.000476495741152,-0.000397630581835,-0.000421773658187,0.000374120766438,0.00104307772223,-0.000324304446654,0.00087234380881,2.71284804894e-05,0.000318906249427,-0.000281979882976,0.000414985217325,-0.000514461213999,-0.000324607846754,-0.000496492280864,0.000276737011395,-0.000253225026088,-0.000940683160802,0.000384182187134,0.000359112661218,-0.000750008014177,0.000530964530628,-0.000345370239643,0.000501458425426,-0.00047141897836,0.000417311590923,0.000399695851941,0.000331348864858,0.000550230643023,0.00033063441057,0.000503305169754,0.000467935326445,0.000433709712696,-0.00054574443164,7.70102955235e-05,-0.00039806444089,0.000606084112385
-0.00370372342005,-0.057986691527,0.00814615734575,-0.000803689461118,0.0013117548081,-0.00251982631457,0.00275421925968,0.0114401073445,0.00311598136644,-0.0159944112718,0.00474512278091,0.000861473904447,0.0063874153616,0.00417051861799,-0.00178655834655,0.00390788509795,-0.000876403402975,0.00168178982586,-0.00142410706344,-0.0015060434842,-0.00629759913065,-0.00514036036126,0.000309198286076,-0.00160603125755,-0.0200696318832,0.0161470345374,0.00725671820723,0.0215733958365,-0.00587943001361,-0.000254304452115,0.031229690137,0.00835067823606,-0.000495404511204,0.0082667214034,-0.00722864108723,-0.00450835677438,0.00339988096943,-0.00509917923932,0.00538903011486,0.0193008250679,-0.00283959163746,-0.00887601864758,-0.000551286734212,0.00475485548873,0.00299494902396,-0.000149151148743,-0.00669096210652,-9.83730441751e-05,0.00729081924405,-0.0097165622577
-0.000251160667681,0.000793834294746,-8.69311018968e-05,-0.000346134793145,-0.000447133794603,0.000195638711863,-0.00058010383098,-0.00138878449662,-0.000369171234613,-0.000554845618423,0.000471033344414,-0.000275797154352,-0.000403068831328,-0.000350527194389,0.000364270804339,-0.000372509585734,-0.000414092136383,0.000334430359024,0.000811929564215,-0.000267030381505,0.000835730238599,0.000189809170576,0.000210834934143,-0.000290121509278,0.000582109701571,-0.000541030800222,-0.000443303025447,-0.000532310088777,0.00026606533065,-0.000266558710967,-0.00137985197813,0.000376147256134,0.000272809032759,-0.000599366153491,0.000559297719569,-0.000348962675934,0.000544858081854,-0.000462143819463,0.000408952112969,0.000340387247239,0.000237929906544,0.000405286345479,0.000338810129691,0.00049187894982,0.000289971409754,0.00052945343741,-0.000428368962256,0.000123983318732,-0.000373931634097,0.000545728362933
-0.000209684510328,0.000852970569716,1.08086828626e-05,-0.000288300213813,-0.000611440843018,0.000233370275502,-0.000610628311204,-0.00152495918577,-0.000330328139097,-0.000608345885163,0.000583005237408,-0.00026516684621,-0.000307514429261,-0.000407354531299,0.000520647562691,-0.000284592887198,-0.000512459139404,0.000314679374418,0.00098937982451,-0.000292049192197,0.00067310888924,0.000120408806215,0.000150452235485,-0.000210583803293,0.000398913504278,-0.000592328815212,-0.000320822000453,-0.000573580592469,0.000268703630624,-0.000230794268036,-0.00103596883919,0.000274472020499,0.000235555500561,-0.000673825779585,0.000636671488498,-0.00019903004702,0.000468844773969,-0.000537341533055,0.000485133081999,0.000394234734227,0.000376077286673,0.000464326912662,0.000356493814214,0.000411983188842,0.000479927580301,0.000518853164528,-0.000413819266673,9.42875342897e-05,-0.000384282486901,0.000540322608441
-0.000239521486569,0.000940672652428,-0.000150304978627,-0.000335064160639,-0.000468602363274,0.000297656864039,-0.000510379638999,-0.00139480157369,-0.000335354059355,-0.000534661004854,0.000488600302682,-0.000268675404332,-0.000388106806991,-0.000344907092038,0.000435585197906,-0.000371437805161,-0.000495554933933,0.000311311810488,0.000833279708478,-0.00032495588364,0.000907022204436,-7.83910048628e-06,0.000238193576074,-0.000294282478499,0.000454715210047,-0.000454662964344,-0.000372528019178,-0.000673194705602,0.000271881477522,-0.000258999826877,-0.0012967552604,0.000299689172587,0.000395553864939,-0.000558162427326,0.00056713463048,-0.000334679732848,0.000543860324489,-0.000452213334946,0.000523615239848,0.000482612200172,0.000324422477498,0.000431314922558,0.000329178094997,0.000540235005263,0.000429282613567,0.000660243620159,-0.000438981805926,0.000125493340249,-0.000405494122504,0.000533043207006
-0.000195393593303,0.000703915370377,-0.000135808682841,-0.000382490114656,-0.000435124226918,0.000358978167107,-0.00061924766958,-0.00142420816965,-0.000280693313606,-0.00060111714059,0.000481195160238,-0.000260359661617,-0.000330707352511,-0.000307012544594,0.000436249912479,-0.000504509874485,-0.000478946841902,0.000349618774512,0.00104240010748,-0.000241428331692,0.000843850368903,0.000152610211758,0.000262848388855,-0.00033211015572,0.000532769843253,-0.000594503504265,-0.000393748205308,-0.000558438134498,0.000247342829478,-0.000244425112633,-0.00110903506786,0.000307788515427,0.000341157014174,-0.000654892827373,0.00060489002465,-0.000340087788682,0.000516834777805,-0.000488950773421,0.000467166043276,0.000436048709932,0.000326646200309,0.000446214500789,0.000258806091707,0.000412444949308,0.000419938894012,0.000460385513989,-0.000479266422623,0.000103537364197,-0.000385037146119,0.000493108758571
-0.000293062200902,0.000822084839473,-5.77322587959e-05,-0.000346737533095,-0.000496064011325,0.000325390833565,-0.000558768666589,-0.00160807422977,-0.000347477923251,-0.000550223820487,0.000448054755514,-0.000261757091038,-0.000339849855817,-0.000277116560028,0.000487103560937,-0.000416675120146,-0.00034180126831,0.00025890195847,0.000878932502183,-0.000191400706121,0.000809682906467,8.42753469476e-05,0.000111402593019,-0.000311989156743,0.000438705165444,-0.000360173529779,-0.000375375372983,-0.000573246360431,0.000273008212233,-0.000260065994612,-0.00107842893676,0.000245296288484,0.000322486472594,-0.000819916633542,0.000546213377059,-0.000267198255015,0.00036992805317,-0.000523699131417,0.000387122129867,0.000433762334383,0.000130635611228,0.000456237138091,0.000272203761704,0.000423936746887,0.00038242833554,0.000686178771644,-0.000575348423618,8.82533730638e-05,-0.000464092999038,0.000558612878941
-0.000249539036743,0.000868437613372,-0.000140729894805,-0.000293160047591,-0.000472671295275,0.000267063555609,-0.000514300360221,-0.001387541488,-0.000362336488141,-0.000715728086075,0.000459293639186,-0.00026625468765,-0.000343203074958,-0.000298874100744,0.000436614352641,-0.000437588145658,-0.000357409671341,0.000297466740516,0.00103297512822,-0.000303768189281,0.000858320270825,0.000135024575361,0.000194779621812,-0.0002836693079,0.000359306360855,-0.000514574874923,-0.000385215405653,-0.000500267841525,0.000266037476671,-0.000240871606528,-0.00118465778384,0.000297367234862,0.000356530652339,-0.000652141066752,0.000535395544979,-0.000349757974191,0.000416457465789,-0.000522667424676,0.0003744630986,0.00043493578164,0.00029134345101,0.000352948788726,0.000218938602082,0.000444375371918,0.000545357118424,0.000464977911099,-0.000438215138612,0.000168244088821,-0.000459466541456,0.000585962151897
-0.000224842057821,0.000991277649848,-6.9617800629e-05,-0.00035426999164,-0.000423779957287,0.000263702420163,-0.000563621051283,-0.00143757477472,-0.00036070501985,-0.000639703280467,0.000525950710296,-0.00029807093464,-0.000286268714088,-0.000302478401953,0.000395174130869,-0.000542238195657,-0.000537894259431,0.000344558229157,0.00104370094316,-0.000268384511369,0.000938874426148,0.000215843540341,0.000245432530506,-0.000311167861497,0.00047344654869,-0.000520960655984,-0.00023223264535,-0.000553231392875,0.000274759828858,-0.000259197144425,-0.000812634991649,0.000295041562366,0.00031488612375,-0.000672320552398,0.000568395028193,-0.000320167994044,0.000278698436676,-0.000527256079521,0.00037964391349,0.000464041459565,0.000305470462618,0.00054860821658,0.000327664491383,0.000436954620846,0.000313560198202,0.000692328699729,-0.000520113564551,0.000150477334931,-0.000435518300777,0.000740387868146
-0.000329146575287,-0.00380129879673,8.771879748e-05,-0.000983253093452,-0.000467704811222,0.000595267177126,-0.000826079703476,0.0183733532306,0.000956144091006,0.00461605563474,0.00120538821457,-0.000966749164506,-0.00140741685475,0.00109831796729,-0.00410705645194,0.00291785826612,5.47675050484e-05,0.000396908458878,-0.000519413205298,0.000131732702996,-0.0122121927074,0.00111083119304,0.00206478793938,-7.87261289973e-05,0.0023855119904,0.0045463568846,0.00658818718229,0.0139401549137,-6.93105765852e-05,-0.000761822931771,-0.00177949495691,-0.00136811473846,-0.000117101399525,-0.000216212109665,-0.000174481859595,-0.000462550064051,-0.000168949304061,-0.000497600545522,0.000764619184867,-0.000432279539534,-0.000213437748159,-0.000428649903843,0.0011672962552,0.000220858475118,0.00172375184991,0.00116240509489,0.00140077484168,0.00180059920509,0.00194339070868,-0.00106123909228
-0.000274184957777,0.00108005302099,-0.000133247990478,-0.000341847677155,-0.000547827277512,0.000280312134386,-0.000525293005747,-0.00148365902624,-0.000347393928474,-0.000637427561959,0.000446997587049,-0.000271396278294,-0.000318073925477,-0.000366091972214,0.000473031085311,-0.000461506038418,-0.000396138883857,0.000351717503263,0.000847996261692,-0.000309511093595,0.000840303503516,0.000165399198389,0.000214928979674,-0.000278453894409,0.000342050601151,-0.00052249572302,-0.000343626488766,-0.000561988171963,0.000263243655539,-0.000304544125358,-0.00105562749347,0.000318416868237,0.000338951687384,-0.000761895513217,0.000559297844935,-0.000285704421499,0.000450852384745,-0.000529154945538,0.000405862513329,0.000472243445836,0.00026621965306,0.000496689528934,0.000318316024121,0.000495578901848,0.000328838322601,0.000537104450592,-0.000339401272138,0.000177405093678,-0.000383517391246,0.000629212453456
-0.000243678587596,0.000786425464259,-0.000144182525595,-0.000355766743943,-0.000357152551729,0.000293594844602,-0.000411904751931,-0.00129581990933,-0.000260268882598,-0.000638969036661,0.00050675185365,-0.000251746961375,-0.000382184280017,-0.000372010895484,0.000330168014739,-0.000344116176349,-0.000522755915375,0.000271710175616,0.00042450731449,-0.000301772796039,0.000884845534631,0.000148574572484,0.000294645712149,-0.000321723639268,0.000384303304698,-0.000399761219026,-0.000373779668888,-0.000587661127345,0.000270584928482,-0.000297811996014,-0.00132160539212,0.00024834759003,0.000295431150834,-0.000791650691543,0.000547530480276,-0.000281808540481,0.000489438102024,-0.000568207321333,0.000412592535858,0.000471204368405,0.000298553818026,0.000693796569061,0.000341789580883,0.000354722787684,0.000383768820503,0.000506925408499,-0.000486304498274,0.000136147740701,-0.000414014766843,0.000646815081764
-0.000285126010908,0.000893221088621,4.04787538819e-06,-0.000361299287229,-0.000409912529967,0.000326456912651,-0.000625118966583,-0.00167568198268,-0.000389498570999,-0.000723031460886,0.000621047312639,-0.000277806322379,-0.00039525862096,-0.000324534881627,0.000374151067157,-0.000251343905848,-0.000356309353218,0.000328717361528,0.000794271373349,-0.000250459455229,0.000766979552998,6.59172156012e-05,0.000244217180478,-0.000292084754349,0.00048211122795,-0.000428292892671,-0.000274012885149,-0.000514494488504,0.000272277774407,-0.000276913452837,-0.00142739443569,0.000334688402776,0.000287905143306,-0.000583616164428,0.000578494239039,-0.000335119528799,0.000551789618281,-0.000504300173353,0.000401499016213,0.000423714205336,0.000342658594603,0.000448639337535,0.000378241228649,0.000487744763788,0.000632828433481,0.000464106163369,-0.000519852955561,0.000174110121817,-0.000464319385868,0.000604194886328
-0.000242643259541,0.000844565860101,-0.000104121130752,-0.000321006235875,-0.000243287004435,0.000270273049223,-0.000540735520477,-0.00145382936642,-0.000376662556323,-0.000655126113142,0.000449163057139,-0.000269317212923,-0.000346017548084,-0.000388445126365,0.000445802242453,-0.000472036763444,-0.000360263146487,0.00028573157477,0.000569141012554,-0.000292712355588,0.000762153565042,0.000289680253777,0.000234702968057,-0.000301594554682,0.000478997383263,-0.000575324733104,-0.000454119787939,-0.000614222873906,0.000256150176567,-0.000263126731519,-0.00136368384406,0.000423332770751,0.000314798141012,-0.000504248356615,0.000545223590202,-0.000320493565962,0.000557455089499,-0.000534674756943,0.000363352182998,0.000316103742711,0.000259910392294,0.000506885030833,0.000391401864532,0.00042651305681,0.000496893766054,0.000508852054665,-0.000526029255697,0.000181043671877,-0.000445176182337,0.000616909432258
-0.000278434183541,0.00079377923694,-7.6637364265e-05,-0.000321537117037,-0.000479456750382,0.000333005617378,-0.00057517377303,-0.00165113430404,-0.000330693832893,-0.000696581071961,0.000512580738471,-0.000292275639824,-0.00039189397359,-0.000305243199625,0.00044564550026,-0.000507053158248,-0.000408535193581,0.000271031340666,0.000251007827749,-0.000239500542464,0.000729873108386,0.000165310280687,6.95002313207e-05,-0.000330938206101,0.000470534968016,-0.000542295085855,-0.000409518534461,-0.00061868969696,0.000253654921616,-0.000266145329812,-0.00133995647111,0.000297153588814,0.000338551729922,-0.000665112205532,0.000665574814292,-0.000393388157508,0.000497706643014,-0.000476514270034,0.000397583552463,0.000409597068258,0.000329036859376,0.000374039700106,0.000383460790022,0.000520730169251,0.000494373551883,0.000540065118003,-0.000466481226232,0.000129016397612,-0.00043800462753,0.000638713825372
-0.000194972506021,0.000901610937687,-0.000118256223295,-0.000335700634274,-0.000524923924717,0.000356503473694,-0.000672400098797,-0.0015582431096,-0.000268970071415,-0.0007410776626,0.00049358370688,-0.000305765686041,-0.000237889572583,-0.000276724302809,0.000311348126021,-0.000437138231355,-0.000359743255827,0.000374968759263,0.00109827821883,-0.000329524844192,0.000837187921714,0.00011324845797,0.000166680329325,-0.000343050382316,0.000286562448695,-0.000537417297218,-0.000342596722834,-0.000558643301947,0.000261052111381,-0.000264085337292,-0.000949661080333,0.000196309897636,0.000272542495613,-0.000613172038474,0.000591915386034,-0.00031395370881,0.00051664670229,-0.000462331774916,0.000331042067465,0.000517613307765,0.000252619403282,0.00046793237954,0.000347196240834,0.000486155631548,0.000393259233532,0.000504100051496,-0.000518359151458,0.000109846487378,-0.000391468508683,0.000637470082194
-0.000269961740065,0.000457269262007,-2.25848241939e-06,-0.000349936015924,-0.00015643995998,0.000456177847926,-0.000459583455402,-0.00185389213791,-0.000326509286907,-0.00100892990589,0.000589379428346,-0.000302410123645,-0.000456953819846,-0.000220985653609,0.000135019288168,-0.000635378198569,-0.000212583984705,0.000312857792089,-0.000714417921072,-0.00027459772621,0.00102994563665,-7.35775630031e-05,0.000297988868806,-0.000291045396793,0.000261628780312,-0.000611344909173,-0.000603896763111,-0.00048788123323,0.000231806718954,-0.000206522880169,-0.00136762845643,0.000477819636275,0.000330270605336,-0.000623884505998,0.000836298264,-0.000335811058544,0.000541671566229,-0.000573830987137,0.000528580432261,0.00048052155494,0.000316014730571,0.000432739406429,0.000405413256412,0.000506239883382,0.000481562445314,0.000538456377228,-0.000603974973197,0.000254785189968,-0.000345253449774,0.000664288986093
-0.00562887588451,-0.0249326639218,-0.00361285978051,0.0566605209463,-0.0163080347476,0.00261063248576,0.0193428162481,0.0247662276259,-0.00100867250763,0.0133838067987,-0.00502910042772,0.00889791581209,-0.00306778357381,0.00124652735268,-0.00421488109086,0.0325339399548,0.00595943658044,-0.00842404165812,0.00480072172515,-0.00301140186042,-0.044787520353,0.00679357440408,0.00193869312927,-0.00375174861597,0.00834619720109,0.0360448695566,-0.00650005472057,0.00628856032211,-0.00306240084856,0.000864118558747,-0.0020186692176,0.00406917282356,-0.00193379601188,0.0309555219042,-0.00144817326827,0.000314595820432,-0.00771730409156,0.000872409962136,0.00101157332174,-0.00696071633854,-0.0376063911052,-0.00691434076603,-0.00394926183652,-0.0167957380431,0.00425909200185,-0.0195492603201,-0.00152717569694,-0.00544759734033,0.00417788209094,-0.00434784611514
-0.000288147028283,0.000993214906645,8.99110363422e-07,-0.0003511079877,-0.000388245392834,0.000286054917185,-0.000500513590024,-0.00161786744597,-0.000379814866722,-0.000686701304528,0.000549119670803,-0.000257859476245,-0.000347835090308,-0.000305826123346,0.000381418589629,-0.000374454141507,-0.000413903501609,0.000317516645384,0.000640040948857,-0.000325282192575,0.000886264715485,6.1258995811e-05,0.000135168272427,-0.000282255132586,0.000408447056274,-0.000460225229413,-0.000287008609848,-0.000475525986603,0.000265193533244,-0.000276551212637,-0.00127064420396,0.000354449059466,0.000317258726094,-0.000668502753797,0.0005877556434,-0.000298118238827,0.000459356064882,-0.000552524040725,0.000514249808017,0.00048037338016,0.000287471844608,0.000543699102447,0.000373835521804,0.000384850841634,0.000390346115812,0.000439546806017,-0.000421171487344,0.000122637542476,-0.000460678094072,0.000715866196901
-0.000279264100846,0.000889463236424,-0.000505876537643,-6.46328406981e-05,-0.000414712100318,0.000504259024783,-0.000924117202005,-0.00114886779593,-0.000610810172538,-0.00076435257568,-0.000158347694081,0.000589881613459,-0.000482263886117,-0.00044721708807,0.000440101602134,-0.000306387033414,-0.000656029172469,0.000299366986401,0.00101416086843,-0.000137775042142,-0.000365323990168,0.000153767593496,0.000399205103929,-0.000544268734475,0.000311217895598,-0.000272197055763,-0.000312520656374,-0.000493430926655,0.000267535214416,-0.000248511763105,0.000190218438331,0.000333525416915,0.000258528154844,-0.00107197371617,0.000495696364443,-0.000300642133872,-0.000988520457644,-0.000625549046295,0.000352563156635,0.000759339384405,0.000495587758689,0.000546705914156,0.000222737959651,0.000205807869544,0.000370070769651,0.000436216718854,-0.00064299435839,-0.000158789911829,-0.000367723342126,0.000848946073687
-0.00228427952174,-0.0352647086492,0.00235160969466,0.00380684277548,-0.00108510758641,-0.010150781042,-0.00348384209745,0.0464627620096,-0.0056995356811,-0.00140198413298,0.00961137581882,0.00712163827041,0.0270964863727,0.0132144619043,0.0147054291116,-0.0504375080586,-0.00588383817201,-0.294654185149,0.00785386371216,0.00896593748961,-0.0639029898484,0.0235139862764,0.0215217195306,-0.0042945404064,0.024518792375,0.0393195764876,-0.0106136540975,0.0515769389688,2.46010561252e-05,1.60357060366e-05,0.0569593405219,0.0147656343365,-0.00270489164571,0.089315773876,-0.00062276540068,0.0022621862286,-0.0258425856435,0.00888048824787,0.00454978262341,-0.0268858826229,-0.00244513625593,-0.0925084195308,-0.0158407791633,-0.167600433903,0.0247266787491,-0.0357219389134,-0.017943700484,-0.0173136456568,0.0211690107552,-0.0469455458677
-0.000261032471549,0.000854213493597,-0.000149901977245,-0.000314729003629,-0.000483899898378,0.00029138169647,-0.000303325408873,-0.00163632951603,-0.000395673634732,-0.000347995592208,0.000363327139084,-0.000227465105705,-0.000399695011653,-0.000346852135898,0.000382562374991,-0.000566405507864,-0.000331226374478,0.000227906901485,-0.000127268926433,-0.000271639294158,0.000861939731323,0.000294726354466,0.000173641894099,-0.000316546354889,0.000248456617527,-0.000511083608409,-0.000442955188514,-0.000574938216463,0.000247923514014,-0.000290374915707,-0.00159175266432,0.000244270466629,0.000242740235943,-0.00066849013849,0.000470682919047,-0.00022027794686,0.000354851414127,-0.000499378080526,0.000264594406232,0.000400326089753,0.000227102436233,0.000683091767811,0.000365894533129,0.000290977318619,0.000306193842561,0.000466037823502,-0.000138276629437,0.000225602544965,-0.000443547423703,0.000624001735852
-0.000258789365521,0.00109156745895,-4.47305472629e-05,-0.000342345615949,-0.00042780280141,0.000315250937954,-0.000686885809979,-0.00229929700421,-0.000457115480002,-0.000987700459102,0.00065690718767,-0.000310314985476,-0.000536458008664,-0.000409458862563,0.000551397945449,-0.000338996982214,-0.000461024907511,0.000356041595247,0.000950267940374,-0.000404754520339,0.000961831328055,6.56424420595e-06,0.000346681855701,-0.00034723164168,0.000766444682028,-0.000546912188473,-0.000358802936147,-0.000740785821233,0.000271638853545,-0.000492397712085,-0.00207079323099,0.00043840621193,0.000299686209027,-0.000799587568248,0.000607871930468,-0.000395370491921,0.000555563679062,-0.000619906194092,0.000518302412009,0.000533481642205,0.00038464324366,0.00048234303537,0.000410877440782,0.000578079662812,0.000539134357908,0.000543896928751,-0.000530759773915,0.000159689670974,-0.000453211707343,0.000751066906175
-0.000223655073157,0.000845058436334,-0.000101042179112,-0.000380065812747,-0.000453410701494,0.000194789723443,-0.000459524198756,-0.00145498711517,-0.000308675192537,-0.000683556181543,0.000568964787215,-0.000227023008152,-0.00037451664058,-0.000394157494072,0.000416638576593,-0.000518062762212,-0.000404637520907,0.000301104509537,0.00101739378097,-0.000192884232295,0.0009467705323,-4.21163548763e-05,0.000279243563907,-0.000273218885359,0.000433247295031,-0.000447003474846,-0.000284155062064,-0.000464135045314,0.000274953840178,-0.000250832336935,-0.00103165413044,0.000362639908072,0.000351109346005,-0.000713486039702,0.000586155501442,-0.000302414777834,0.000534813788184,-0.000401566300574,0.000421304961506,0.000512306775412,0.000282974073471,0.000594995219538,0.000290532478239,0.00054079877066,0.000459188102528,0.00051838270214,-0.000572074866234,0.000139786340317,-0.000358099524004,0.00067711384555
-0.00021976369841,0.000928668936437,-0.000112515777423,-0.000347869185562,-0.000569944694989,0.000244369412691,-0.000509506062118,-0.00142209749937,-0.000345420556585,-0.000561862256577,0.00051184564337,-0.000284350983783,-0.00033324322905,-0.000396532079386,0.000411351814548,-0.000483831791929,-0.000439596817763,0.000315507576719,0.00100482036312,-0.00020456970598,0.00101780980533,-2.2589337829e-05,0.000153060124695,-0.000312577779999,0.000411921365938,-0.000598569546342,-0.000402803799178,-0.000724160499342,0.000267803700987,-0.000266317224146,-0.000878908862554,0.000254436690931,0.000336978075885,-0.000754897258166,0.000612259943726,-0.000232325428839,0.000534741520545,-0.000451408716921,0.000445236842398,0.00054181985112,0.000263917309894,0.000492942997535,0.000350294475976,0.000411866259873,0.00051252979201,0.000499936600765,-0.000565311243391,0.000114945659377,-0.000441997297279,0.000770583005613
0.00102024751278,-0.0173897705076,0.00148095919276,0.00189844040453,-0.00230863509202,-0.00687165082894,0.00590772423016,-0.0079857068739,-0.0025102321363,0.000634535142703,0.000714503829752,-0.00137120968293,0.00348912553529,-0.00134818487749,-0.0056679466025,-0.000942830102867,0.00557784153311,0.000771875843928,-0.0147119564463,0.00263830707489,-0.00289821842701,0.00192988808321,0.00181356716197,-0.00333115756042,0.00261470529305,0.0028425353634,0.00694257872619,0.00385196862141,0.00016735453494,0.000318028290634,-0.00398974459541,0.0011817461022,0.00197075458879,0.0127504198738,-0.00339448151215,-2.44434851912e-06,-0.00828734888649,-0.00134904808392,-0.00923367037293,-0.0102957516578,-0.0108971162912,-0.0022211544762,-0.00253970252573,-0.000263409143178,0.000434755620476,-0.00669130893365,0.0192739158482,-0.00057426164926,0.00118459299623,-0.00681545076757
-0.000276609269162,0.000871922912011,6.61848824391e-06,-0.000349910383613,-0.000517289202426,0.000300896574271,-0.000535212920061,-0.00160649884866,-0.000338088908416,-0.000844005495485,0.000582364147814,-0.000294501549739,-0.000318706276554,-0.000404352632993,0.000428166167435,-0.000366359189346,-0.00051003767415,0.000238508940266,9.12215759945e-05,-0.00033762545733,0.000821529535651,1.19332024446e-05,0.000187710924275,-0.000322581233213,0.000601340156767,-0.000324033550753,-0.000307490330298,-0.000529413992617,0.000251068382864,-0.000262530359072,-0.00161755691496,0.000303060236285,0.000299431653923,-0.000593400371056,0.000636193497496,-0.000335725837833,0.000484689495271,-0.000433877951995,0.000497175012237,0.000487322947676,0.000334832481566,0.000296002360817,0.000316862374424,0.000493897605745,0.000362502991144,0.000543185147373,-0.000425945748216,0.000132062120555,-0.000414530043488,0.000694609250207
-0.000247045957551,0.000994874459211,-0.000221825813648,-0.000256454045857,-0.000648718268194,0.000217340514324,-0.000521557912711,-0.00136909248832,-0.000433844649692,-0.000236895309464,0.000435161847261,-0.000246804693773,-0.000238481191427,-0.000376092206613,0.000404045352048,-0.00031929648369,-0.000416714660405,0.000287910797487,-0.000556919712016,-0.000288005431331,0.000954428017603,-2.12793556567e-05,0.000176638033929,-0.000236779187961,0.000319203239906,-0.000513218791188,-0.000315596003885,-0.000467620834019,0.000264871162085,-0.000341695903979,-0.00179417717207,0.000154159561584,0.00032994558871,-0.000797969179911,0.000530326769622,-0.000169569554364,0.000187105926071,-0.000546188664684,0.000328030422484,0.000521836581102,0.00025777619105,0.000697285040828,0.000318441168571,0.000161455329339,9.63448439614e-05,0.00044238054993,-0.000114070934266,0.000141315837042,-0.000476172681663,0.000694346200909
-0.000252274326907,0.00107618101394,-0.000205403927105,-0.000256862530553,-0.00065378833422,0.000269625626924,-0.000551546984031,-0.00135157441302,-0.00042988710888,-0.000226715265526,0.000422813085547,-0.000254542196467,-0.000255320444043,-0.000397412208129,0.000409165250527,-0.000377642036824,-0.000446963853748,0.000271711565171,-0.000584770118156,-0.000315619608706,0.000961744804159,-1.05612627471e-05,0.000202342897817,-0.000249819658341,0.000282285659323,-0.000494834799096,-0.000342203290555,-0.000501200691662,0.000262145922503,-0.000357610183768,-0.00172231073205,0.000164341048064,0.000322103523609,-0.000883054780667,0.00058813349433,-0.000163351843112,0.000187438926778,-0.000515466406372,0.000292606378439,0.000532098076458,0.000265763211024,0.000685287145393,0.000305292647922,0.000167885022093,6.35685779777e-05,0.000428706447337,-0.000105561489419,0.000141629537923,-0.000438917487956,0.00074018397019
-0.00284016448621,-0.0180450596823,-0.000543668382287,0.0111060242145,0.0130322679311,-0.00260769207656,0.00293095361137,0.0293635255751,-0.00150042013467,0.013545626713,0.00352079146668,-0.00219570806074,-0.00154137539159,0.012438100789,-0.000515809922138,0.00884895025195,-0.0034198394919,-0.00296652103085,0.00241720863222,-0.00340647844452,-0.0120940751724,0.00121411173046,-0.00737557304787,0.00208325924256,0.00267587836452,0.0719668444273,0.00140207530078,0.00211226605377,0.000388573008049,-0.000676778846144,-0.0005334177108,0.00530237412824,0.00187675914013,0.00351038742138,-0.00619637977915,-6.47864686482e-05,0.000446916825972,0.00214178768685,0.00132566419952,0.00146464830378,0.00433940957604,-0.00865333796685,-0.00297263773542,-0.000523206635566,0.0030832082093,-0.00228534878896,-8.93935419524e-05,0.000251229937004,0.00115512303255,-0.00565722659644
-0.000218909858264,0.000904062636508,-0.00012811529375,-0.000323477604636,-0.000363455846925,0.000371452724459,-0.000594577234639,-0.00182826670544,-0.00022077839513,-0.000590281275636,0.000445247185323,-0.000266309670734,-0.000445265534013,-0.000392578911675,0.000616643916616,-0.000518762901145,-0.000401879218647,0.000265872792857,0.000736327881134,-0.00021067930409,0.000789330848354,-0.00013268483883,0.000290882923582,-0.000330650321439,0.000279470770803,-0.000684154227897,-0.000345503141336,-0.000667333977046,0.000275541219469,-0.00026909036216,-0.000931614588728,0.000254709764668,0.000238324278457,-0.000645270385658,0.000639495662775,-0.000255055113425,0.000509061770743,-0.000450543644619,0.000419226102039,0.000458337070681,0.000266273325776,0.000485401602053,0.00028442272766,0.000511660025148,0.000403769522937,0.000523168453387,-0.000522426168707,0.000181377558011,-0.00041842266633,0.000563442460657
-0.000259479507569,0.000893093507328,-3.47525090697e-05,-0.000346555286308,-0.00057964653668,0.000360596411233,-0.000630248945883,-0.00113560004734,-0.00025286173817,-0.000719555566493,0.000582530792753,-0.000269733037817,-0.000361927462491,-0.000334206229004,0.000457565686185,-0.0003945462495,-0.000468939535818,0.000371805056754,0.00103748227918,-0.000306096731763,0.00101874900793,-0.000107363567826,0.000254156332829,-0.000247845550448,0.000411642335726,-0.00064046107505,-0.000358028889032,-0.000640328814248,0.000276302070917,-0.00029505991576,-0.000728288155625,0.000383759858589,0.00032487970934,-0.000863802329471,0.000730471140261,-0.00027937621169,0.000409481188789,-0.000653199621871,0.000503355681884,0.000539691416434,0.000272318411901,0.000721034020196,0.000337026816804,0.000440269187663,0.000432161282638,0.000517289847959,-0.000556057872992,0.000198770216007,-0.000429484963702,0.000714434308708
-0.000258789365521,0.00109156745895,-4.47305472629e-05,-0.000342345615949,-0.00042780280141,0.000315250937954,-0.000686885809979,-0.00229929700421,-0.000457115480002,-0.000987700459102,0.00065690718767,-0.000310314985476,-0.000536458008664,-0.000409458862563,0.000551397945449,-0.000338996982214,-0.000461024907511,0.000356041595247,0.000950267940374,-0.000404754520339,0.000961831328055,6.56424420595e-06,0.000346681855701,-0.00034723164168,0.000766444682028,-0.000546912188473,-0.000358802936147,-0.000740785821233,0.000271638853545,-0.000492397712085,-0.00207079323099,0.00043840621193,0.000299686209027,-0.000799587568248,0.000607871930468,-0.000395370491921,0.000555563679062,-0.000619906194092,0.000518302412009,0.000533481642205,0.00038464324366,0.00048234303537,0.000410877440782,0.000578079662812,0.000539134357908,0.000543896928751,-0.000530759773915,0.000159689670974,-0.000453211707343,0.000751066906175
-0.000258789365521,0.00109156745895,-4.47305472629e-05,-0.000342345615949,-0.00042780280141,0.000315250937954,-0.000686885809979,-0.00229929700421,-0.000457115480002,-0.000987700459102,0.00065690718767,-0.000310314985476,-0.000536458008664,-0.000409458862563,0.000551397945449,-0.000338996982214,-0.000461024907511,0.000356041595247,0.000950267940374,-0.000404754520339,0.000961831328055,6.56424420595e-06,0.000346681855701,-0.00034723164168,0.000766444682028,-0.000546912188473,-0.000358802936147,-0.000740785821233,0.000271638853545,-0.000492397712085,-0.00207079323099,0.00043840621193,0.000299686209027,-0.000799587568248,0.000607871930468,-0.000395370491921,0.000555563679062,-0.000619906194092,0.000518302412009,0.000533481642205,0.00038464324366,0.00048234303537,0.000410877440782,0.000578079662812,0.000539134357908,0.000543896928751,-0.000530759773915,0.000159689670974,-0.000453211707343,0.000751066906175
-0.00196312021855,-0.00387530110525,-0.0005954858343,-0.00124184371984,-0.000416241460419,0.000255945953958,0.00173177169244,0.0321881396059,0.00419869868689,0.00517378435375,0.00269104106543,-0.000829111680567,-0.000673517432694,0.00153151380034,-0.00229235718298,0.00297327289067,-0.00226790818762,-0.000318094936905,0.000185848756517,0.000882721975294,0.000515241658231,0.00360831690685,0.00122080270622,-0.000374971286304,0.00231395454105,0.00704692673238,-0.00232419258506,0.00412478885902,3.46735778586e-05,-0.000631583918961,0.00164865649862,-0.00098651558779,0.000384591341595,-0.0011376898404,0.00173272894064,-0.000847798074788,0.00174768102498,-0.00243864040296,0.000154005928535,-0.00131690381042,-0.000310860599173,0.00582992548604,0.00198611613614,0.000506424981804,0.00154721569379,0.000924376957134,0.000212167094631,0.000543616486741,-0.00037580558615,-0.00060205678073
-0.000272853546187,0.000916246193938,-8.76986120102e-05,-0.000308638119557,-0.00055401319796,0.000278565249197,-0.00064508687684,-0.00162068387388,-0.000371436449611,-0.000777192816141,0.000557375271046,-0.000306252354221,-0.000427771548092,-0.000300724574319,0.000350953656477,-0.000408281256335,-0.000369085207003,0.000319050489903,0.000182820432502,-0.000277566758906,0.00095555628289,0.000164398578119,0.00025055821918,-0.000335195265118,0.000624675059801,-0.000392504973443,-0.000349625984703,-0.000546269402623,0.000270830635985,-0.000280651627072,-0.00155795551269,0.000319506350109,0.000354005267082,-0.000525709143157,0.000657748757598,-0.00039129506997,0.000505838354816,-0.000421500385647,0.000551735597371,0.000397289155477,0.000321686856192,0.000384205652277,0.000390809073636,0.000585372746762,0.000574145456993,0.000590265859055,-0.00067051301915,0.000134791990412,-0.000404189675207,0.000591512524675
-0.000258789365521,0.00109156745895,-4.47305472629e-05,-0.000342345615949,-0.00042780280141,0.000315250937954,-0.000686885809979,-0.00229929700421,-0.000457115480002,-0.000987700459102,0.00065690718767,-0.000310314985476,-0.000536458008664,-0.000409458862563,0.000551397945449,-0.000338996982214,-0.000461024907511,0.000356041595247,0.000950267940374,-0.000404754520339,0.000961831328055,6.56424420595e-06,0.000346681855701,-0.00034723164168,0.000766444682028,-0.000546912188473,-0.000358802936147,-0.000740785821233,0.000271638853545,-0.000492397712085,-0.00207079323099,0.00043840621193,0.000299686209027,-0.000799587568248,0.000607871930468,-0.000395370491921,0.000555563679062,-0.000619906194092,0.000518302412009,0.000533481642205,0.00038464324366,0.00048234303537,0.000410877440782,0.000578079662812,0.000539134357908,0.000543896928751,-0.000530759773915,0.000159689670974,-0.000453211707343,0.000751066906175
-0.00141524301917,-0.00798425413472,0.000650906479619,0.000873061447189,-0.00316986107015,0.000548917178502,0.00519637708212,0.0146278090772,0.00141370459911,0.00265905830274,-5.58579616097e-06,-0.000525337948859,0.000417434938966,0.00307902551204,-0.0013800511412,0.003216337742,-0.000786024594072,-0.00035550764093,0.00209960602283,0.000531990317211,-0.00373271470203,0.00280319995047,0.0016294071486,-0.0010140085446,9.70623929375e-05,0.00335389996904,0.000567932095114,0.00296185295174,8.51281907254e-05,-0.000910313784351,-0.00154844080884,-0.00968372922361,8.67717732704e-06,0.00291564040433,-0.00217734805839,-0.000894030967217,-0.0190073797936,-0.00224295962146,-0.00133019303752,-0.00529995814026,0.0012731072557,-0.00385237225898,0.0009225765213,-0.000902983901379,0.000791912579393,-0.00139058239868,0.00222056453312,-0.0013831923918,0.0016788693239,-0.00362621304473
-0.000256834583258,0.00094405311314,-9.52673425757e-05,-0.000356494875466,-0.000396681226603,0.000276395763559,-0.000609629210581,-0.00151120550584,-0.000318967014887,-0.00076033819193,0.000438204806992,-0.000229413663329,-0.000411063180784,-0.0002863118134,0.000527430495981,-0.00046374246979,-0.000317336583795,0.000369029411429,0.000973673477373,-0.000227401184939,0.000953454835465,4.78884499088e-05,0.00033828531392,-0.00026986265077,0.000579252923653,-0.000670344134928,-0.000239874439741,-0.000673382538402,0.000260908854238,-0.000246723758062,-0.00077677965385,0.00032810389826,0.000334486394846,-0.000704494327186,0.000634927291845,-0.000349336019008,0.000776727079506,-0.000505213472678,0.000429792936234,0.000462477124763,0.000316632506848,0.000449286906389,0.000360767187426,0.000409081632593,0.000518230100692,0.000510301013959,-0.000576265515631,0.000157636135291,-0.000460422841388,0.000693848309969
-0.00025990029524,0.000894529889039,-0.000129731090937,-0.000337904452735,-0.000505240739948,0.00025519412409,-0.000521258586237,-0.0015701615953,-0.000291941874303,-0.000783903582908,0.000487013318601,-0.000209959197291,-0.00039462573986,-0.000356484451332,0.000407578104288,-0.000463514677735,-0.000333544517142,0.000319316539404,0.000993262585589,-0.000291727712513,0.000926072352069,9.5075125829e-05,0.000232872181397,-0.000341539061223,0.000404248931284,-0.000492066882216,-0.000310090887093,-0.000692144371429,0.000259029895707,-0.000244649547063,-0.00102043176527,0.000322764368019,0.000283387466946,-0.000579612301589,0.00055887124787,-0.000352009028446,0.000500788844021,-0.000546956703228,0.000427330492796,0.000444114039454,0.000292447017179,0.000398589192758,0.000342898515309,0.000489946157267,0.000310938382365,0.000529645857288,-0.000530966863564,0.000178721012205,-0.000460011612461,0.000648319524736
-0.00151918230696,-0.007663304897,-0.000585298690924,-0.000298071200035,-0.00265068541532,0.000680654210013,0.00089495092052,0.0138866772887,0.00183050223924,0.00734355794152,-0.000669924500476,0.000500701515313,-7.64260864003e-05,0.0042753670415,0.000900322005414,0.00384389058685,0.000453792350644,2.71332770416e-05,0.000916752052281,-0.000963675533527,-0.00296201710123,0.00339383785587,-0.000972367483413,-0.000616735804889,0.00161224337898,0.00548032472326,-0.000143750401127,0.000941272455118,0.000193826420459,-0.000394837512253,-0.00101026069481,-0.00128581531841,0.000456176259912,0.00136727610493,-0.00239883919703,0.000913355337888,0.000417088824477,-0.00207304679222,0.00105815113637,-0.0045275094552,-0.000120984700154,0.000203997112277,0.0030809883209,-0.00329506121133,0.00109480008151,-0.00214471039765,0.00679054443286,-0.00343531656365,0.00158045657511,-0.0047036164541
-0.00020949378898,0.000779684941233,-0.000109638978798,-0.000368527601539,-0.000587006881183,0.000351134191774,-0.000594344579412,-0.00153079273655,-0.000309141407557,-0.000669790967594,0.000432737658636,-0.000275188223288,-0.000410940523445,-0.000329549833645,0.000335118732663,-0.000461952857742,-0.000478247353843,0.000273621571159,0.000643544874362,-0.000344662990855,0.000877909158631,9.93808228592e-05,0.000139080654465,-0.000278257962081,0.000382110299321,-0.000624918199916,-0.000395812142502,-0.000670486452723,0.000276907802992,-0.000251291169618,-0.00110447357868,0.000341012255706,0.000319770694665,-0.000700875652579,0.000513689546027,-0.000298969106046,0.000440374476492,-0.000529644201507,0.000490395216567,0.000473250737666,0.000220377176236,0.00044600345862,0.00032833373018,0.000407487441344,0.000470587386982,0.000500069786746,-0.000586330556389,0.000190056166328,-0.000442515768298,0.000611433372854
-0.000237092478115,0.000770055910306,-0.000117357074524,-0.000317211040205,-0.00063763007098,5.68032881055e-05,-0.000290329804344,-0.00112050714859,-0.000332700645744,-0.0004822998276,0.000349654568153,-0.000283038437165,-0.000221049695687,-0.000334008733988,0.000271239278217,-0.000349823408937,-0.000295686060539,0.000234350852749,0.00108787573425,-0.000172816952432,0.000670379786105,0.000291680475657,0.000243116677021,-0.000257948655496,0.000363951185574,-0.000485209340084,-0.000272801464633,-0.000483796224529,0.000258448710643,-0.000163302853893,-0.00115633624176,0.000181999428107,0.000320365270353,-0.000561351182073,0.000495923007756,-0.000271840490581,0.000526540747345,-0.000340743931401,0.00035613307534,0.000440810562706,0.000228630444893,0.000538217815037,0.000310603056389,0.000272255021398,0.00026270646339,0.000430307967048,-0.000494805306786,0.000177493767722,-0.000347657620508,0.000602506917544
-0.000270924582964,0.000853142097172,-0.000163694908867,-0.000345716032374,-0.000482703610523,0.000232275140599,-0.000568797739642,-0.00139514525535,-0.000355754538596,-0.000552006281974,0.000431864488375,-0.000276649018727,-0.000265978490733,-0.000313255683786,0.000456365300388,-0.000433051772643,-0.000280392597112,0.000314474211753,0.000634947429976,-0.000263416902986,0.000902442722008,0.000178125547038,6.87208722764e-05,-0.000259470352551,0.000301706188832,-0.000471642258912,-0.00027022034042,-0.000518220762483,0.000266572688747,-0.000249461523622,-0.00117677587423,0.000342977991696,0.000320345957378,-0.000745369516271,0.000631476399228,-0.000343915560186,0.000355187352332,-0.000432214954753,0.000420876794181,0.000504011408313,0.000272183771614,0.000446020831188,0.000323329442129,0.000435865713401,0.00040748036424,0.000474585768145,-0.000371531060016,0.000170374859167,-0.000426927579518,0.000518735271985
-0.000295868130944,0.00128661721297,-0.000353289569724,-0.000384748895852,-0.000556012159559,0.000184852898362,-0.00103401696897,-0.00117389584521,-0.000336052631843,0.000777282005048,9.8236023444e-05,-0.00041841063978,0.000123368180511,-0.00032251659463,0.000876895886212,0.000478886321048,0.00150155613573,0.000225482909292,9.67831945906e-05,-4.01969733516e-05,0.000731023556589,0.000280223114297,-0.0077931141381,-0.000343501151741,0.000327980045498,-0.000570273671149,0.00134686406632,-0.000409907945489,0.000310271974044,-0.00043981618223,-0.00119743846314,0.000628515778724,0.000429858078676,-0.00116345644893,0.00122857222492,-0.000419639224228,0.000678421278412,-0.000385686002573,0.000860911008921,0.00041745829603,0.000487866475888,-0.00145903668025,0.00091693535335,0.000806831977721,-2.71520573882e-05,0.000430515192965,-2.34218505996e-05,0.000319339873892,-0.000297356530835,0.00121691904223
-0.00029228076309,0.000692698493882,1.94998431163e-05,-0.000311633922894,-0.000204109198037,0.000315865070599,-0.000615529815301,-0.00199498285308,-0.000406230133647,-0.000945488004858,0.000647884688366,-0.000301277657103,-0.000429338341781,-0.000258881255881,0.000356114333125,-0.000284325681892,-0.000345528532813,0.000301863049759,-0.000503202085567,-0.000361996389484,0.000843943878472,0.000233468549092,5.81828576916e-05,-0.000360674123254,0.000752831763145,-0.000265057646095,-0.000470831758096,-0.000606592201579,0.000268259919926,-0.000322007157295,-0.00196892149265,0.000406043021217,0.000336996221187,-0.000573089276871,0.00056763242726,-0.000406743418601,0.000619214838176,-0.000595012176745,0.000542755296617,0.000386721731266,0.000223657918358,0.000267235887014,0.000375811035017,0.000708572918346,0.000699747724085,0.000600578843619,-0.000700022684933,0.000135419253013,-0.000431337718761,0.000550994380775
-0.000280774913569,0.000621445654682,-7.4198024705e-05,-0.000351855260749,-0.000389384916132,0.000323086952335,-0.00055632561018,-0.0015797054798,-0.000312821039551,-0.000781644901497,0.000571623721028,-0.00022902063857,-0.00041707929118,-0.000269635446173,0.000317317401206,-0.000431538414726,-0.000348902168338,0.000288306731743,0.000547500079316,-0.000216082984494,0.000743836236253,0.000257236469876,0.000352538734382,-0.000279774748365,0.000464875102838,-0.000505272583679,-0.000242318923169,-0.00078816074692,0.000273412199177,-0.00026447372281,-0.00140562610627,0.000447910708013,0.000281525309219,-0.000649456774397,0.000515693116065,-0.000344716233054,0.000588412068415,-0.000503264491201,0.000467363496897,0.000320974157669,0.000281145399517,0.000527539543322,0.000350353517913,0.000502633187612,0.000525694040078,0.000547257110291,-0.00052572242545,0.000161913069417,-0.000420387377447,0.000648641035897
-0.000296289199816,0.000963965012489,-8.454540098e-05,-0.000332155163597,-0.000620923539547,0.000209833634732,-0.000660834820132,-0.00160040011008,-0.000389670343182,-0.000658273417468,0.000504495225714,-0.000272566060038,-0.000210003593433,-0.000345982213218,0.000311189489271,-0.000339716093779,-0.000470002725525,0.000302559037965,-0.000902185865457,-0.000327795160642,0.000887707893642,-0.000178526154105,-0.000515681571079,-0.000259444177772,0.000396378173115,-0.000497014281025,-0.00030501108853,-0.000525999161793,0.000278533690316,-0.00029828026283,-0.00174441650674,0.000177611620152,0.000348973490935,-0.000639674398248,0.000735163673022,-0.000264031622045,0.000454268546699,-0.000307840838649,0.000455642636542,0.00052237831769,0.000320290293488,0.000447124545858,0.000316877729545,0.000409926338587,0.000390116339427,0.00062630710732,-0.000434914834632,0.000114366405606,-0.000459467018984,0.000652741396355
-0.000180249581923,0.00100350768568,-5.89503637095e-05,-0.000346603899395,-0.00045125318835,0.000396311567731,-0.000458475160134,-0.00148314251445,-0.000258106908538,-0.00062247133377,0.000573855248429,-0.000205679810679,-0.000417230563521,-0.000330184191346,0.000481182760149,-0.000513928959358,-0.000481785207322,0.000277490687846,0.000837683530459,-0.000282398187897,0.000935560755829,1.54943980372e-05,0.000174591311068,-0.000348148569436,0.000474226062466,-0.000657477207331,-0.000351837773709,-0.000714764652705,0.000252988296028,-0.000260913896125,-0.000773061888907,0.000385980196056,0.000238776935586,-0.000713344869439,0.000624743247744,-0.000349406769638,0.000619799635592,-0.00054727861581,0.000454131231966,0.000504456360973,0.000362506749491,0.000516455126932,0.000381490928472,0.000553405077554,0.000408009591289,0.000491319826929,-0.00062586336039,0.000141649981251,-0.000502304225027,0.000578389937434
-0.000288212622392,0.000957709025208,-8.77139251795e-06,-0.000310853836191,-0.000240053936068,0.000302863923273,-0.000479344095418,-0.0013173452237,-0.000276875002924,-0.000709305277053,0.000591701281312,-0.00027939202526,-0.000371997641706,-0.000359994036175,0.000405445796356,-0.000377430333197,-0.000476052450015,0.000323127805661,0.00110829352248,-0.000253784552429,0.000748536570416,3.83774488634e-05,0.000220694982846,-0.000229499782867,0.000397034150297,-0.000540153493032,-0.000287428034036,-0.000596492663476,0.000263284717308,-0.000260393755152,-0.00101242889505,0.000381137725483,0.000306547895516,-0.000714959095166,0.000604229723675,-0.000227030764569,0.000529586289029,-0.000580234805597,0.000510613407152,0.0005160020884,0.000332184079504,0.000497441319274,0.000339298054652,0.000472473232507,0.000455270777472,0.000437333807002,-0.000576302604099,0.000158507627195,-0.000444890906306,0.000692602364307
-0.000250347252875,0.000884919138203,-0.000157704528569,-0.000311488819544,-0.000353499756489,0.00028469263889,-0.000570641142514,-0.00141078361622,-0.000330786330187,-0.000758672137411,0.000395405844981,-0.000327475827111,-0.000373586700324,-0.000323791444721,0.000495169870075,-0.000377670169697,-0.000472800923785,0.000307867619327,0.00107970887564,-0.000170867904141,0.000901581574878,-3.11908257989e-06,0.00025006995523,-0.000283104815828,0.000495009109817,-0.000566714736696,-0.000347837361924,-0.000644953627181,0.000261304189955,-0.000243145788805,-0.00112079604291,0.00029172997426,0.000357429507705,-0.000428653479679,0.000600152356764,-0.000338229608844,0.000455688313096,-0.000529166965239,0.000472255751839,0.000421621312432,0.000272098897736,0.000425376427162,0.000340607936891,0.000378527913742,0.000407991092785,0.000482248196637,-0.000646980458463,0.000184802198134,-0.000411011691401,0.000693255550172
-0.000213395690813,0.000850500919835,-0.000104289697696,-0.000403933765364,-0.00045097551629,0.000399671118162,-0.000511535868688,-0.00153509007767,-0.000265313051215,-0.000580513312234,0.000469539016091,-0.000312667746597,-0.000334707267996,-0.000326278104728,0.000418278606578,-0.000285925082069,-0.000390307242064,0.000335577473201,0.00102105431916,-0.000300829852387,0.000850440991711,9.08224713602e-05,0.000245009731878,-0.000253590247159,0.000440312377479,-0.00055709539843,-0.000197570443763,-0.000471076617872,0.000257894717207,-0.000238823704326,-0.00115915093044,0.000320943420287,0.000260027216625,-0.000613064698124,0.000653236565819,-0.000332612255723,0.000541059931363,-0.000510628523517,0.000444055044196,0.000435958921208,0.000283107550951,0.000448428768173,0.000354392113065,0.000585397759619,0.000385640491504,0.000492504749672,-0.000545116851907,0.000152195687543,-0.000432597417358,0.000595494040362
-0.000255747392966,0.000705494085782,-3.26313810717e-05,-0.000336027147248,-0.000445505121631,0.000259961795933,-0.000486498068581,-0.00139074656134,-0.000370361512842,-0.00055993178873,0.000496846720879,-0.000277604639754,-0.000301457747126,-0.000290881177492,0.000478935104985,-0.000449266647004,-0.000357198526877,0.000302785562428,0.000984527061489,-0.000259873656867,0.000786013584377,0.000104957069637,6.64514268936e-05,-0.000265392985119,0.000521633634328,-0.00055434901885,-0.000322773162784,-0.000565314479061,0.000275265903193,-0.000265930189409,-0.00130760858565,0.00035456836016,0.000331124350602,-0.000626887215462,0.000645736807504,-0.000333038444057,0.000481477930385,-0.00044648992328,0.000399340474206,0.000442087528856,0.000282278778656,0.000398846004908,0.000332692369689,0.000423872258783,0.000467312159852,0.00050765346174,-0.0005987450773,0.000102786945155,-0.000442008353048,0.000618909552502
-0.000243721984974,0.00116383850936,-7.50148567287e-05,-0.000329850340392,-0.000394654718958,0.000185427051773,-0.000671782684813,-0.00206499361821,-0.00029056437585,-0.000830578533081,0.000579760691359,-0.000279885209881,-0.000361065880341,-0.000329392376512,0.00027728349188,-0.000516922301911,-0.000385130801823,0.0003628000578,-0.000803264441417,-0.000300752746572,0.000944147543624,-0.000141126413895,9.67139414738e-05,-0.00040109720194,0.000448615638392,-0.000573533898125,-0.000397770806626,-0.000684825706196,0.000257242099242,-0.000276895554144,-0.000994709302618,0.000502984397309,0.000311523204414,-0.000830613071378,0.00087491359137,-0.000326813040252,0.000568486715193,-0.000549041358388,0.00057654447324,0.000656610723933,0.000237342630464,0.000376667712545,0.000316024448809,0.000579341830437,0.000617979812701,0.000507687718619,-0.000606408203175,0.000227150236452,-0.000458819509656,0.000632203344533
-0.000250387175015,0.000794438637572,-0.000106729027413,-0.000347652996203,-0.000428909302108,0.000363003413788,-0.000521329230277,-0.001472516067,-0.000299056812687,-0.000546288298603,0.000510892666056,-0.000238871157795,-0.00036837203354,-0.000342463788743,0.000290968048423,-0.000263483335975,-0.000576023563187,0.000352446473805,0.00108557666044,-0.000245031468221,0.000682523505326,0.00015273550073,0.000297930678902,-0.000302868787131,0.000520322954564,-0.000551535513161,-0.000340931082926,-0.000590296391457,0.000275173970323,-0.000245590900301,-0.00107052735215,0.000366531083555,0.000281504924359,-0.000548855018446,0.000486444626505,-0.000326509271123,0.00051183883847,-0.000545532977579,0.000472274693622,0.00053501357668,0.000208648099894,0.000614738372556,0.000400359346829,0.00031833002081,0.000476344933906,0.000454583770799,-0.000549210470124,9.2790422653e-05,-0.000483589314125,0.000648937932485
-0.000249142296972,0.000936693189513,-0.000105079092705,-0.000308410589969,-0.000459342973135,0.000366441436388,-0.000524775005578,-0.00175902620991,-0.000215022967271,-0.000957284362262,0.000527802689445,-0.000244081948292,-0.000297116527227,-0.000298902426239,0.000612549877017,-0.000629141679988,-0.000551563274693,0.000321794132283,0.000806071249708,-0.000220274402468,0.000976653535983,-0.000340848674899,0.000249883264331,-0.00032288442717,8.82010023201e-05,-0.000790987572046,-0.000222803419556,-0.000417669300433,0.000277904984027,-0.000283255790564,-0.000520079503664,0.000232739707072,0.000258545731691,-0.000888708925029,0.000668901133254,-0.000264380142927,0.000367694125699,-0.000475042739957,0.000319789748429,0.000799522786339,0.00031109428786,0.000449555177309,0.000364734783554,0.000329823315416,0.000372676232721,0.000467804102701,-0.000585362574555,0.000229837004683,-0.000365459058505,0.000935273529102
-0.000250206809615,0.000880265824061,-0.000129143180192,-0.000355607466154,-0.000476982215665,0.000315095685972,-0.000485106641231,-0.00152839717726,-0.000326640793859,-0.000732728172435,0.000345423596449,-0.000219840917173,-0.000364247141329,-0.000273389957489,0.000386830015005,-0.000354736743168,-0.000352569290928,0.000315571968743,0.00109738301253,-0.00025215696716,0.000827086538285,0.000155215894208,0.000235346279052,-0.000325289211984,0.000478525605422,-0.000491083327192,-0.00029894582793,-0.000587010264874,0.000264809280455,-0.000250180637586,-0.00105772953201,0.000277483988544,0.000315574341409,-0.000716408124104,0.000532489206041,-0.000265483610562,0.000475484637954,-0.000433307327345,0.000386737282609,0.000493112668526,0.000254563822541,0.000528962985913,0.000395445723999,0.000462194939073,0.000312796184293,0.000581014823799,-0.0004860810185,0.000126751405067,-0.000513068810394,0.000639477354697
-0.00025805176938,0.000915895005172,-3.20911187776e-05,-0.000363004854715,-0.000334198925868,0.000274365833836,-0.00056036914501,-0.00147031721534,-0.000314489515191,-0.000661637752117,0.000412335599412,-0.00027752087923,-0.000354564222355,-0.000345886832822,0.000420292761596,-0.000360920949559,-0.000362490449295,0.000353404756301,0.000922864624594,-0.000280808527368,0.000806253071702,0.000238887408001,0.000323699885293,-0.000205671526611,0.000458741409109,-0.000580637689146,-0.000339861220114,-0.000569645899409,0.000273417676172,-0.000250451708319,-0.00107538497846,0.000403777871425,0.000281895430367,-0.000735549358045,0.000601395994563,-0.000233510858223,0.000422109120269,-0.000501379299391,0.000472606107014,0.000434059035243,0.000183835480463,0.000508027251791,0.000336907005094,0.000428062189096,0.000566635381676,0.000524795176037,-0.000525595087499,0.000159792352747,-0.000450970939327,0.000569476842692
-0.000247306938587,0.000910909576755,-8.02209961487e-05,-0.000349656634231,-0.000371666784448,0.000287688234879,-0.000559255510573,-0.00127627599592,-0.000282264701378,-0.000686925203406,0.00041498778791,-0.000247384317722,-0.000369646438427,-0.000296368724397,0.000449209736494,-0.000285412877968,-0.000424674854248,0.000366790466584,0.000929483718148,-0.00032391685142,0.00085569926264,0.000197244645287,0.000263947892894,-0.000221188680983,0.000414237980316,-0.000527119005421,-0.000343527109943,-0.000481969117153,0.000288103490898,-0.000279723465404,-0.00104087973737,0.000355413368555,0.000281054554672,-0.000785242276187,0.000583044952856,-0.000272636262491,0.000392910434078,-0.000508629042797,0.000469028854359,0.000519560547538,0.00018468814152,0.000504121653948,0.000354642569461,0.000350653908434,0.000483777551499,0.000539916881881,-0.00036226753194,0.00015185810324,-0.000394833074155,0.00064078472558
-0.000268983418638,0.000803612366746,-0.000105976352333,-0.000287264988288,-0.000524563285014,0.000263789977037,-0.000515101154081,-0.00104650322094,-0.000313816313851,-0.000649203172967,0.000462272235469,-0.000252988862274,-0.000420405937015,-0.000291263316763,0.000453530193032,-0.000342851195111,-0.000454023481821,0.000289574890784,0.00102319932788,-0.000297019478265,0.000884926909485,8.78841588836e-05,0.000219465118973,-0.000279640671488,0.000518945227388,-0.000370684709291,-0.00044094026186,-0.000415534828608,0.000267180664624,-0.000243676252538,-0.00117784443393,0.000295429293514,0.00034297366142,-0.000590361643794,0.000674588167494,-0.000303976638238,0.000536010288794,-0.000389792327073,0.000481929391005,0.000319290723293,0.000266124127135,0.000440398654502,0.000292223849554,0.000557468848762,0.000446216713376,0.000575679083878,-0.00050844408644,4.91025269091e-05,-0.000391017468585,0.000550061924601
-0.000168693964557,0.000922238249687,-6.4783080695e-05,-0.000370456533459,-0.000535911173895,0.000239858973077,-0.000650847563411,-0.00179629496897,-0.000335107485873,-0.000699678400953,0.000494488944083,-0.000304850908593,-0.000323326458959,-0.000380531333926,0.000416841952416,-0.000403179233719,-0.000365588503884,0.000367260675776,0.000915609887952,-0.000227809393658,0.00088518232202,5.58417134399e-06,0.000334991214864,-0.000304694294362,0.000294216102005,-0.000712167978281,-0.000246205318067,-0.000612244156253,0.000268951973912,-0.000261334886863,-0.000796769717453,0.00040576555844,0.000329868223643,-0.000618498219902,0.000639988147532,-0.000357570620001,0.00059296502516,-0.000521733528402,0.000434204581502,0.000594282015967,0.000171667245616,0.000546431491644,0.000396262758967,0.000426197751182,0.000400001832463,0.00054372377121,-0.000519854210959,0.000162908680223,-0.000341777895378,0.000652094881984
-0.000266420811739,0.000876224156362,-0.00010853002983,-0.000280921732796,-0.000401941224644,0.000305627881452,-0.000379229549176,-0.00143484769212,-0.000393232742819,-0.000570827958275,0.000511108296875,-0.000291431514166,-0.000308203834053,-0.000334830831949,0.000495944620736,-0.000435199770928,-0.000394122336856,0.000295581971293,0.000909067619502,-0.000260449210735,0.000809521203649,4.40836521685e-05,0.000188844611122,-0.000311642188216,0.000485059641291,-0.000485922744154,-0.000295901768815,-0.000374348297853,0.000270623519099,-0.000273683900467,-0.00136826402125,0.000275633951714,0.000272152120899,-0.000681394315003,0.000588631818678,-0.000322503438588,0.000427517696322,-0.000438969711233,0.000397840856307,0.000504809821974,0.000358723941264,0.000354577481521,0.000368250768099,0.000341770519262,0.000396531129514,0.000415286215381,-0.000363500121511,0.000106965709126,-0.000398395769491,0.000670373037126
-0.00024883476785,0.00093393861813,-5.41132172989e-05,-0.000304881314934,-0.000423371908675,0.000285231653708,-0.000562380151862,-0.00143388235011,-0.000356268712137,-0.000594590395284,0.000464062746044,-0.000273623156518,-0.000307404894033,-0.000274151759281,0.000425817042732,-0.000411763675105,-0.000287050557476,0.000302447016766,0.00102834219135,-0.000272116196745,0.000798986828786,0.000189007532618,0.000233935469733,-0.000223323040465,0.000401949449999,-0.000457204597828,-0.000314634731063,-0.000483299749577,0.000270136284392,-0.000258182296504,-0.00113510518087,0.000266146337296,0.000373841919066,-0.000611969228962,0.000697960155631,-0.000315791840185,0.000454916199145,-0.000492624186504,0.000475621064774,0.00040414520309,0.000292190767983,0.000518642479522,0.000267131048416,0.000334938169196,0.000309817420936,0.000616955372424,-0.000417819367978,0.000118007226655,-0.000383864985226,0.000669475566942
-0.000229572568254,0.000872442341513,-0.000168150042154,-0.000309025716429,-0.000394649660725,0.000279984886029,-0.00047323559433,-0.00150933586019,-0.000274145854334,-0.000732662887671,0.00037069804824,-0.000251181464036,-0.000308422674091,-0.000309925898904,0.000376246493021,-0.00043066186848,-0.000370114607724,0.00029210988334,0.000913743725684,-0.000235070386478,0.000873039327786,4.23495981545e-05,0.000176460481321,-0.000280978603793,0.000333022914557,-0.000590890205745,-0.000224630963793,-0.000591946389906,0.000278250414456,-0.000245792324241,-0.00113141398636,0.000305078363263,0.000287035432004,-0.00051307515661,0.000616172839146,-0.000278521583565,0.000533988134751,-0.000526597618897,0.000401131525564,0.000546148237852,0.000252796301149,0.000577495313916,0.000360958512877,0.000468166751141,0.000438161675952,0.000543513229676,-0.000424522981461,0.000158617091236,-0.000322360161338,0.000597015635762
-0.000251765012637,0.00106670208744,-0.000154516998893,-0.000296297436048,-0.000220858164565,0.000248289721652,-0.000559505714212,-0.00163980117954,-0.000286493041042,-0.000386698060618,0.00047729857985,-0.00030673377127,-0.000321736171389,-0.00030205788392,0.000545975677137,-0.000446804163608,-0.000380014953605,0.000294277813781,0.000859387129854,-0.000231029117985,0.0007747610911,-0.000138837427085,0.000177892044055,-0.000250130289139,0.000443175537246,-0.000455787876143,-0.000218532682832,-0.000475550639589,0.000264264328725,-0.000267510066787,-0.00109645278044,0.000390942250214,0.000287141987614,-0.000702684662123,0.000630384725488,-0.000255800684314,0.000583288382078,-0.000473321253003,0.000316808636587,0.00047391984314,0.000323646176392,0.000427528681715,0.000351968071642,0.00041560904294,0.000295333781936,0.000469884011229,-0.000483713675763,0.000198968068031,-0.000399781302411,0.000693749680561
-0.000273454811419,0.000918753881052,-0.000120087830271,-0.00027425850034,-0.000543244420308,0.000258054384432,-0.000296394574896,-0.00144918445151,-0.000404511318462,-0.000541242038424,0.000430764273202,-0.000273415693719,-0.000374431990527,-0.000307174373603,0.000456609509932,-0.00044226497206,-0.00036042481362,0.000312762852782,0.000425245724874,-0.000299783773762,0.000806953112325,0.000152637934874,0.000222186253507,-0.00032609567539,0.000483332297529,-0.000464610501234,-0.000359696735026,-0.000684230611127,0.000264774034023,-0.000279062470788,-0.00148322069525,0.000396240711153,0.000301002067921,-0.000666301489781,0.00051036178291,-0.00030292217591,0.000467002734108,-0.000444104213731,0.000347060423069,0.000424040384867,0.000257010289305,0.000509385770425,0.000276331890105,0.000375000892758,0.000362368594675,0.000488441398719,-0.000261387409149,0.000147365879715,-0.000464996181785,0.000587933168958
-0.000340976793749,0.000788901003142,0.000275304375416,-0.000348979604128,-0.000601911221125,0.000448063451686,-1.63994037778e-05,-0.000531890690181,-0.00019494749198,-0.000709034791272,0.000474521502085,-0.000212381229784,-0.000306025523083,-0.000113021831817,0.000364548783305,-0.000401307209687,-0.000515559951982,0.000298913848862,0.000138750275655,-0.000322066541803,0.00100802527052,-0.000737949057296,0.00021384566114,-0.00037489952036,0.000394984963351,-0.00043206721472,-0.000514220258054,-0.000632554116742,0.000278557818772,-0.000296677050612,-0.00108207512134,0.000379460370451,0.000245459496974,-0.000638078120079,0.000662766744257,-0.000258841010061,0.000530140245266,-0.000558518615959,0.000523710221022,0.000308420344046,5.78857710749e-05,0.000736101941309,0.000409332938836,0.000571796392001,0.000407759500154,0.000744209404154,-0.000465994721124,0.000262905689172,-0.000329279480196,0.000439569031647
-0.000282235357951,0.000870704604629,-0.000132129489855,-0.000247995215504,-0.000266516599982,0.000308381735451,-0.000578589777942,-0.00173207163294,-0.000396070165551,-0.000823956284664,0.000555559177813,-0.000268701398159,-0.000358461213192,-0.000303759114315,0.00040458653834,-0.000572251318844,-0.000374739863825,0.000338066176213,-0.000141235753152,-0.000275979049451,0.000830696464835,0.000161239208349,0.000305623043306,-0.000288295083126,0.000501613674133,-0.000518032085991,-0.000445306942051,-0.000474109013824,0.000254385679942,-0.000285261745385,-0.00159022226251,0.000423111589338,0.000338053941359,-0.000631200396624,0.000644741467956,-0.000375089930915,0.000534005052281,-0.000541778444794,0.00048288032204,0.000389614663507,0.000223333292324,0.000528843830073,0.000393310104229,0.000521868101188,0.000475642446376,0.000430884567169,-0.000587172226578,0.000161438151529,-0.000379910676355,0.000680192069845
0.000366209548452,0.00141084553725,0.00114010603978,0.0017908099787,0.00011932478464,-0.00123172741622,-0.000498005169363,-0.00390012198023,-0.000219342115237,0.00120675344014,0.00127416081937,-0.000972726565224,7.06730756287e-05,-0.000516228256294,0.000743395742698,-0.000295584219897,-0.00158657007652,-0.000182289292277,0.00139116613402,-0.00091720949497,0.00213880811377,0.00117427140963,-0.00129190297638,0.000121174332627,0.00176884987951,-0.00415113443884,0.000553647236206,0.0005827477313,-0.000403786360027,0.00110211406094,0.00360066774272,0.000917632498307,-0.00845516146207,-0.000318359979981,-0.00340104039684,0.00123900077018,0.000157770838098,-0.00209746509861,-0.000690884775024,0.00129197777313,0.0013087071603,0.00199556325063,0.000454586109416,0.000935662239556,-0.0181390752619,0.000146497117137,-0.00183410610469,0.000572090341408,-0.00193469548661,0.00338607673829
-0.000283974409104,0.00083178182484,-0.000104401085112,-0.000312139024709,-0.000444605261392,0.000314446370142,-0.000527355544151,-0.00135594117794,-0.000358067947505,-0.000397488463843,0.000485662664034,-0.000297713903727,-0.000286621279622,-0.000280203801678,0.000490610030209,-0.000297471777607,-0.000501305821617,0.000341571449911,0.00104122595826,-0.000303673290546,0.000798365335316,0.000200148438519,0.000217556299091,-0.000254350266637,0.000417149121944,-0.000539427651295,-0.000336932898615,-0.000540417649079,0.000264957901136,-0.000251365922492,-0.00115651977604,0.000285498097189,0.000354049792541,-0.000641244329537,0.000592391473282,-0.000323754109924,0.000505083444798,-0.000442399566708,0.000430637641703,0.000369257402652,0.000270279877486,0.000517151928804,0.000355804796742,0.000446419196952,0.000432070583883,0.0005328655892,-0.000424145078886,0.000122892475875,-0.000444580394809,0.000652958687095
-0.000208876598495,0.000981453410168,-0.000102241213062,-0.000264634621257,-0.000543379195118,0.000307770671198,-0.000572346979756,-0.00132636437461,-0.000400395506779,-0.000587400565401,0.000581885348533,-0.000313882942207,-0.000353646926404,-0.000275530073571,0.000391329511329,-0.000361535909415,-0.000369990761421,0.000296990967716,0.000187980995177,-0.000314895171083,0.000884218088945,4.83507135562e-05,0.000231468575909,-0.000155619827651,0.000416066515986,-0.000507242873699,-0.000345517150222,-0.000487702284944,0.000269166392358,-0.000280681391138,-0.00145850336809,0.000233545593242,0.000324825834767,-0.000722816846483,0.000601101238163,-0.000250296952886,0.000404045666429,-0.000469299328339,0.000463119885351,0.00044946105469,0.000286153695225,0.000579667009426,0.00034405905889,0.000378741268089,0.000324105003856,0.000460914568058,-0.000351788806406,0.000144477502263,-0.000392744608156,0.000690611140947
-0.000208467146132,0.00112493698976,-7.67820297318e-05,-0.000324641511654,-0.000515979134509,0.00018972337193,-0.000717413692044,-0.00170476705329,-0.000316967846686,-0.000713317250134,0.000535136646853,-0.000302167945537,-0.000381659650785,-0.000360852535264,0.000442328173651,-0.000394431459753,-0.00042773329099,0.000300279451606,0.000432050334453,-0.000282048514044,0.000748748296135,7.30633687772e-06,0.000250298726646,-0.000291358232341,0.000435010292339,-0.000568788239547,-0.000309896611637,-0.000608330480799,0.000272863883673,-0.000273933736264,-0.00107039312055,0.000399435008747,0.000385066055589,-0.000751373590007,0.000670349042515,-0.000422575831895,0.000599855677003,-0.000565480637611,0.000563247346111,0.000475465987301,0.000337983899429,0.000224689686896,0.000371138029292,0.000464474692885,0.000475051837383,0.000615409585807,-0.000408243265412,0.000173009738423,-0.000465195603533,0.000601571736392
-0.000253788643406,0.000747311397523,-7.205136053e-05,-0.000353079123945,-0.000347125751726,0.000287753257975,-0.000451070846557,-0.0011321464518,-0.000334590769815,-0.000569635050276,0.000506341551199,-0.000256612996214,-0.000346944292095,-0.000370389572055,0.000444688590515,-0.000279989815525,-0.000363338488006,0.00032650192459,0.000951994455134,-0.000171976865936,0.000871435701513,1.27567970868e-05,0.000214580859591,-0.000313079698014,0.000333493508532,-0.00057603734864,-0.000268845462014,-0.000487333771628,0.000260887715857,-0.000243531419605,-0.00125121947452,0.000325920152686,0.000356154055551,-0.000431437603645,0.000619998762332,-0.000329078326308,0.000311065893659,-0.000408529360457,0.000405023364413,0.000441831578467,0.000285294714349,0.000654679896861,0.000351534705073,0.000403451286646,0.000332206109794,0.000507956600697,-0.000361633507595,9.22297852714e-05,-0.000472250318513,0.000847939933711
-0.000243952638942,0.000876791032749,-4.38939958919e-05,-0.000362462030011,-0.000343830633268,0.000234633047118,-0.000533393179814,-0.00163388047304,-0.000292161840046,-0.000799256166214,0.000531542375816,-0.000281374547109,-0.000431817469536,-0.000298498854793,0.00048606109712,-0.00039065865717,-0.000446493932619,0.000318828633772,0.000499419005263,-0.000261803339288,0.000824374586884,6.79147832489e-05,0.000188242643761,-0.000287407123678,0.000421478523924,-0.000515740168151,-0.000414339591411,-0.000588007689824,0.000268587017475,-0.000256165396354,-0.00132571155639,0.000348427181019,0.000240494393231,-0.00056353980183,0.000577269758746,-0.000283730085264,0.000607334226382,-0.000595331251403,0.000490117567932,0.000427208354646,0.000273421095313,0.000501040349152,0.000356925376591,0.000581424233661,0.000525158154442,0.000519041788141,-0.000681134008811,0.000129219581364,-0.000406044083845,0.00054786046273
-0.000220823083979,0.00076731001668,-0.000130022167482,-0.00032893970492,-0.000271790607453,0.000236702520215,-0.000560658662944,-0.00107195694125,-0.000366228870436,-0.00062060913553,0.000505327225584,-0.000223414566943,-0.000277083171617,-0.000173063338333,0.000448443599349,-0.000472933860122,-0.000368542079057,0.000334618359208,0.00101858358142,-0.000188855578631,0.000932986301046,0.000223673524284,9.12807712391e-05,-0.000229708529685,0.000402801899517,-0.000494322994997,-0.00040439746059,-0.000523431499091,0.000265246282961,-0.000255287846544,-0.00114466240829,0.000355941931377,0.000336525709381,-0.000617759909279,0.000656937414454,-0.000251282523507,0.000395501183597,-0.000509801988802,0.000333597102667,0.000444146242935,0.000229956254029,0.000558021139669,0.000226602897885,0.000357849957936,0.000399799585946,0.000507789866344,-0.000259632289979,0.000148143056226,-0.000470028941379,0.000527533883774
-0.000189586438606,0.00101211852774,-3.01350222335e-05,-0.000341596515421,-0.000493206848321,0.000203102851667,-0.000529067480143,-0.00179391462795,-0.000250805756965,-0.000760998184533,0.000572807491196,-0.000306022089284,-0.000326976984005,-0.0003412480499,0.000373460333557,-0.000395983191906,-0.000387202571591,0.000315594465541,0.000994865092539,-0.000229342728754,0.00104073446944,0.000154552864001,0.00016480314025,-0.000334344819538,0.000389198890761,-0.000621435569369,-0.000384805203525,-0.000643989523061,0.000277154626337,-0.000251834357122,-0.000748771669857,0.000439331648612,0.000309840024922,-0.000642189725021,0.00069971943177,-0.000273407135649,0.000570276192916,-0.000585473766626,0.000534235607738,0.000467071933986,0.000252255289438,0.000414911843107,0.000360561650071,0.000561591584098,0.000404956363269,0.00049777091783,-0.000505824163024,0.000112842077812,-0.000455251648725,0.000634916743554
-0.000245408375239,0.000691816471576,-0.000160932630954,-0.000387741359045,-0.000504167575855,0.000358245690719,-0.000456128840893,-0.000277032361301,-0.000122352698497,-0.000380421245047,0.000630484154155,-0.000228310481574,-0.000413719569306,-0.000212343413663,0.000297642831805,-0.000187542639659,-0.000391169556614,0.000340777487016,0.000512194947038,-0.000251954615959,0.000820342494216,0.000235142344463,0.000335201465421,-0.000322356294949,0.000476056926996,-0.000352158383997,-0.000382281730086,-0.000349256067712,0.000272539509836,-0.000292406051513,-0.0012518947508,0.000312349505523,0.000362687601731,-0.000771304357327,0.00073267845323,-0.000315248781456,0.000521736575859,-0.000555341849882,0.000381517724926,0.000401588180349,0.000297143556833,0.000722715223994,0.000349749771918,0.000503471525947,0.000292469839186,0.000504194718664,-0.000616599139832,0.000203162019713,-0.000409676121866,0.000696606471913
-0.000324198962663,0.00079365550505,-0.000109082564134,-0.000368347149877,-0.000367500022083,0.000293205004109,-0.000304075884702,-0.0012925244734,-0.000274772691659,-0.000861732923397,0.000381132247679,-0.000219187676421,-0.000465759148891,-1.61201736802e-05,0.000346624662163,-0.000284885038248,-0.000575933720671,0.000284518232375,0.000403776834134,-0.000328308215628,0.000679854317858,7.94169182254e-06,0.000255414737234,-0.000369772092402,0.000501033605147,-0.000398930560801,-0.000353730052758,-0.000706883166965,0.0002610613251,-0.000286349420978,-0.00124120368071,0.000323568137912,0.000168397170802,-0.000579798356016,0.000439056496321,-0.000378492491253,-0.000201323471625,-0.00060655931935,0.000442810443596,0.000712805933302,0.000254431325625,0.000297926330637,0.000189831528446,0.000136875911285,0.000546138813359,0.000350761564754,-0.00047615280791,0.000177245644927,-0.000459194346808,0.000675516237362
-0.000249182734516,0.000972486666413,-7.09694783094e-05,-0.000340240465809,-0.000435013488749,0.000265658146894,-0.000539670493745,-0.00169537433135,-0.000371728405574,-0.000757828753006,0.00057532218629,-0.000313640844632,-0.000387119234924,-0.000317073634548,0.000527232186452,-0.000474180840472,-0.000437629076511,0.000363694875873,0.000503847956122,-0.000325322025282,0.000812891934573,1.90474623671e-05,0.000330825681367,-0.00028628630791,0.00047224172821,-0.000627617413811,-0.000329780545768,-0.000616202621769,0.000268504101298,-0.000319527952664,-0.00146819488597,0.000290556712175,0.00032311448727,-0.000600315836831,0.000588823591507,-0.000344487983465,0.000387483372734,-0.000533529493684,0.000402261552634,0.000486782326422,0.000240517474386,0.000478174268411,0.000317779302459,0.00035854364153,0.000355364979965,0.000513544434687,-0.00047987347344,0.000125065433459,-0.000451019233772,0.000640874611058
-0.000258148988941,0.00093932171376,-0.000232917108849,-0.000326273911584,-0.000396042085426,0.000344440770635,-0.000649905194908,-0.00137773347205,-0.000270358920796,-0.000639165736003,0.000407182723769,-0.000250334771128,-0.000322879168318,-0.000350818335846,0.00051198899105,-0.000424371427396,-0.000458981646321,0.000303909220512,0.000784220719055,-0.000157868464723,0.000939544410228,-9.57516808797e-05,0.000157518576845,-0.000304423471825,0.000378892405824,-0.000632629429547,-0.000280106627139,-0.000659994447652,0.000263316950337,-0.000276821973607,-0.000995329327718,0.000369976195026,0.00029886254431,-0.000778622463932,0.000649964478569,-0.000326840573111,0.000449348926795,-0.000455922939854,0.000298990527959,0.000502097197961,0.000298090352913,0.000471440626135,0.00035227552575,0.000431150163037,0.000346289669977,0.000410233710671,-0.000475880501265,0.000143645341124,-0.000434180074987,0.000714533473024
-0.000211541514634,0.000850232032301,-0.000152487108091,-0.000294750231323,-0.000461580152945,0.000309049769375,-0.000350736775954,-0.00140258587471,-0.000368068260006,-0.000652882047799,0.000430753138595,-0.000238787395918,-0.000319662483213,-0.000373090761702,0.000463202506906,-0.000363627379674,-0.000489796568208,0.000309729583811,0.000999387293365,-0.000297232783482,0.000768944258585,2.25346643707e-05,0.000240891883602,-0.000309878626416,0.000498544166176,-0.000517455060498,-0.000393410006326,-0.000598590176514,0.000260333992935,-0.000243244901648,-0.00121723054337,0.00025634562064,0.000301144039392,-0.000705033371369,0.00059418692763,-0.00030260365015,0.000493133105878,-0.000469012697885,0.000434882596929,0.000529293530598,0.000252487915164,0.00043293014546,0.000408513161168,0.000335777246187,0.000339458100279,0.000468577036954,-0.0002974088798,0.000143860298309,-0.000406299399516,0.000495010051212
-0.00026106486665,0.000819637967301,-8.10042779618e-05,-0.000313397148219,-0.000219476901358,0.000310712843621,-0.000542121297117,-0.00171849207746,-0.000371584387022,-0.000765517142686,0.000572856292792,-0.000287020915171,-0.000441349638132,-0.000315494389048,0.000330308784513,-0.000486282771703,-0.000349793730067,0.000287678852822,-0.000298137788361,-0.000306932948605,0.000663895281572,0.000386429888582,0.00021632730035,-0.000265594722338,0.000434294406286,-0.000463833283006,-0.000510327533966,-0.000626397075022,0.000251811156079,-0.000269848949717,-0.00153134133555,0.000539820066059,0.000309639232069,-0.000723874492394,0.000483434875389,-0.000347624135414,0.000555031935539,-0.000481373351413,0.000518140913094,0.000313347887293,0.000284076626772,0.000502338104701,0.00036207673068,0.000618467321213,0.000545039335927,0.000433095871324,-0.00051373014637,0.00016506393236,-0.000405283685442,0.000588963097386
-0.000243260109128,0.000910938264918,-0.000172838299581,-0.000323036339201,-0.00043868902475,0.000361448064435,-0.000473536409709,-0.00167066751121,-0.000425814947176,-0.000551987025234,0.000406449332947,-0.000224559623843,-0.000393464376641,-0.000310687062909,0.000432341752848,-0.000322667206339,-0.000450689552971,0.000351573343259,0.000350899693475,-0.000222344820251,0.000812268048105,0.000139984274353,0.000231833550445,-0.000263862602502,0.000375449921156,-0.000458621502784,-0.000320807203046,-0.000612073891171,0.000260812483233,-0.000300374033289,-0.00133998968418,-0.000203794449835,0.000297397280063,-0.000742518588102,0.000480571617799,-0.000225493718547,0.000327443399185,-0.000590845277157,0.000384195599779,0.000514356774258,0.000257374404881,0.000504485044682,0.000372194947991,0.00040968093692,0.000313844142382,0.000545124870941,-0.0004782140629,9.44115307149e-05,-0.000481022913972,0.000613986203432
-0.000221259750069,0.00101947111236,-9.95691240937e-05,-0.000379170416849,-0.000243625839154,0.000341190062149,-0.00060031301826,-0.00165733376309,-0.000330568662284,-0.000779856050283,0.00048737207817,-0.00029193047044,-0.00043887056651,-0.000265347372292,0.000355027088778,-0.000435433315798,-0.00037103893527,0.000316845717113,0.000207918706956,-0.000250360907977,0.000862659550645,0.000114085965783,0.000149340022069,-0.000365231970931,0.000505684774707,-0.000479080731164,-0.000396234559016,-0.000701301465021,0.000269706458037,-0.000253858825138,-0.00125654478687,0.000356249090497,0.000308003601194,-0.000556315270594,0.000520807736805,-0.000243850412772,0.000545316590304,-0.00043418384413,0.000501995575023,0.000407373333293,0.000254391510269,0.00044774670149,0.000340040571176,0.000532920855663,0.000409669818688,0.000603741740122,-0.000611630762594,0.000149491636038,-0.000453192125526,0.000552308578766
0.000921971567018,-0.00711580394814,0.00108765131801,0.00107814030668,0.00113819019898,-0.0011357454994,0.00162083163726,0.00538843002333,-0.00161506962186,-0.000481237041934,0.00219265758325,-0.00126285424503,-0.00221262231614,0.000543639200621,0.000159926231451,-0.00149218408724,0.00181704535864,-0.00135437170761,0.000669954333981,-0.00158982609452,-0.00387849864953,0.00266054973996,0.000973395922842,0.00224577357876,2.14823531114e-05,0.00301690978739,-0.00209899221185,0.00329276658334,0.000266549814476,0.000294938256238,0.0017831305354,0.000100569467112,0.000992227671104,0.00124529377899,-0.000164673209103,-0.000926188976491,0.000417717654299,0.00203912963616,-4.24358465245e-05,-0.00303659649583,0.00119540358048,0.000500229064955,0.00116657188391,-0.000472228613915,0.000269786491087,-0.00133199211387,-0.000491526378377,-0.0223112928324,0.00842535440306,-0.00567546833254
-0.00134950797829,-0.00639957328729,0.00241838942974,-0.00059629667319,0.00473642331742,0.000185597474436,0.00409857182048,0.0136030743121,0.00151088387843,0.00450941263351,0.000885954994206,-0.000421471965038,-0.000997206501388,0.00104174036326,-0.00125244431398,0.00365732374219,-0.000524662225398,-0.00305298892242,0.0010574574841,0.000348508852618,-0.0061887093991,0.00104845482834,0.00055857723242,-0.0004377170095,0.00109052292108,0.00492461223994,-0.000246513609434,0.0016256573863,0.000133855439895,-0.000573716136549,-0.00190245537121,0.00142404665496,0.000416605615059,0.00273096679363,-0.00197810636909,-0.00086623648209,-0.00274505059003,-0.00135000676034,0.000345990504937,-0.00181629891497,6.28078037134e-05,-0.000225325031914,0.000934618211957,-0.00397184878283,0.00122250863603,-0.001333441129,0.00244322481471,0.000960359444814,0.0010084799465,-0.00265220396378
-0.00016684192794,0.00124505228044,-9.97278599853e-05,-0.000353605605225,-0.00050205162327,0.000429611053013,-0.000656819791971,-0.00175527777896,-0.000218924718408,-0.0008201028011,0.000509035736495,-0.000273322596639,-0.000345331935859,-0.000383655646047,0.000578349772862,-0.000402922874242,-0.000544150202974,0.000346232134335,0.000922444888685,-0.000254167369622,0.00111807452942,-0.000439522364263,0.000248492365548,-0.00030142102688,0.000254756857685,-0.00076446979038,-0.000428746606113,-0.000755232964965,0.000274758947444,-0.000278411403576,-0.000130628879969,0.000359805716536,0.000330972829677,-0.00104061840555,0.000720835502173,-0.000283096569601,0.000415592726042,-0.000553054380943,0.000475016044632,0.000683366488266,0.000277509135346,0.000685107911075,0.000324393030553,0.000327048455535,0.000327867875881,0.00067627863637,-0.000654629851681,0.000236539236581,-0.00039105653529,0.000796587964977
-0.000181192711256,0.000895091347236,5.73129355305e-05,-0.000359105342783,-0.000132152713182,0.000387474485499,-0.000701545764635,-0.00186911513709,-0.000259945923727,-0.00106911873526,0.000732767216491,-0.000265708410975,-0.000514833801865,-0.000325263706581,0.000407803793642,-0.000610619813419,-0.000371924755979,0.000348192220971,-0.000424999292702,-0.00030822489517,0.000955713324179,0.000281337041495,0.000215981047863,-0.00031023747293,0.000398375729008,-0.00057598823681,-0.000462600494166,-0.000592882555425,0.000267088336947,-0.000267915661248,-0.00113889683418,0.000520869216565,0.000208805621247,-0.000722965388987,0.000470902547139,-0.000373310903961,0.000718830796194,-0.000469795948436,0.000517217571965,0.000332972462805,0.000192249199423,0.000479366420132,0.000396214741354,0.000790314976586,0.000552175152507,0.000558869427957,-0.000775602137506,0.000116953255814,-0.000454788867653,0.00051595285666
-0.000245463474943,0.000999157766852,-3.94001226613e-05,-0.000426806998063,-0.000607505259069,0.000312391271858,-0.000600824020864,-0.00187557895566,-0.000322746424096,-0.000618774700472,0.000654368666094,-0.00030807813994,-0.000383745516574,-0.000288876739513,0.000414410605505,-0.000282950582399,-0.000500727345342,0.000340282389162,0.00106079087625,-0.000287760466212,0.0010054954262,8.32536052085e-06,0.000142409495814,-0.000440882445634,0.000484235502863,-0.000517777448331,-0.000192306517714,-0.000503110148247,0.000278576328213,-0.000233038635612,-0.000645483740824,0.000330537178356,0.000303780932705,-0.000825160623376,0.000386179794612,-0.000231246706837,0.000603603601762,-0.000463507599544,0.00059766205284,0.000500149853271,0.000450220240954,0.00044093332053,0.00028256597446,0.000507592586209,0.000218633609476,0.000715213614898,-0.000602924977281,0.000196223122143,-0.000427993092638,0.000589331188017
-0.000258789365521,0.00109156745895,-4.47305472629e-05,-0.000342345615949,-0.00042780280141,0.000315250937954,-0.000686885809979,-0.00229929700421,-0.000457115480002,-0.000987700459102,0.00065690718767,-0.000310314985476,-0.000536458008664,-0.000409458862563,0.000551397945449,-0.000338996982214,-0.000461024907511,0.000356041595247,0.000950267940374,-0.000404754520339,0.000961831328055,6.56424420595e-06,0.000346681855701,-0.00034723164168,0.000766444682028,-0.000546912188473,-0.000358802936147,-0.000740785821233,0.000271638853545,-0.000492397712085,-0.00207079323099,0.00043840621193,0.000299686209027,-0.000799587568248,0.000607871930468,-0.000395370491921,0.000555563679062,-0.000619906194092,0.000518302412009,0.000533481642205,0.00038464324366,0.00048234303537,0.000410877440782,0.000578079662812,0.000539134357908,0.000543896928751,-0.000530759773915,0.000159689670974,-0.000453211707343,0.000751066906175
-0.000234480812948,0.000914762323955,-5.67925983169e-05,-0.000277800122843,-0.000422002810872,0.000244386713242,-0.000624433025934,-0.00163318529128,-0.000368912609792,-0.000733015417629,0.000569585312811,-0.000278974866634,-0.000395974452017,-0.000332077712014,0.000394835496272,-0.000432982221118,-0.000447663367352,0.000272609164592,0.000215638631227,-0.000297617803357,0.000853955221624,2.98640596614e-05,0.00024989902907,-0.000262601783467,0.000382173588307,-0.000578564804267,-0.000324098324725,-0.000559095290797,0.000263906128432,-0.000280817848887,-0.00138263412062,0.000401663070548,0.000282134677644,-0.000661091493608,0.00066360127203,-0.000204294508813,0.000439368161047,-0.000523529541932,0.000449822756965,0.000464468088238,0.000254233263009,0.000573592977886,0.000313652919148,0.000419387350659,0.000367827244822,0.000538948233197,-0.000420589489745,0.000179252379626,-0.000364451232498,0.000627088031582
0.000144949446781,0.000851420910124,0.000109346694088,0.000145596162475,-0.000664248283724,-0.00150796829263,-0.00342144865436,-0.00229769594793,-0.000537261744719,-0.00373893688977,0.000384933060053,-0.00121326761569,-0.000883588847624,-0.000789542010338,-0.00107521747093,-0.00441416726617,0.000584163498587,-0.000347266594251,-0.00617223723193,-0.000115361575485,-0.00136511148212,0.00197221166878,-0.00151271253048,0.001864405888,0.00118424214411,-0.000634821423378,-0.00118461764206,0.00192393507903,0.000309002645887,0.000209130004111,0.00167270807578,-0.000938669708035,0.000533051850782,0.00384518551225,-0.0020274598466,-0.000854023440972,-0.00123247461834,0.00042567364882,-0.000254616283854,-0.000980715934451,0.00105601569625,-0.00530760500308,-0.00169893006958,0.000691730108618,0.000184664894676,-0.00247220075272,-0.00140440355551,-0.000153319415874,-0.000807422853658,-0.00318958000842
-0.000258367363549,0.00127751382475,-8.09632396577e-05,-0.000319379512793,-0.000479724283071,0.000110360411769,-0.000947572076515,-0.00180448496731,-0.000329003633264,-0.000929734137734,0.000574839639382,-0.000333437226828,-0.000394308763292,-0.000431637939324,0.00041483565747,-0.000887743855847,-0.000391197695418,0.000298048105508,-7.70766786053e-05,-0.00028099945997,0.000865051264529,2.7922875507e-05,0.00021152692934,-0.000222336715174,0.000470871843115,-0.000658131845246,-0.000265093513734,-0.000553111676563,0.000257284056417,-0.000331211823719,-0.000851112714608,0.000328729436931,0.000413863972979,-0.0006291717876,0.000625337694194,-0.000326805843854,0.000459150212258,-0.000460194139383,0.000472208507676,0.000481602024648,0.000393787944916,0.000175260646569,0.000249300052699,0.000568684107157,0.000413814746316,0.000330657783611,-0.00050848896046,0.000163799006104,-0.000367463254588,0.000493400161788
-0.000227682633751,0.0012089049661,-8.95614818852e-05,-0.00034695273837,-0.000442708119073,0.000343948637506,-0.000633160805335,-0.00180995106181,-0.000220567496484,-0.000675633470805,0.000618700470094,-0.000221043335765,-0.000364613272907,-0.000356735280713,0.000438067646184,-0.000562003960473,-0.00050861298558,0.000361820319523,0.000735439904238,-0.000240014305508,0.00107495826522,-9.88834015984e-05,0.000249447608807,-0.000371357508631,0.000323194716881,-0.000803068563214,-0.000286780212905,-0.000809891447796,0.000253621337897,-0.000345384242172,-0.00064404405271,0.00041737533241,0.000338985686657,-0.000943865592635,0.000630803669546,-0.000332560945135,0.00060439451978,-0.000529147858518,0.000473301077726,0.000579661234653,0.000350888602241,0.00069782970688,0.000345936775041,0.000493425283352,0.000440467544249,0.000496009094288,-0.000548581435366,0.000152189947544,-0.000358886973852,0.000830706551997
-0.000258789365521,0.00109156745895,-4.47305472629e-05,-0.000342345615949,-0.00042780280141,0.000315250937954,-0.000686885809979,-0.00229929700421,-0.000457115480002,-0.000987700459102,0.00065690718767,-0.000310314985476,-0.000536458008664,-0.000409458862563,0.000551397945449,-0.000338996982214,-0.000461024907511,0.000356041595247,0.000950267940374,-0.000404754520339,0.000961831328055,6.56424420595e-06,0.000346681855701,-0.00034723164168,0.000766444682028,-0.000546912188473,-0.000358802936147,-0.000740785821233,0.000271638853545,-0.000492397712085,-0.00207079323099,0.00043840621193,0.000299686209027,-0.000799587568248,0.000607871930468,-0.000395370491921,0.000555563679062,-0.000619906194092,0.000518302412009,0.000533481642205,0.00038464324366,0.00048234303537,0.000410877440782,0.000578079662812,0.000539134357908,0.000543896928751,-0.000530759773915,0.000159689670974,-0.000453211707343,0.000751066906175
-0.00111933738056,-0.00124785573881,-0.000374973124805,-0.000343875641568,-0.00150740354315,0.000811571552098,-0.000200456257325,0.01818888396,0.00295754347681,0.00419101730676,0.000814537189378,-0.000120516349651,0.000745486748093,0.00147933956088,-0.000618116461856,0.000781299394964,-0.00115259122157,0.000436685466306,0.000728760144978,0.000110636877124,0.00170294150272,0.00110629765573,0.000906954109836,8.69710042828e-05,0.000311131504106,0.00159983685823,-0.000457964839874,0.00118376902479,0.000425569716654,-0.000702215556442,0.000835165060989,9.74953451134e-05,0.000958450211426,-0.000470546501228,0.00237531129117,0.000106274530241,0.000229225915486,-0.00126985538674,-0.000127368032625,0.000551207197422,0.000377507467394,0.00360010520274,0.00118654685485,-0.000575516444049,-3.03999755534e-06,0.000335228307533,0.000700329752947,3.13546612902e-05,-0.00131178672521,0.000549717887687
-0.000270080998641,0.000913959429703,-5.71287499656e-05,-0.000288101557634,-0.000502297281532,0.000284869936612,-0.000561984549607,-0.00166045518397,-0.00032879294112,-0.000654035756276,0.000571982520531,-0.000241371256325,-0.000372954795815,-0.000402143488168,0.000425428920028,-0.000429063777374,-0.000349578963399,0.000327359425064,0.000569738961624,-0.000281079111505,0.000839488460978,6.58549595527e-05,0.000252330650302,-0.000330651712636,0.000495425998134,-0.000484736770376,-0.000315693973605,-0.000583488094946,0.000270583763971,-0.000275555317563,-0.00130805008235,0.000240261748303,0.000284258012248,-0.000782773437155,0.000460373042772,-0.000312166703303,0.000452570048709,-0.00049381815869,0.000337883952635,0.000572843182112,0.000382885285513,0.000427024011766,0.000304530599043,0.000386298224019,0.000410724166376,0.000414976843995,-0.000426644800904,0.000114705855214,-0.000438040162084,0.000587134668411
-0.000245158044179,0.00103810146691,-0.00010866551443,-0.000266287724462,-0.000425527153834,0.000261144080095,-0.000574687165212,-0.00186157717448,-0.000495299463238,-0.000795333763167,0.000603162245102,-0.000299831249196,-0.000455198101483,-0.000385446402555,0.000552972340931,-0.000421274707266,-0.000336692914957,0.0003385957653,0.000376848868386,-0.000331459841636,0.000876972412238,9.54369922684e-05,0.000268913699132,-0.000332421328097,0.000631453617742,-0.000443456248871,-0.000437518638656,-0.000634850480366,0.000264279891496,-0.000439543451674,-0.0021485663282,0.000439691302895,0.000334324614753,-0.000706707148322,0.000548503965605,-0.000320585985093,0.000368858409841,-0.000599082118217,0.000423256246508,0.000461652007377,0.000372385755363,0.000547357716435,0.000382582601156,0.000492784473483,0.000351614541161,0.000506111808547,-0.00042073972052,0.000135161171974,-0.000416582970396,0.000674630249053
-0.000507543342946,-0.00209121163694,0.000315900430274,-0.000205437469062,-0.000510015297141,-0.000396465864689,0.00176456572112,0.00425069294816,0.000463952788095,0.00011083515419,0.000504074965788,0.000284419507587,-0.000238619000708,-0.000277041599315,9.30683638031e-05,0.000697136745401,0.000369878570809,2.02545206389e-05,0.00153256811532,-0.000272606718265,-0.000830628759337,0.00220757206628,0.000144810890633,-0.00043258568078,0.00036155007046,0.00304721174172,-8.33763803071e-05,0.000210898742209,0.000125329744435,-0.000439426197596,0.000927973627331,-0.000322122987181,0.000233497347038,0.000900305366915,0.000604893770947,-0.000229428958895,9.56749171805e-05,-0.000129642659257,-0.00101258288382,-0.0008952972325,0.000199093191512,0.000127287347191,0.000252003309563,-0.000397505426767,0.000696785280175,0.000143023981619,0.000414360310634,0.000414592765357,-0.000316810916012,-0.000597437717359
-0.000374385983604,0.00091938144526,0.000327133286773,-0.000308837579279,-0.000622006385033,0.000466784122635,-5.78038036332e-05,-0.00171053188455,-0.000322839598728,-0.000683620367584,0.000239079581446,-0.000267207404339,-0.000181512416563,-0.000385301450619,0.00019379222987,-0.000531124853095,-0.000389535912239,0.000337493985315,-2.09657685494e-05,0.000227152482249,0.000444835420927,0.000203439454618,0.000336316691296,-0.000408939759068,0.000218162001718,0.00120753937414,-0.000317346272605,-0.000800569771071,0.000275774260535,-0.000297507537629,-0.001418531994,0.00038727192949,0.000438326458113,-0.000625491745311,0.000818421448967,-0.000225789539053,0.000549859359598,-0.000103406272507,0.000386397037482,0.000246483662561,0.000279543861059,0.000310663704283,0.000369894155267,0.000484857483386,0.000337035009942,0.000370629401371,-0.000408910449659,2.32012192944e-05,-0.000526364220143,0.000857434804937
-0.000258789365521,0.00109156745895,-4.47305472629e-05,-0.000342345615949,-0.00042780280141,0.000315250937954,-0.000686885809979,-0.00229929700421,-0.000457115480002,-0.000987700459102,0.00065690718767,-0.000310314985476,-0.000536458008664,-0.000409458862563,0.000551397945449,-0.000338996982214,-0.000461024907511,0.000356041595247,0.000950267940374,-0.000404754520339,0.000961831328055,6.56424420595e-06,0.000346681855701,-0.00034723164168,0.000766444682028,-0.000546912188473,-0.000358802936147,-0.000740785821233,0.000271638853545,-0.000492397712085,-0.00207079323099,0.00043840621193,0.000299686209027,-0.000799587568248,0.000607871930468,-0.000395370491921,0.000555563679062,-0.000619906194092,0.000518302412009,0.000533481642205,0.00038464324366,0.00048234303537,0.000410877440782,0.000578079662812,0.000539134357908,0.000543896928751,-0.000530759773915,0.000159689670974,-0.000453211707343,0.000751066906175
-0.000221758313561,0.000872650283093,-0.000111973712312,-0.000376555127819,-0.000458981316863,0.000177209718197,-0.000494071069226,-0.00164660231641,-0.000247126681151,-0.000667681181655,0.000440693728238,-0.000289747145311,-0.000366453553595,-0.000273694956329,0.000499330763887,-0.000439276807219,-0.000499211930448,0.000344715480529,0.000883076687143,-0.000259773239372,0.000934928480918,4.10116339315e-05,0.00022117807416,-0.000259951754452,0.000413821453377,-0.000679603174615,-0.000337570433191,-0.000635165902159,0.000273498081966,-0.000266011904622,-0.000729973003415,0.000350486927363,0.000270835179308,-0.00082428471677,0.000684836506172,-0.000316085942109,0.000546955780506,-0.000585638851683,0.000505077894601,0.0006106872945,0.000307504827964,0.000439849913171,0.000388575881764,0.000494269545651,0.00028254736128,0.000509565462119,-0.000600414793942,0.000110268141393,-0.000413159667132,0.000791021918572
-0.000244093786093,0.00082373959554,-4.54347937045e-05,-0.00032263037971,-0.000376970500743,0.000174117993817,-0.000387466330784,-0.00150237875154,-0.000347922662997,-0.000667576102188,0.000482600407728,-0.000256122277378,-0.000407589476823,-0.000301454021184,0.000413663982586,-0.000457108128128,-0.000481126282026,0.000292640580106,0.000808143245459,-0.000346196600993,0.00090096401785,0.000172842465991,0.000238677239004,-0.000338597970458,0.000380678767966,-0.000518979208822,-0.00035608470993,-0.000577373334812,0.000260731289512,-0.00026898586074,-0.00130150095372,0.000349210729209,0.000347989364308,-0.000528344893678,0.000601158898296,-0.000263224211294,0.000530679443305,-0.00045525333394,0.000521205265592,0.000393199562048,0.000242417015922,0.000624102774851,0.000345767124763,0.000491422281797,0.000413939252033,0.000672159486346,-0.000371717876429,0.00012114536066,-0.000342995923098,0.000474571565241
-0.000229765820259,0.00105916562067,-0.00013522250372,-0.000350021795766,-0.000539408943647,0.000415629140206,-0.000682037635346,-0.00177086130856,-0.000315528706666,-0.000719766192208,0.000457606321158,-0.000307909223426,-0.000312025888016,-0.000358771958027,0.000488181195967,-0.000518141072842,-0.000526560299194,0.000330473430671,0.000978252028683,-0.000240385422753,0.000936172087921,-6.83523191286e-05,0.000231658125532,-0.000275129694249,0.000344885608389,-0.000636905453871,-0.000287338842761,-0.000567232264041,0.000279462107819,-0.000286431778267,-0.000339707553063,0.000350851294537,0.000343809047485,-0.00084439981801,0.000595807116753,-0.000275746592173,0.000562154522904,-0.000574428422419,0.000458415939043,0.000666810340537,0.000305247893586,0.000648335636377,0.000335300046518,0.000439438696081,0.000376100863975,0.000559515004572,-0.000428756282508,0.000151021658696,-0.000380893576105,0.000734664759981
-0.000242649532034,0.0010229464273,-9.30263864298e-05,-0.000332926883921,-0.000434342197551,0.000349308844629,-0.000642084987458,-0.00157905082958,-0.000189556537546,-0.000639632305311,0.000540414498692,-0.000222387637548,-0.000402914422928,-0.000337290916437,0.000429966979624,-0.000522747297916,-0.000433210276346,0.000357812338261,0.000503468868398,-0.000303863578213,0.000928403520361,3.3286948502e-06,0.000230901701377,-0.000324965369762,0.000449889089874,-0.000563849249096,-0.000296883500094,-0.000631999730733,0.000273979452771,-0.000310098133096,-0.00109138554558,0.00044198438182,0.000255198049035,-0.000724036368909,0.000641588992341,-0.000308952869552,0.000662230209319,-0.000580664715017,0.000520091064045,0.000624342104943,0.000252678968579,0.000376168779034,0.000365012108343,0.000680598630203,0.000453332368394,0.000520635529165,-0.000647595947545,0.000180238640093,-0.000394078886934,0.000737219226713
-0.000115378930736,-0.000152102240291,0.00214652138146,0.000167176573301,-0.000992316115609,-0.000113405759912,-0.00131547774354,0.014677413715,0.0023489618203,0.00814955026515,-6.18757263795e-05,-0.00123381488889,-2.98638698455e-05,0.000229929550352,0.000258564069864,-0.00383964114595,-0.000215085131036,-0.00357107175003,-0.00184564219084,-0.00112355772792,0.00101427314347,0.00220560214635,-0.000931666932977,2.60805998602e-05,-0.000621461224695,0.00103386084729,0.00105893368937,-0.00097183888153,0.000546930010147,-0.000599369046585,0.000450377572425,0.001376864735,0.00175914405143,0.000382969794233,0.00113699023609,0.000420435087164,-0.0131219801298,0.00239468530017,0.00112531484011,-0.0019813399257,0.00105375268408,0.000517474970038,0.000718764054275,-0.00519965791769,-0.000211356639847,-0.000852559156406,-0.000551018818019,-0.00172764006902,0.000153839911612,0.00028481423947
-0.00023536110564,0.000755198669238,-9.69567546939e-05,-0.000314811412513,-0.00036819654008,0.000355409461335,-0.000644416307357,-0.00169232130666,-0.000382129115898,-0.000550763001368,0.000559843135662,-0.000339137052899,-0.000406538512435,-0.000385062335705,0.000354616100108,-0.000435292975795,-0.000324082462998,0.000286455563007,-0.000253492626534,-0.000301526316423,0.000904585116759,0.000255006309474,0.000150002831146,-0.000254991699601,0.000427433091309,-0.000578676073461,-0.000495451218759,-0.000396872899085,0.000266944752409,-0.000300980059877,-0.00139376705646,0.000253972070363,0.000248935884118,-0.000775445063515,0.00042654514183,-0.000238479553252,0.000480325773939,-0.000630935211935,0.000493681589216,0.000422528838804,0.000306656424261,0.0005593878848,0.000362301783962,0.000504385066717,0.000391493843196,0.000444954453878,-0.000520887419701,0.000108346930521,-0.000439638448821,0.000667791583313
-0.000242271993899,0.00121817954651,-7.80190923913e-05,-0.000302410388709,-0.000555547652192,0.000291330502139,-0.000503676127266,-0.00175806028079,-0.000398384231334,-0.000632702963615,0.000628341948868,-0.000279945848992,-0.000343273474945,-0.00018327135128,0.000255647059452,-0.00018278046665,-0.000477715577071,0.000335376901186,-0.00212380427718,-0.000311557591776,0.00105348475109,0.000183127081178,0.000150637108532,-0.000355658140233,0.000419090843193,-0.000630605245926,-0.000380721154503,-0.000733280505905,0.000262609448739,-0.000299022080816,-0.00132067388103,0.000268012319741,0.000372711804588,-0.000676178315362,0.000868818890536,-0.00032567176229,0.000103538957297,-0.000583656077247,0.000537221249286,0.00050830431569,0.000298690446138,0.000471791882814,0.000359432659749,0.000571281793337,0.000415054460899,0.0005504867636,-0.000517927832562,0.000183335644504,-0.000620315233026,0.000694708556043
-0.000263503331837,0.00124669764124,-8.02288302294e-06,-0.000322684309889,-0.000502518765575,0.000369832954311,-0.000672408617047,-0.00163207152361,-0.000309169894014,-0.00069366490278,0.000635720809525,-0.000239016351247,-0.000304251140526,-0.000341774330007,0.000248259528515,-0.000269251702381,-0.000517942030484,0.000360585991059,-0.00233227684407,-0.000288050766063,0.00118993482665,0.000205567359778,0.000203635172586,-0.000367035412046,0.000438216667937,-0.000567283723093,-0.000425361499801,-0.000791106637447,0.000264932222685,-0.000310257036497,-0.0013384819025,0.000289207924689,0.000387511289912,-0.000657663936629,0.000963973827908,-0.000338877622928,0.000586700388215,-0.000505191622296,0.000513764417859,0.000524147023465,0.000331051943683,0.000530273841058,0.000377485186967,0.000617750303251,0.000353122930335,0.000646872033701,-0.000578952195474,0.000234087458147,-0.000474084169783,0.000707892458158
-0.000218480797131,0.00100669259311,-0.000114185456521,-0.000358902606962,-0.000528615792411,0.000461860655384,-0.00070224042705,-0.00189115034208,-0.000366378390356,-0.000636741488071,0.000602815157563,-0.000221427362106,-0.000355134935903,-0.000327736833778,0.000412578507709,-0.000457879499197,-0.000471372828174,0.00027121164951,0.000339287590825,-0.000309492612668,0.00094868394099,-0.000109515805651,0.00018261680805,-0.000347221298998,0.000445625988554,-0.000583166325558,-0.00035372457897,-0.000674869319402,0.00027474779962,-0.000292118985378,-0.000741812892787,0.000399119845999,0.000334604339496,-0.000844493241229,0.000583661817177,-0.00036944669003,0.000482313384345,-0.000601982076607,0.000503607283158,0.000608214631827,0.000280711864652,0.000584112524794,0.000316052115974,0.00045549619244,0.000403211568841,0.000755311488977,-0.00050794874911,0.000176453862453,-0.000468772193841,0.000718146319281
-0.000267595711827,0.000785545694104,-0.00016742070112,-0.000375156907938,-0.000419682611158,0.000413721725507,-0.000637465638779,-0.00162799304659,-0.00029788005569,-0.000833175414985,0.00045126021412,-0.000267815846775,-0.000423468714995,-0.000318206139797,0.000394291189813,-0.000381473142747,-0.000467989303979,0.000332019360716,0.000461729234471,-0.000346057160002,0.000773533592184,0.000259632871294,0.000334577683573,-0.000304089140184,0.000607904209504,-0.000555869560767,-0.000534575743497,-0.000584570537424,0.000263615628587,-0.000241360171773,-0.00143593559025,0.00034064628477,0.000364558470141,-0.000481359396451,-0.000206983844846,-0.000382064535875,0.000558822564971,-0.000596555130546,0.000492292137306,0.000329990393504,0.000109904963422,0.000468547623652,0.000381510648551,0.000586742759526,0.000520625281656,0.000522295242464,-0.000707826355997,2.56662494885e-05,-0.000430163278497,0.000511004328483
-0.000244273912226,0.000786479862962,-1.26003498934e-05,-0.000316730746633,-0.000534052875297,0.000283491725281,-0.000576650477963,-0.0014992253946,-0.000372461249752,-0.000743572645081,0.000588101015867,-0.000289142610178,-0.000386777836355,-0.000273791204525,0.000428821278207,-0.000309640155206,-0.000340420164487,0.000275177845511,0.000392451585452,-0.000296378866613,0.000920895874708,5.00239630455e-05,0.000205865116103,-0.000218357069926,0.000461076217151,-0.000431335292977,-0.000386760959874,-0.000567775798326,0.000268982454643,-0.000274822562695,-0.00152630813383,0.000326117012931,0.000307982387955,-0.000432059151965,0.000676520193512,-0.000331248835251,0.000527140264459,-0.000506225946612,0.000469661786515,0.000381931446599,0.000208777510845,0.000413379814451,0.000368789603983,0.000534144109655,0.000370279127636,0.000536703802912,-0.000473338442867,0.000152418675715,-0.000392898077092,0.000568450192655
-0.000276482748554,0.00103723963821,-0.000133740033154,-0.000345227794587,-0.000575832257746,0.000343435468916,-0.000471300700951,-0.00113970250656,-0.000284144375235,-0.000463336326798,0.000519347544696,-0.000285668604354,-0.000321308254252,-0.000334884493947,0.000436581655538,-0.000318373127449,-0.000354133397258,0.000332767853441,0.000990590356594,-0.000304247357043,0.00088643543108,-2.62558589081e-05,0.000304673911992,-0.000282239688745,0.000419518800645,-0.000544095556121,-0.000399866736023,-0.000525042276651,0.000274186035308,-0.000276064099107,-0.000964293915723,0.000251871708851,0.00034936445321,-0.000747825706619,0.000669972403152,-0.000239394674424,0.000544854983843,-0.000517604631268,0.000435560054207,0.000508344920175,0.00030848717343,0.000679957399866,0.000331210776181,0.000425221528345,0.000432098655951,0.000468405564434,-0.000427526480477,0.000162209124248,-0.000357082480297,0.000786737492877
-0.000270594493875,0.000870749702186,-0.000120588160996,-0.000343433244361,-0.000308961330618,0.00026052320433,-0.000709837580477,-0.0018215035105,-0.000254089701582,-0.000735415825787,0.000493323034614,-0.000324460977965,-0.000392100743517,-0.000286119108564,0.000403686983488,-0.000422776190437,-0.000363298409058,0.000286358585093,0.000441175824511,-0.000361473678051,0.000911123156409,1.02556270031e-05,0.000196809203899,-0.00025314595568,0.000433342106125,-0.000544634344307,-0.000364384107652,-0.000601784186548,0.000268439763384,-0.000276110082277,-0.00125530926031,0.000393299821288,0.000182926710013,-0.000739358468438,0.000510541846991,-0.000365715496714,0.000516833220769,-0.000491903373591,0.000473804132441,0.000548699206988,0.000234969987968,0.000396047485512,0.000292922259514,0.00058375682038,0.000407209647457,0.00046855978543,-0.000587070971497,0.000179742530484,-0.000465024637041,0.000726839291275
-0.000221347736374,0.000735405258414,-7.21920351401e-05,-0.000354060674527,-0.000422275441093,0.000293398171124,-0.00069827405923,-0.0015303112372,-0.000308795655463,-0.000639869603988,0.000612500456222,-0.000273916036613,-0.000387654403682,-0.000225528625844,0.0003875253769,-5.67971096749e-05,-0.000404629522293,0.00031762777407,0.000706493440331,-0.000266591924639,0.000762924003575,0.000122710389482,0.000230282176869,-0.000276096882381,0.000614779892446,-0.000447428195922,-0.000308825902463,-0.000605010046222,0.000227774091449,-0.000269036791035,-0.00127006185443,0.00027313332276,0.000268440985113,-0.000615832464842,0.000578153466175,-0.000343291394584,0.000526182105615,-0.00057365366776,0.000551439956206,0.000331159801474,0.000321201108354,0.000295574327343,0.000513557441867,0.000460001694767,0.000587773879278,0.000436833013547,-0.000416049586912,-1.29618807773e-05,-0.000249596571129,0.000580727056659
-0.000210214074791,0.000895744793175,-9.8213259714e-05,-0.000321524885574,-0.000319728259202,0.000262812213797,-0.000594699821746,-0.00155939285587,-0.000345146690419,-0.000759109760356,0.000572620234697,-0.000259898418657,-0.000425634676483,-0.000302811370873,0.000434988575917,-0.000305003003269,-0.000296733655703,0.000325633662901,0.000674255651952,-0.000276268270894,0.000759337830229,6.69113979972e-05,0.000186692253693,-0.000268004072582,0.000554220939235,-0.000615026187024,-0.000268413976178,-0.000585818560324,0.000264739424944,-0.000278402233692,-0.00126529278434,0.000414301196843,0.000268762024047,-0.000675579366384,0.000652297989259,-0.000310790428977,0.000488968565627,-0.000503892426923,0.000505595923958,0.000413929650686,0.000294123064406,0.000549910802397,0.000447251504738,0.000392818293778,0.000479724131675,0.000581372662836,-0.000268720009289,0.000118244094105,-0.000404131687383,0.000642087224232
-0.000253809076096,0.000908601576823,-6.11620064884e-05,-0.000323930929436,-0.00046633814939,0.000282065498318,-0.000576516625611,-0.00156383468224,-0.000376739811569,-0.00068810091462,0.000481136211087,-0.000295254057463,-0.000336953016933,-0.000355267678862,0.000437783448515,-0.000471659163088,-0.000536343250477,0.000287135180412,0.00106474851122,-0.000200913666835,0.000865971247237,-4.72709310632e-05,0.00019930163769,-0.000297390406365,0.00042867680739,-0.000617581509942,-0.000268538788302,-0.000452574495781,0.000273202914324,-0.000256196322023,-0.000980908999984,0.000300575273852,0.000302395202924,-0.000616210773528,0.000673248225896,-0.000271313927049,0.000462220244622,-0.000365439492638,0.000449126712255,0.000528539308172,0.000237942655421,0.000473710755877,0.000353573855462,0.000228036147237,0.000458323621159,0.00046416744948,-0.000517824811075,0.0001393257652,-0.000433567501754,0.0007069771909
-0.000255465142096,0.000919972604163,-2.28670391987e-05,-0.000345101823354,-0.000400009400685,0.000354503841435,-0.000598705934509,-0.00133928207439,-0.000294634230791,-0.000710749488739,0.000579473604399,-0.000246202150276,-0.000394591022939,-0.00040083191353,0.000507572528645,-0.000324253537857,-0.000507105752286,0.000347507061226,0.000899163108953,-0.000262670298256,0.000812782135561,-1.2362610922e-05,0.000298767743946,-0.000323279791753,0.000501775023854,-0.000347650397274,-0.000365999605988,-0.000511842438349,0.000288229254955,-0.000250071552046,-0.000916613404418,0.00043807177706,0.000310359634182,-0.000703643516113,0.000655382244595,-0.000325623269384,0.000673704172193,-0.000554683335694,0.000526116065315,0.00052617530061,0.000315111536404,0.000593470698371,0.000388951203687,0.000377806175305,0.000392244469205,0.000416967090125,-0.000495345208282,0.000203868912761,-0.000481039918086,0.00069687805603
-0.000869362775694,0.00221112457376,-0.00239510685248,-0.00217212082428,-0.00688150455231,0.00519494881527,-0.00215454942248,0.079857858237,0.0140034496326,0.0145793850942,0.00422286922244,-0.00191361436995,0.00539134752429,0.00311416664851,0.000812128658816,-0.00573267377006,-0.00604534295361,0.00282001826127,0.00156273138271,0.0020308999004,0.013788092191,-0.00376630013033,0.00357063661208,0.000660131169393,-0.00384526463231,0.00855754774267,-0.0069729915876,0.00234349108491,0.000777383660699,-0.00248010764603,0.0465951980761,-0.000669226987425,0.00482839121181,-0.0188391205135,0.0159095492257,0.00240184171036,0.00917893143038,-0.00288583874174,0.000567705056987,0.0114213693253,0.00766065672886,0.0136422365545,0.00133516645733,0.000610124440851,-0.00151871378808,0.0132329358646,0.00304476504181,0.00322489741313,-0.00177177384319,0.00411528419558
-0.00027351610566,0.000877396105749,-9.82462644355e-05,-0.000355400713434,-0.000394834600939,0.000283815292057,-0.000530808392578,-0.00166790272846,-0.000313510635452,-0.000768022480468,0.00054654650357,-0.000239048604872,-0.000343057106556,-0.000385572986497,0.000448534816219,-0.00034008166916,-0.000356650945261,0.000303192370596,0.000671506850818,-0.000253213341878,0.000924534421207,3.1953921255e-05,0.000294105713547,-0.000267298365855,0.000485640477719,-0.000340676321119,-0.000282594653584,-0.000751077908359,0.000267439090755,-0.000265288096127,-0.00119255734028,0.000338434716411,0.000330197410936,-0.000659082675718,0.000557025457931,-0.000326849312628,0.000627884173984,-0.000545175140164,0.000421874244289,0.000504732217867,0.000327124585405,0.000409659371942,0.000375227268753,0.000409571331208,0.000482473524964,0.000432476188537,-0.000474184331706,0.000135453010526,-0.000353839326249,0.000677052808176
-0.000225443741733,0.000868417508966,-9.44293142487e-05,-0.000349170362623,-0.000328375645598,0.000197710391985,-0.000554728172766,-0.00148025259321,-0.000228284245457,-0.000839231856442,0.000555804811221,-0.00032261925875,-0.000450675126584,-0.000391281802863,0.000471107182647,-0.000475671331337,-0.000488044393485,0.000299618391682,0.000878724139415,-0.000210517921195,0.000830854050715,-0.000143822254409,0.00025592438107,-0.000296766579806,0.00046767310007,-0.000610758370589,-0.000392116279675,-0.000675829981087,0.000281642282264,-0.00027102792943,-0.000855934014308,0.000362415319743,0.000148885260759,-0.000692544739015,0.0006618347554,-0.000322088563736,0.000519324009967,-0.000504945792101,0.000492705497833,0.000501113308016,0.000304487840635,0.00048226441736,0.000377415632168,0.000418476069363,0.000499547495251,0.000602377993095,-0.000623724633269,0.000130761795401,-0.000506302089069,0.000622967916716
-0.000249026170543,0.000804697158529,-3.82384417387e-05,-0.000348485780619,-0.0004249323329,0.000349737104443,-0.000437187977986,-0.00148216424236,-0.000347550884658,-0.00066023406953,0.000620128270197,-0.00028037772583,-0.00041549778886,-0.000305411866066,0.000400935761278,-0.000105371006343,-0.000387966210623,0.000301308281064,0.00078274247189,-0.000235292146787,0.000865296363563,0.00017390869851,0.000174322994064,-0.000287734195328,0.000446203366916,-0.000455192121395,-0.000375771727916,-0.000613787562875,0.00026216672386,-0.000272570415594,-0.00129143343082,0.000247285782565,0.000269886122256,-0.000623155540049,0.000624469990711,-0.00029639064723,0.000452044128432,-0.000561236684751,0.000413646394545,0.000414317282246,0.000292449178058,0.000570189967064,0.000357211034784,0.000479783096215,0.000481196175506,0.000542922438137,-0.000410752698588,7.78182040941e-05,-0.000490683506165,0.000791908078472
-0.000235939194189,-0.00328558157993,-0.00104673433943,0.00190706876557,0.0122171168984,0.000767310589836,0.00497173709431,0.00299254143661,-0.00212429881014,0.026645408503,-5.80090757238e-05,0.0315184505273,8.52867492734e-05,0.00575082553277,-0.00304124285815,-0.00445741242284,0.00119410827189,0.00064025250144,-0.00882386604628,-0.00168236533417,-0.00236350094228,0.00438750767622,-0.00953312119597,-0.00578092830278,-8.26764027315e-07,-0.00111524366588,-0.000144411572967,0.00113439909439,0.000242523472846,-0.000662279839959,-0.0025187161606,-0.00159231195941,0.00132501197116,0.0056238519497,0.0018748518773,-0.000673789065258,0.000613115147934,-0.00373651327937,-0.00942994976885,-0.0014632131648,0.00111949350675,-0.0158485450491,-0.00166231303327,0.00242133762903,-0.0117784825919,-0.00236233215589,0.0115468778892,-0.0113580475686,0.00628135134325,-0.015022235348
-0.000241032497476,0.000890416485913,-2.89846232639e-05,-0.000332444398697,-0.00027139303531,0.000290813521148,-0.00054280422017,-0.00176208413994,-0.000400781089768,-0.000979544909928,0.000629559420003,-0.000277096060826,-0.000460809662727,-0.00022607975315,0.000498331069365,-0.000361495261783,-0.000436569198111,0.000279828253184,9.57335803366e-05,-0.000265550709507,0.00086131894559,0.000200017555064,0.000311603991947,-0.000343442119024,0.000669030635056,-0.000421603399076,-0.000513860743395,-0.000540822112741,0.000254846735353,-0.000331885408858,-0.00185360735811,0.000497082728976,0.000420864644106,-0.00053383267185,0.000679877250423,-0.000346425221929,0.000455519876658,-0.000507900383581,0.000533669752284,0.000404116124754,0.000236834124067,0.000515663955775,0.00039707727498,0.000544976202603,0.000396274650337,0.000519051710349,-0.000411637384786,0.00014936931592,-0.000452293501031,0.000591587834854
-0.000240692020234,0.00093057992676,-1.32037040299e-06,-0.000323937788905,-0.0003624070068,0.000202993151181,-0.000607084846835,-0.00161454319923,-0.000347514265613,-0.000796284076613,0.000582994239173,-0.000293773380271,-0.000345688404865,-0.000221770766236,0.000353856221091,-0.000424817919897,-0.000448390822895,0.000318861805357,0.00011411918469,-0.000292629846187,0.000839477850176,5.33106657038e-05,0.00023893974037,-0.00029581739269,0.000491769814721,-0.000559984580139,-0.000324745942078,-0.000686956558689,0.000269188891737,-0.000270470809838,-0.00138789646799,0.000248130261956,0.000312306959111,-0.000628370282506,0.00070166229467,-0.000389217817783,0.000570806037455,-0.000460867776583,0.000430837591543,0.000493411536266,0.000312264005844,0.000375728347432,0.000371174732875,0.000515536397562,0.000531529861953,0.000688292643644,-0.00059037287588,0.000128971916245,-0.000493211743721,0.000460273319686
-0.000143072004262,0.00159267039009,-0.000130719833175,-0.00036029659291,-0.000681394725674,0.000414938461496,-0.000931094738127,-0.00230722875529,-0.000158382989699,-0.000885297907778,0.000550699676647,-0.000253535038094,-0.000281186118836,-0.000468175007208,0.000620497221194,-0.000500744926794,-0.000640725113767,0.000404352918364,0.000763632812353,-0.000189015981942,0.00126349313027,-0.000253180131642,0.00018685546148,-0.000376300219998,6.0849283856e-06,-0.00100522076264,-0.000281053778987,-0.00100119645063,0.000277739192096,-0.000310903824709,0.00104357247775,0.000407915591488,0.000323103325886,-0.00150791236421,0.000953842120819,-0.000267608213663,0.000417944678094,-0.000600731357019,0.000629585791393,0.000736797735735,0.000443297431447,0.00062070762795,0.000335669540738,0.000663362146831,0.000312194388118,0.000709113628104,-0.000857331552778,0.000248913604348,-0.000365558819329,0.000891993022437
-0.000214553508289,0.00111679489341,-0.000160753499834,-0.000375686265188,-0.000610992081905,0.000299752074348,-0.000564481117025,-0.00167615105786,-0.000341179597597,-0.000725475797983,0.000524344406105,-0.000268548768186,-0.000347222079865,-0.000396478061394,0.000459266612876,-0.000534239747749,-0.000561078712606,0.000332078692438,0.000806466813667,-0.000294229087608,0.00104156409316,-6.47493077374e-06,0.00028126745621,-0.000378019208057,0.000428017105059,-0.000615134007455,0.000106183792193,-0.000711882968518,0.000281419561349,-0.000266390866032,-0.000359885389845,0.000310575465473,0.00033516488227,-0.000888253011518,0.000821351520076,-0.000212204593952,0.000665047437854,-0.000517431801375,0.000400223491995,0.000580651319455,0.000316837182207,0.000465118205848,0.000382497816061,0.000474796075894,0.000413326152258,0.000617236279716,-0.000702207549566,0.000162898299035,-0.000434499429743,0.000851404883891
-0.000722164530796,-0.00621221176429,0.000145500472208,3.38785165308e-05,-0.00147816920302,-0.000273082644345,0.0012813579694,0.00191790766968,0.000905575238488,-5.17006129122e-06,0.000573969001928,0.00192193882678,-0.00120721593165,0.000357012068423,-0.000807748217125,-0.000563314254057,0.00189111226023,-0.000601105238842,0.00101829060063,-0.000808081642633,-0.00409919663205,0.00472719904591,0.000944948615036,-0.000166666226613,0.00123423457303,0.00119197031641,-0.000879587184997,0.00314503613163,0.000291671760003,-9.30197585113e-05,0.00100742224989,-0.0010015866302,0.000737982417457,0.00450786584703,-0.00431708895227,-0.000248608946938,-0.000293012588047,0.00342064336841,-9.27220481738e-06,-0.00357216386344,0.000866894480215,0.000292466280732,-0.00105732014274,0.00017031821026,0.000282056696117,-0.00182508026725,0.00173586211883,-0.000833432220415,-0.00210631646029,-0.00190202170179
-0.00083309559106,-0.0116535864763,0.000378511428418,-0.000487257550779,-0.00197141401427,-0.00547639017299,0.0048195044122,0.00273493857057,-0.0010319772541,0.00459508890028,0.000770729721317,0.0035248295783,-0.0010176744432,-0.00095611902915,-0.00115508781282,0.00276059898584,0.00326811861901,-0.00297673118106,0.000360484312411,-0.00135371689981,-0.00845594680037,0.00478254354813,0.00111136192804,0.00177007541954,0.00682567299694,0.00157186212934,-0.00165917892888,0.00279371842299,0.000114609122774,0.000390130553632,0.0010520434239,0.00211559183564,-0.000448932144469,0.0120407504353,-0.0149150542235,-0.00136332687956,-0.000522335481725,0.00112574984728,-0.000533130991656,-0.0039269617313,-0.000423740362227,-0.00262278274239,-0.00064709648637,-0.00194641246382,4.51950134837e-05,-0.00261447524558,0.00293052248533,-0.000550564520882,-0.000929819144311,-0.00201316245985
-0.000276186388835,0.000941717819246,-3.68953312332e-05,-0.000362457534757,-0.000205805788433,0.000351853762852,-0.00075028706859,-0.00190093226115,-0.000259180260034,-0.000752608655166,0.000547771865631,-0.000252351311545,-0.000395106743312,-0.000443025348036,0.000366892638952,-0.000482918036656,-0.000552491278128,0.00033118348743,-0.000317901068858,-0.000249493150929,0.000976813243405,-0.000166326140338,0.000265305740648,-0.000301583920919,0.000242172791273,-0.000621384601532,-0.000405444767814,-0.000733544001286,0.000255615711964,-0.000291443198827,-0.000990901576548,0.000380045020016,0.000224853068654,-0.000644408889156,0.000529896105414,-0.000359460958789,0.000479637021225,-0.000518577784786,0.000421083923816,0.000589292648841,0.000316812612121,0.000508123330497,0.00029006406402,0.000473438363384,0.000440666387333,0.000499733853728,-0.000558801546313,0.00017468101853,-0.000445131493306,0.000816370267229
-0.000258789365521,0.00109156745895,-4.47305472629e-05,-0.000342345615949,-0.00042780280141,0.000315250937954,-0.000686885809979,-0.00229929700421,-0.000457115480002,-0.000987700459102,0.00065690718767,-0.000310314985476,-0.000536458008664,-0.000409458862563,0.000551397945449,-0.000338996982214,-0.000461024907511,0.000356041595247,0.000950267940374,-0.000404754520339,0.000961831328055,6.56424420595e-06,0.000346681855701,-0.00034723164168,0.000766444682028,-0.000546912188473,-0.000358802936147,-0.000740785821233,0.000271638853545,-0.000492397712085,-0.00207079323099,0.00043840621193,0.000299686209027,-0.000799587568248,0.000607871930468,-0.000395370491921,0.000555563679062,-0.000619906194092,0.000518302412009,0.000533481642205,0.00038464324366,0.00048234303537,0.000410877440782,0.000578079662812,0.000539134357908,0.000543896928751,-0.000530759773915,0.000159689670974,-0.000453211707343,0.000751066906175
-0.000283072947928,0.000822884506926,-3.12994288493e-05,-0.000358471137807,-0.000360820952398,0.0002971678394,-0.000662227592311,-0.00179696616283,-0.00033288741029,-0.000837700335372,0.000514220318485,-0.000285851016272,-0.000389649434575,-0.000302166006687,0.000315745442565,-0.000451364896889,-0.000385273848685,0.00029027961618,7.58161940168e-05,-0.000329502799529,0.000903422686067,0.000175159626521,0.000298014854596,-0.000237564868579,0.000560743373785,-0.000244131077352,-0.000393765070228,-0.000563810455589,0.000263760710207,-0.000255799606042,-0.0015628177284,0.000368679576017,0.000279116007343,-0.000612970176591,0.000528192260398,-0.000353303004088,0.000590850522877,-0.000519765520945,0.000596200907526,0.000327679387337,0.000309351696711,0.000399775347153,0.000350179267758,0.000577398599116,0.000512145391153,0.000528999292277,-0.000523660809709,0.000140841679345,-0.000398270827645,0.000535396480883
-0.000211955817324,0.000886900306333,-0.000117010352395,-0.000396751325862,-0.000370720572973,0.000394947138955,-0.000553834275891,-0.00174547711026,-0.000220783590915,-0.000917863690697,0.000508497064812,-0.000280061712751,-0.000466236269193,-0.000397680269313,0.000414709300208,-0.000497358823612,-0.000352973778908,0.000343711350676,0.000448386116395,-0.000276460964687,0.000859870319259,6.54738031453e-05,0.000202934094534,-0.000234287281634,0.000379725387996,-0.000587959946359,-0.000333837375312,-0.000639219116253,0.000271138075645,-0.000267647631898,-0.00122321543046,0.000254206986744,0.000222234240168,-0.000710334624613,0.000544451908666,-0.000305027681711,0.00057328789694,-0.000503276981936,0.000399432420994,0.000534595309293,0.000276234705563,0.000294216442447,0.000361824579921,0.000571251193042,0.000589697349779,0.000472860963651,-0.000761198287869,0.000214324907365,-0.000450511865545,0.000768160161837
0.000474387267722,-0.000566413377544,0.00141915487902,2.47586259562e-05,0.000469218457827,0.000691475392518,0.00292511653182,0.00153393568709,-0.000380239804262,0.00127615847339,0.00289103865886,-0.00120832394963,-0.00100392431141,0.00111877785049,0.000990699938662,-0.0023644027383,0.0208569768301,-0.000221834406219,-0.000696182210338,-0.0022844199737,-0.000823255650557,0.00286982969308,-0.0168688412897,-0.000282364101302,-4.16652853764e-05,-0.00449689900036,-0.00295912548607,-0.00114258645738,0.000346002807734,0.000397879601075,0.00220614977015,-0.00570028125733,0.0012554005942,0.00541321765268,0.000550227246503,-0.000351260628562,-0.00142407106237,0.000842327090955,0.000693371557952,-0.000864227293985,5.08508644253e-05,0.000355225719075,-0.0020917438774,0.00201369635816,0.000203209773537,-0.00082161429002,-0.00130894739755,-0.000413014652474,-0.0011789651148,0.00151609308099
-0.000266705600821,0.000823262596933,-0.000152295935773,-0.000324783667858,-0.000409511789571,0.000208135178428,-0.000449223706107,-0.00155646451075,-0.00031582971462,-0.000657452878269,0.000447101001038,-0.00029469558042,-0.000341587631787,-0.000376491310215,0.000594451793124,-0.000341049409915,-0.000367624836179,0.000341483619138,0.000989672431178,-0.000290515158489,0.000899364238321,-3.02226883874e-05,0.000316915760351,-0.000266018011582,0.000442115481485,-0.000519227187125,-0.000290993122119,-0.000455289323163,0.000275565061446,-0.000251196847498,-0.000927055618227,0.000351007167015,0.000309094342814,-0.000705849147246,0.000601933337212,-0.000273151136044,0.000472703471662,-0.00048846423113,0.00045975108557,0.000467441832935,0.000328853925357,0.000586801273748,0.000388593013915,0.000435952098543,0.000496606721928,0.000564878794736,-0.00037681998735,9.09411912727e-05,-0.000374256880694,0.000766631001242
-0.000219607179799,0.000912183392667,-6.17420899898e-05,-0.00029938223905,-0.000567202011028,0.000323003632504,-0.00050710428826,-0.00117484882815,-0.000343262235649,-0.000571897498338,0.000555407516077,-0.000275031228549,-0.000364602765408,-0.000290662359243,0.000417756301881,-0.000429958902543,-0.000331860477375,0.000322724147677,0.00100955537979,-0.000244806302352,0.000885903596122,7.27428326121e-05,0.000328666828774,-0.000216518663902,0.000445211060712,-0.000415276508122,-0.000405474522906,-0.000511516053312,0.00024734754093,-0.000247899386742,-0.00117787006588,0.000304067259098,0.000308588811559,-0.00057781182779,0.000561738690535,-0.000320637388763,0.00058982881303,-0.000386547763765,0.000355965699584,0.000454094339037,0.00025647170857,0.000526051063386,0.000331736353884,0.000337833625442,0.000476665847876,0.000630320844073,-0.000474478837896,0.000160352922049,-0.000352653118322,0.000612348248685
-0.00021185735451,0.000910955193221,-6.79537943666e-05,-0.000327057363462,-0.000346490062999,0.000261431522536,-0.000502411324343,-0.00152148640458,-0.000373205679616,-0.000728171224866,0.000594092893458,-0.000299278237734,-0.000292060163276,-0.000299493001891,0.000470748826536,-0.000356390901453,-0.000342796252716,0.000333006001167,0.000485296355457,-0.000294864313728,0.000687115788555,3.81411660418e-05,0.000248974528704,-0.000273636314055,0.000527926588232,-0.000525351168814,-0.000310813609675,-0.000575935151055,0.000267404222177,-0.000267168717023,-0.00143578154067,0.000259277112834,0.000328926969139,-0.000655506887562,0.000656671449176,-0.000323967037318,0.000498271417995,-0.000500502997967,0.00039503530802,0.000541534375169,0.00028465065988,0.000352876824911,0.000394654831973,0.000434135679443,0.000441724075636,0.00054898814876,-0.000465204541471,0.000148797818222,-0.000451799427725,0.00063030607794
-0.000258789365521,0.00109156745895,-4.47305472629e-05,-0.000342345615949,-0.00042780280141,0.000315250937954,-0.000686885809979,-0.00229929700421,-0.000457115480002,-0.000987700459102,0.00065690718767,-0.000310314985476,-0.000536458008664,-0.000409458862563,0.000551397945449,-0.000338996982214,-0.000461024907511,0.000356041595247,0.000950267940374,-0.000404754520339,0.000961831328055,6.56424420595e-06,0.000346681855701,-0.00034723164168,0.000766444682028,-0.000546912188473,-0.000358802936147,-0.000740785821233,0.000271638853545,-0.000492397712085,-0.00207079323099,0.00043840621193,0.000299686209027,-0.000799587568248,0.000607871930468,-0.000395370491921,0.000555563679062,-0.000619906194092,0.000518302412009,0.000533481642205,0.00038464324366,0.00048234303537,0.000410877440782,0.000578079662812,0.000539134357908,0.000543896928751,-0.000530759773915,0.000159689670974,-0.000453211707343,0.000751066906175
-0.000240122024718,0.000802717875857,1.10536534548e-05,-0.000393722735912,-0.000266750481121,0.000335637179395,-0.000549845586145,-0.00171519799098,-0.000357846402373,-0.000602407127858,0.00056666660848,-0.000247260452088,-0.000457277463517,-0.000349923783375,0.000413808842843,-0.000398447477615,-0.000490588632948,0.00032837611128,0.000269814383929,-0.000300194710638,0.00087605710677,0.000224528819393,0.000148301849146,-0.000326984100771,0.000604059822094,-0.000576202469791,-0.000417938935359,-0.000644170994067,0.000269583939947,-0.000260017318566,-0.00135577320412,0.000296170852649,0.000186849599463,-0.000575233459179,0.000575283929313,-0.000295300415192,0.00053011820649,-0.000480472569186,0.000499154405587,0.000328607158297,0.000249425949442,0.000562109857575,0.000270240101712,0.000601900857501,0.000507795779815,0.000581999157042,-0.000584864330264,0.000165537763943,-0.000409633188782,0.000620668614762
-0.000247406225069,0.000816657829268,-9.50536957181e-05,-0.000336416167579,-0.000490876574166,0.000234245419928,-0.000483957220622,-0.00139243049705,-0.000339020711435,-0.000738474108688,0.000545818246708,-0.000276585097444,-0.000357797648881,-0.000276093432801,0.000446280930529,-0.000483492538384,-0.000475871222547,0.000354058242727,0.000416248817085,-0.000329052526643,0.00067549903999,4.13347729261e-05,0.000182501087597,-0.000261917734391,0.000552039856907,-0.000391151838314,-0.00035606188664,-0.00056811332357,0.000266207476384,-0.000262444023656,-0.00154210996618,0.000265501966378,0.000341883102714,-0.00054649758139,0.000700035630614,-0.000389584351299,0.000472217032209,-0.000463336064659,0.000506624599586,0.000477209541082,0.000249884576766,0.000236725190584,0.000374161854851,0.000443397817133,0.000319966340374,0.000453339296125,-0.000287713991349,8.97229416487e-05,-0.000431206503995,0.000580234031001
-0.000277754782428,0.000846146927187,-9.28045670222e-05,-0.000321141579324,-0.000335231232091,0.000238780615186,-0.00047958722902,-0.00145438305535,-0.000314243259685,-0.000574706890217,0.000478027991478,-0.000285883784461,-0.000279533855903,-0.000417192248254,0.000432447114812,-0.00034954294948,-0.00032211239031,0.000290814636247,0.000953496305468,-0.000284433210696,0.000744606934832,7.70722065744e-05,0.00022346802939,-0.000250648836359,0.000479257538535,-0.000367310287306,-0.000301456120175,-0.000426983157716,0.000264344783684,-0.000259356557165,-0.00121063479405,0.000286136209945,0.000292166899551,-0.000653689444301,0.000596503889684,-0.000217528529266,0.000471357096462,-0.000427297122902,0.000381189621292,0.000555684529377,0.000340216450894,0.000518523876862,0.00029496558083,0.000391988517874,0.000306428355456,0.000537085690675,-0.000474555093608,8.82914979226e-05,-0.000479510131859,0.000732100789838
-0.000316898048171,0.00057930554402,-5.35042175928e-05,-0.000323830153748,-0.000392837440567,0.000175215977807,-0.000508354860617,-0.000776444715019,-0.00016657385471,-0.000642047436738,0.0005337605159,-0.000295585199719,-0.00031368553025,-0.000263922950892,0.00035241865198,-5.4643679698e-05,-0.000289267907421,0.000250938270891,0.00107945799109,-0.000211196212474,0.000677507335768,0.000139286825328,0.000308401605774,-0.000226861582926,0.000520638718388,-0.000147435234066,-0.000370506856663,-0.00038689608159,0.000257952539365,-0.000253589068497,-0.00107157252477,0.00030752383827,0.000315191118154,-0.000587428171368,0.000476455373921,-0.000397043997581,0.000493223087941,-0.000592598359671,0.000521886695751,0.00044205517595,0.000294415546919,0.000370445998033,0.00038773489117,0.000344417835878,0.00037758202298,0.00042817427103,-0.000532818086887,0.000114965109395,-0.000307981978351,0.00047470426644
-0.000297288615289,0.000723959867599,-9.60826847692e-05,-0.000312683177885,-0.00047402345251,0.00011650580412,-0.000541634586902,-0.0011414356919,-0.000248577522372,-0.000661806870068,0.000513841845551,-0.000296551318077,-0.000252683309453,-0.000249030956688,0.000402377104632,-0.000165852029286,-0.000282130811152,0.000267163904826,0.00101691609316,-0.000198978585679,0.000792019144008,0.000146065134485,0.000283954529002,-0.00024157588099,0.000422547910258,-0.000400561452597,-0.000284585513981,-0.000520831600515,0.000252401160414,-0.0002492799679,-0.00108108113291,0.000295327484462,0.000319602486576,-0.000648438538511,0.000517761702955,-0.00038247411661,0.000546161564898,-0.000554862131756,0.000503732504576,0.000462845063044,0.000322804564934,0.000350304307919,0.000419418774061,0.000441659206782,0.0004413054275,0.000482702047291,-0.00049050621884,0.00010191949877,-0.00033230660108,0.00057386685519
-0.000279503638059,0.00126903829446,-2.7114995977e-05,-0.000337350996242,-1.07220902722e-05,0.000399306810608,-0.000931489200514,-0.00220260402521,-0.000180785480746,-0.00116957256014,0.000498507554216,-0.000281596240813,-0.000434381008,-0.000306250627862,0.000474704940295,-0.000614218517507,-0.000506202975318,0.000361482314468,-0.00182776317707,-0.000231037709895,0.000943412099777,-0.000277284134152,0.000266014286637,-0.000348257670223,0.000284569729883,-0.000601913778448,-0.000360515019132,-0.000864720392232,0.000269967105911,-0.000283940560111,-0.00131278356117,0.000452258154962,0.000232741731316,-0.000707801705906,0.000767952545822,-0.000396033599793,0.000765954807596,-0.000575153618233,0.000592101589982,0.000533322679738,0.00038684943147,0.000241995155682,0.000291792760157,0.000623346643747,0.000604851266355,0.00044479842327,-0.00064270233209,0.00018988917885,-0.00042943525639,0.000610847993936
-0.000283393101148,0.000949703615753,-6.66245322005e-05,-0.000277194970684,-0.000651876538712,0.000329541469965,-0.000724673840029,-0.00182171121743,-0.000472426183244,-0.000919899199829,0.000565011602406,-0.000259693238717,-0.000397047129242,-0.000354822284816,0.000408698534244,-0.000372067311543,-0.000363085522061,0.000384201835856,-0.000570353848422,-0.000438437336954,0.000859536030995,-0.000184181138216,6.55321267707e-05,-0.000307240239308,0.000793022502335,-0.00032830721248,-0.00033428458499,-0.000575538668807,0.000274424314153,-0.000357358966399,-0.00208431488271,0.000387560207718,0.000439158652359,-0.000637082991995,0.00085965352482,-0.000422561427599,0.000579173809533,-0.000500844773052,0.000638330775447,0.000547045712914,0.000230703688417,0.000319358103923,0.000328497016746,0.00049437882354,0.000522272980354,0.000546843454929,-0.00043981593731,0.000142261489637,-0.000420336014539,0.000570136530513
-0.000242130505865,0.000761394673329,-7.68345694212e-05,-0.000379901875008,-0.00036451290145,0.00035601374752,-0.000422670640639,-0.00162950083146,-0.000346764894555,-0.000766888329352,0.000537537923854,-0.000248052350029,-0.000328569156926,-0.000427252714435,0.000347432210761,-0.000307134697082,-0.000383361099018,0.00029068062634,0.00107052482049,-0.000208897848529,0.000605161987788,0.000142916267723,0.000326940506269,-0.000250718498102,0.000361351947581,-0.000504947122819,-0.000200059767042,-0.000503273914472,0.000245285688153,-0.00028047583279,-0.00131236768036,0.000288523849621,0.000297739284616,-0.000595128520234,0.000420834078815,-0.000308367817734,0.000508303379775,-0.000565672476797,0.000263903659591,0.000453353956359,0.000366422969574,0.000417830078152,0.000312117954921,0.000471385783672,0.000368968633109,0.000391548303068,-0.000533694335071,6.02519973736e-05,-0.00041793065539,0.000469634780664
-0.000224762641516,0.000896800385625,-4.37468563264e-05,-0.000323970299357,-0.000413354060216,0.000315562758762,-0.000507715048718,-0.00159953525329,-0.000305727940666,-0.000830151522907,0.000584683209926,-0.000290639368208,-0.000406902694065,-0.000249242104672,0.000487829933574,-0.000484228795281,-0.000391351600677,0.000286143041423,0.000317055801492,-0.000306992163834,0.000827259277219,-1.16027457148e-05,0.000220048587365,-0.000298699073256,0.000474974302827,-0.000508999817274,-0.000412638307334,-0.000561775707638,0.000273923171649,-0.000259267627214,-0.00135075633641,0.000319118166804,0.000322871729534,-0.000492163542593,0.000726160884643,-0.000312384843258,0.000587867571869,-0.00041394176356,0.000406201357012,0.00055431621648,0.000321774846356,0.000333746148127,0.000301929478974,0.00058186485712,0.000546678568212,0.000414845062022,-0.000579773303581,0.000121223375079,-0.000458869333717,0.000679256128637
-0.000227775047906,0.000811620192466,-8.71889574192e-05,-0.000341032348065,-0.000524011902979,0.000178995581272,-0.000450491370955,-0.0013765885223,-0.000380985216818,-0.000638386278254,0.000542982967091,-0.000264555065856,-0.000347687122141,-0.000314705764002,0.000372240562432,-0.000310838091655,-0.00031150204107,0.000312384468811,0.00103018973722,-0.000335477330803,0.000709162017288,0.00013867653986,0.000221632831417,-0.000305617395907,0.00049575396678,-0.000493748412087,-0.000322688139783,-0.000508530366522,0.000264567243895,-0.000239276665434,-0.0011751912699,0.000369535279404,0.000303232357709,-0.000785980465354,0.00044823722779,-0.000321778685403,0.000514795878854,-0.00048117893403,0.00036155607293,0.000492198233946,0.000348166346,0.000467164321348,0.000363953568085,0.000497846799546,0.000510568572156,0.000579215699443,-0.000455483733249,0.000122457792718,-0.000399997377219,0.000699657419045
-0.000326748346188,0.00118478041578,-0.000110718429036,-0.000264480666814,-6.57349551428e-05,0.000230175135071,-0.000440111521018,-0.00134871679134,-0.000569528509224,-0.00103655669141,0.000488046032979,-0.000386421095216,-0.000469713874794,-0.000427095883193,0.000627126608822,-0.000744510842244,-0.000178964328277,0.000280786964298,-0.000760752218075,-0.000458645820246,-0.000659303482434,0.000390063418243,0.000365430991056,-7.84531283728e-05,0.00103439223715,3.63952479619e-05,-0.000464096295012,-0.000566045234374,0.000266007054466,-0.00036779319043,-0.00145357478182,0.000569380800282,0.00044175574811,-0.000773181265246,0.000710899808994,-0.000354244243696,0.000389468567059,-0.000365426491242,-0.0032517839084,0.00026466119231,0.000313726629988,0.000269163690333,0.000634688446348,0.000457716403304,0.000137003284881,0.000262229574325,-0.000146331568402,5.28621011353e-05,-0.000444445488809,0.000402240393476
0.000149429829853,-0.000599871738917,-0.000132712723709,1.64292874282e-05,-3.15468609027e-05,6.78553778897e-05,-0.000142927046878,0.000501367232858,-0.000526882126788,-0.000578109761241,0.000883534471155,-0.000375595309081,-0.000853591480101,-5.97939553554e-05,0.000554082108617,-0.00108046947011,-7.85730124484e-05,-2.16914511145e-05,3.47018787665e-06,-0.000597873836809,0.000508082295363,0.000397671410669,0.000358379630284,6.61269022689e-05,0.000548921434372,0.00016070562688,-0.000841339514383,-0.000154319795378,0.000278257100916,-0.000159150713716,-0.00127881457765,0.000312942647388,0.00034647631273,-0.00031469435766,0.00060939422411,-0.000345199755765,0.000751950708372,-0.000272762091706,0.000179241799613,-0.000424515942317,0.000270596881119,0.000529760132603,0.000652525515672,0.000621482707289,0.000361195922423,0.000353080582668,-0.000599328628565,-0.00564305914918,0.00167407971177,-0.00130107547395
-0.00105104960639,-0.000233669351897,-0.00189431228173,-0.00250640282433,2.95759661681e-05,0.00242254066384,-0.00744553380952,-0.0150716248536,0.00175098313513,-0.00711210333763,-0.00219498209839,-0.000736627450059,0.0100779430637,-0.00295338354672,-0.00401675920713,0.00758733076627,8.4607745858e-05,0.0021037979413,-0.0314539915386,-0.00192637763004,-0.00239612041341,-0.00386996330138,-0.000350370949684,-0.00380951760026,-0.00449938337855,-0.00401517175542,0.000390165111933,0.0119649620691,-1.67749806546e-05,0.00220803912542,0.00372422892294,0.00397187227765,0.000448680112878,0.00265945210639,-0.00127243423221,0.00328255164916,0.00323893359925,-0.00143335682956,-0.00197045423637,0.00287968025591,-0.000403647378097,-0.00574684329014,0.00425757457527,-0.00072325635736,-0.0524744859524,0.00339991355885,-0.0123221872593,-0.00379295183006,-0.000473235355809,0.002450182331
-0.000266936347882,0.00106318176815,-0.000282112769651,-0.000291890007589,-0.000611038187082,0.000131127935447,-0.000660688777921,-0.00173939505974,-0.000264623434733,-0.000918083302364,0.00034173920555,-0.000285336143499,-0.000430939469849,-0.000288261176036,0.000455944752189,-0.000256634842847,-0.000481292218409,0.000327685405111,0.000954892333815,-0.000124450120918,0.00108251748863,0.000123415131535,0.000283688185273,-0.000242352266323,0.000427131786871,-0.000567059910151,-0.000331104801584,-0.00058702924113,0.000262579338505,-0.000229238084163,-0.000863871818428,0.000171920588817,0.000296574842037,-0.000783418837974,0.000682728898985,-0.000299251801895,0.000687392670279,-0.000454148457289,0.000258493394596,0.000378130907226,0.000270869039122,0.000314006497264,0.000411850586004,0.000526411805576,0.000532898487761,0.000512687102461,-0.000559455133084,0.000123075159569,-0.000477438621568,0.000697547996077
-0.000248740050805,0.000607014759536,2.4662958626e-05,-0.000321773988642,-0.000346507539981,0.00031991209752,-0.000391144589312,-0.000641985586812,-0.00020947149405,-0.000519753317535,0.000563217806404,-0.000261642866858,-0.000414528124829,-0.000186873119968,0.000433698831161,-0.000199758967095,-0.00038860435391,0.00033886190638,0.001148807851,-0.000313066633371,0.000634047784466,6.98821492901e-05,0.000253800270189,-0.000317027145228,0.000449071516128,-0.000249338926478,-0.000236727971011,-0.00055334251363,0.00024755832356,-0.000261977968264,-0.000995477230611,0.000403844196446,0.000303673001722,-0.000473043125687,0.000203318105453,-0.000340395727641,0.000372570467262,-0.000554980350323,0.000479743117625,0.000330095890211,0.000356723957501,0.000420154772989,0.000404204122939,0.000471169337454,0.000478034154583,0.000576441337609,-0.000586505125949,0.000167550201132,-0.000365748721664,0.000445520729538
-0.000182375141895,0.000807122013949,-6.39689539812e-05,-0.000384339059908,-0.000423611908018,0.000312371763921,-0.00052582149387,-0.00154464711872,-0.000303848113259,-0.000776543452787,0.00054204777674,-0.000292404473562,-0.000341105432295,-0.000334330478369,0.00039978912589,-0.000324577225842,-0.000380869069908,0.000316656131842,0.000974467775275,-0.000305083396667,0.000955106239737,0.00016214918133,0.000319359582281,-0.000282209523455,0.000302273577321,-0.000490940539854,-0.000296397669126,-0.000454571825876,0.000251900731202,-0.000241160257971,-0.00108710518357,0.00030320764426,0.000315615445893,-0.000534673238113,0.000639484342329,-0.000343166486394,0.00048924922623,-0.000515122776878,0.000556494271403,0.000405422556514,0.000274505407708,0.000450551879788,0.000421093735052,0.000461086898529,0.000454662094998,0.000522966111052,-0.000552026432508,0.000177236075595,-0.000440034660657,0.000609538655958
-0.000226214843164,0.000768305436009,-0.000188536157293,-0.000330677105044,-0.000469897444615,0.000216790814818,-0.000571507109568,-0.00140229911245,-0.000345507486344,-0.000498058181623,0.000464010296743,-0.000294508911285,-0.000332049203046,-0.000310056548985,0.000453273309443,-0.000429807670227,-0.000310427679561,0.00030417072923,0.00105060581197,-0.000292070858066,0.000709566332241,0.000176525440375,0.000262742835977,-0.000273786785477,0.000490417577549,-0.000550431400542,-0.000359280910512,-0.000470241537349,0.000278662425791,-0.000232121986775,-0.00119792173231,0.000301209039086,0.000235807335281,-0.000575848794066,0.000644209175442,-0.000312163888061,0.000374292077316,-0.000521114044794,0.000388852843082,0.000459023990424,0.000302138168325,0.000544245308721,0.000313142407496,0.000314234378165,0.00043784925375,0.000417249168358,-0.0004389883484,9.05495875162e-05,-0.000438728599742,0.000558507952629
-0.000247246766517,0.000843321619209,-0.000179920029044,-0.000375178987569,-0.000311855391868,0.000324612235345,-0.000495489075076,-0.00171183526208,-0.000401452202821,-0.000509666501083,0.000437288770109,-0.000225422902014,-0.000365030588212,-0.000334314659106,0.000318138599573,-0.000324399935349,-0.000430863602821,0.000279545849789,-8.99222305092e-05,-0.000215931185549,0.000868748562666,0.00021282155247,0.00032084863848,-0.000335996883436,0.000512471996801,-0.000492193399138,-0.0003397601177,-0.000455212710914,0.000259193224624,-0.000284075732886,-0.00140991056696,0.000351534187538,0.000266666627045,-0.00067720251663,0.000491124931429,-0.000304764608678,0.000407209292137,-0.000486347607772,0.000389422069881,0.000425909760293,0.00026995071928,0.000558003805156,0.000457638494431,0.000582692954047,0.000270623205781,0.000638790299305,-0.000484943894944,0.000169467338756,-0.000444404497784,0.000695604599784
-0.000253210775382,0.00104658368407,-0.000188150655518,-0.00028876248885,-0.000445716629982,0.000263330327016,-0.000461917017435,-0.00174523739154,-0.000415593930375,-0.000244279674603,0.000344441351663,-0.000253868913518,-0.000325063881639,-0.00034479898378,0.000324235959671,-0.000463286543398,-0.000339202695376,0.000269745431864,-0.000415155347844,-0.000288746122847,0.000856004080773,0.000139000314817,6.92573978922e-05,-0.000304893762183,0.000314620166113,-0.000581225947273,-0.000342123629536,-0.000583270087022,0.000246177720072,-0.000308768551614,-0.00162051231555,0.000290029514125,0.000244074518632,-0.000791696996623,0.000319651902593,-0.00026386242802,0.000329051674662,-0.000507358441365,0.00026436977045,0.000396744151909,0.000345851070285,0.000721311208199,0.000310539958872,0.000371666361204,0.000176082056003,0.000466378526368,-0.000225585711511,7.09270170704e-05,-0.000361349765561,0.0007854376776
0.000537650312587,-9.67708670676e-06,0.00401024736459,-0.0012857885764,-0.00496868327442,0.00142436871251,-0.00385372587369,-0.00256592528129,-0.000268206414379,0.00644955304011,-0.00210780892493,-0.00261575689186,0.00402686730502,-0.0025362010919,0.00427790992096,0.0347668123281,-0.00180242820802,0.00091819933159,-0.003786384729,0.00051852707648,-0.00836882241576,0.00207658369614,0.00115661125771,0.00022786192933,0.000251721547272,-0.00592326050283,-0.00446928522149,-0.00513536140082,0.000350942567194,-0.000225016647461,0.0130310449544,-0.00097023330454,-0.000403785741877,-0.00132519415217,0.00143316131587,-0.000288965427789,-0.000857661033581,0.000309122136198,0.00146546692505,0.000282643213615,-0.00241345507037,-0.029805812115,-0.00420750332816,0.00260596097469,0.00146909444193,-0.0150739460367,-0.00506222254503,0.00602197333356,0.0103137717077,0.00447502759702
-0.000250864009973,0.000862785012404,-0.000131078769229,-0.000295588497042,-0.000496912244401,0.000284726699396,-0.000469389443021,-0.00151408421198,-0.000305536545795,-0.000679697370153,0.000501232990873,-0.000264085931925,-0.000347508993642,-0.000339825854042,0.000483712172898,-0.000377493707514,-0.000388172754164,0.000274652087856,0.00102365960449,-0.000245838299734,0.000838375685836,-4.00276643766e-05,0.00020936918892,-0.000326417698405,0.000433025417516,-0.000455907773772,-0.000238800335499,-0.000373356414323,0.000270828204246,-0.000254125131686,-0.00119432900561,0.000260358886364,0.000306679684292,-0.000771534588362,0.000632424897528,-0.000299395367965,0.000477257654864,-0.000403678104954,0.00041112705783,0.000520857382263,9.08303499644e-05,0.000506328315889,0.000383053674762,0.000432322721047,0.000493482542989,0.000509769569152,-7.3222306253e-05,0.000132774251133,-0.000456880573891,0.000561969584058
-0.000252046925668,0.000875439585032,-0.000110535705328,-0.000327540165258,-0.000314890514195,0.000226579363031,-0.000403293197555,-0.00148837093777,-0.000336791292492,-0.000658408722058,0.000570063784819,-0.000215191022384,-0.000390594565186,-0.000387924477261,0.000541708005519,-0.000492835197799,-0.000409862189508,0.000335672521616,0.00101286592929,-0.000281179639296,0.000767636203768,0.000197900317838,0.000309570562908,-0.000331441442757,0.000287970789848,-0.000582594643857,-0.000461864413405,-0.000537058812314,0.000269751105512,-0.000250454264937,-0.00109604397732,0.000307842626956,0.000322706128727,-0.000634214524587,0.000520039520334,-0.000308236410908,0.000490489907266,-0.000509817322264,0.000398298967867,0.000344071829155,0.000286339031015,0.00032830651439,0.000310537523051,0.00041499948664,0.000369854326007,0.000484000037876,-0.000508489575916,0.000109288398201,-0.000396292162217,0.000601421636545
-0.000268699656555,0.00096134699847,-0.000142500718243,-0.000334494763052,-0.00045905058009,0.000253131788026,-0.000404608684167,-0.00136026511376,-0.000318776668732,-0.000511887446031,0.000462047905197,-0.000116957094497,-0.00029649612985,-0.000353785450057,0.000475067558451,-0.000317529167138,-0.000382998213864,0.000349809180614,0.00106719401152,-0.000304387644033,0.000959272140051,0.000190680014994,0.000225957527935,-0.000249460354302,0.000375467433957,-0.000478903022765,-0.000203389355629,-0.000637468175051,0.000268482410968,-0.000247165878071,-0.00103596232296,0.000364076926064,0.000251307363663,-0.0006134428951,0.000738543089254,-0.000207832632996,0.000495754636792,-0.00056189931526,0.000376550571638,0.000519058182618,0.000340163005221,0.000691169554862,0.000253633516842,0.000433022032965,0.000431143749063,0.000321673599971,-0.000357704112394,0.000127797468832,-0.00050149887023,0.000679956001937
-0.000264056748599,0.000734114595838,-0.000110886343736,-0.000362372504071,-0.000590647162909,0.000130314150996,-0.000538304866458,-0.000918258109077,-0.000207541671432,-0.000412460890247,0.000492616396231,-0.000289694429612,-0.000374085531119,-0.00028414116574,0.000433039942508,-0.000373892026729,-0.000249177829105,0.000341033759609,0.001041292091,-0.000207794189312,0.000908430923232,0.000203723721329,0.000247950803113,-0.000277144603764,0.000404425952434,-0.000313853312745,-0.000297583448322,-0.000539406712942,0.000275665466504,-0.000249133090392,-0.00117174039621,0.000325650853187,0.000288225772496,-0.000630701377686,0.000682981165182,-0.000269003054239,0.000475870040036,-0.000569702942986,0.000434721717251,0.000405333185918,0.000374914460515,0.000493382022608,0.000366520184018,0.000497082164522,0.000502918356803,0.000444722117823,-0.000484208937422,0.000123097607502,-0.000511786363639,0.000614264519576
-0.000148674770219,0.000764433877364,-0.000152790142504,-0.000309739688465,-0.000442688821086,0.000301059562313,-0.000442470113272,-0.00142327164509,-0.000323005034665,-0.000583070461015,0.000317266329811,-0.000263501255663,-0.000306976787764,-0.000341731074357,0.000449733025936,-0.00028894928504,-0.000318563339061,0.000263340042952,0.0010239201573,-0.000247871527341,0.000825303659145,0.00016166400958,0.000181277369805,-0.000275993891871,0.00042458053759,-0.000543772301512,-0.000332964039103,-0.000423281337485,0.000269891564691,-0.000221604391672,-0.00124247601557,0.000339992630508,0.000273741254673,-0.000581073089455,0.000529984667464,-0.000331085020012,0.000353790801662,-0.000454832604106,0.000485386272142,0.000449343609107,0.00028944379114,0.000540493538934,0.000349577156187,-4.28018634125e-05,0.000338066656045,0.000520462517208,-0.000393303863745,0.000163728124721,-0.000353295377512,0.000595872610619
-0.000219716028159,0.000870086943427,-5.41024874455e-05,-0.000325146408892,-0.000443915940344,0.000402238213598,-0.000518548283242,-0.00161855985563,-0.000337400888748,-0.000669132156394,0.000586962245,-0.000290197482159,-0.000328143982717,-0.000395488753401,0.000436446043478,-0.000568265771073,-0.000404263946458,0.000301138596653,0.000654049838419,-0.000274502715018,0.000881986561174,7.29339077526e-05,0.000303996712083,-0.000266428936232,0.0005253390676,-0.000489899853079,-0.000329048850536,-0.000616845093259,0.000273630241722,-0.000272727929422,-0.00133425711412,0.000302589633429,0.000307392424562,-0.000628256898904,0.000378419236084,-0.000277017597067,0.000551250286261,-0.000489540185181,0.00053729071895,0.000380200607211,0.00031821386612,0.000520543785533,0.000306257701398,0.000435028960275,0.000469683142574,0.000467937852673,-0.0004787714169,0.000161536537714,-0.000414782627832,0.000562604437061
-0.000586270081402,-0.000478320694541,0.000148432212687,-0.0003905781554,-0.000738939193282,-4.41654632531e-05,-0.000118637376304,0.00362380376774,6.3775480764e-05,0.000960263972606,0.000766053575363,-0.000440688412947,-0.000503156818593,0.000182118252254,-0.000220550172845,0.000747428770622,-0.000508502707384,-1.64677652014e-05,0.000537052995783,-0.000295403005388,0.000267343192427,0.000594825720077,0.000229462366543,-0.000366728777753,0.000549672998071,0.00102105970969,-0.000818652784469,8.29582345267e-05,0.000206054824079,-0.000432522489119,-1.13865793173e-05,0.00103774001232,0.000353129591447,-0.000799757399919,0.000637885448162,-0.000321448113208,0.000184542522858,-0.000944208167226,0.000420027273223,-7.27474268573e-06,0.000219100979296,0.00050776400627,0.000362649280045,0.00029623607971,0.000596444788144,0.000582440919669,-0.000500794104201,0.000304868284401,-0.000263848782974,-9.21320388933e-06
-0.000498636647915,-0.000592397972224,-0.00032686140989,0.000137281419632,-0.002345342283,0.000179256794441,-0.000448541468876,0.00430692968793,3.63498514648e-05,0.00114102179024,4.63002522367e-05,-0.000546397098719,-0.000334979224453,0.000154096475257,0.00130794292283,-0.00106208816935,-0.00105190990505,-8.7459730729e-05,0.000651028770602,-0.000724052565654,0.000697292505268,-0.00635773348434,0.00107179049932,-9.33078653532e-05,0.00144594845656,-0.00020447794766,0.00149220749802,1.73020787884e-05,2.18732383523e-05,-0.000332704033477,0.000347481700696,-0.00103371958925,-3.95610795571e-05,0.000716562946176,-0.00105219519549,2.80728015929e-05,9.83729308326e-05,3.78137649096e-05,0.00035393244985,-0.000280046587725,0.000157627430981,-0.00336206682639,-0.000637076398737,-0.000151710920455,-0.00202169197126,-0.000210662519774,-1.13488525779e-05,-0.000185030330766,2.13734115558e-05,-0.00113971615824
-0.000293449982089,0.000869869552258,-0.000125721714233,-0.000303828032983,-0.000488282067097,0.000283131605501,-0.00066666892784,-0.00122811388298,-0.000312049680731,-0.000612862200138,0.000436797649436,-0.000303220110149,-0.000382710693972,-0.000276463912691,0.000422955689535,-0.000396931830648,-0.000324013700447,0.00038338780367,0.00104423291651,-0.000122015307955,0.000740594249351,0.000173340692152,0.00028812241969,-0.000236555117704,0.000492309602667,-0.000469173502852,-0.000355075021342,-0.000431756173001,0.000262877167749,-0.000203425461073,-0.00107893559013,0.000340545886874,0.000317008786842,-0.000820420590086,0.000277367336498,-0.000275222546887,0.000566807709051,-0.000497330982456,0.000386884719323,0.000424091601147,0.000161983979289,0.0004266670124,0.000295286654496,0.000471758871991,0.000480430697828,0.000392534839507,-0.000459253543401,0.000175404858318,-0.000445200927636,0.000562334035148
-0.000244738726792,0.00108633934696,-9.6979378479e-05,-0.000358374340683,-0.000299926957092,0.000398253364734,-0.000570986162402,-0.00152363372526,-0.000333229450488,-0.000643471183983,0.000550798469021,-0.000282241025891,-0.000362768098255,-0.000294835162816,0.000378196957842,-0.000441342866733,-0.000450051179875,0.000347615550596,-0.000828468457559,-0.000363312831047,0.000919366341428,4.75563490531e-05,0.000159079977159,-0.00034640340719,0.00055047182218,-0.000587761416284,-0.000449665035142,-0.000733798032826,0.000255324251396,-0.000319345099465,-0.00138083160069,0.000364382729521,0.000324705041847,-0.00066537316284,0.000643714241446,-0.000310881833446,0.0004133563174,-0.000441461549879,0.000365210550623,0.00042278324404,0.000250237924289,0.000583469986334,0.00033440300945,0.000448783543881,0.000427893343583,0.000554293860309,-0.000464483270119,0.000157734940676,-0.000492413132329,0.000682847779189
-0.00026558813594,0.00106882775853,-7.94426208006e-05,-0.000342989939796,-0.000335634674407,0.000427587985479,-0.000619522158886,-0.00155548144849,-0.000341872896964,-0.000602143118723,0.000589258375543,-0.000251688903651,-0.000345952066049,-0.000258834869793,0.000395173855415,-0.000432750444782,-0.000466151659613,0.00035594546658,-0.00077052338355,-0.000359897820305,0.000964988507615,-1.28454448439e-06,0.000207881390126,-0.000349657221318,0.00053874145659,-0.000579922186746,-0.00042113071459,-0.00070293018781,0.000250624781483,-0.000331814775427,-0.00126776649123,0.000369400177519,0.000314707431484,-0.000764642597286,0.000716403668782,-0.000291391877871,0.000414836558361,-0.000432895191299,0.000391850288153,0.000423749875989,0.000265616589243,0.000606281361565,0.000353660622675,0.000411365678908,0.000431776426593,0.000570206247164,-0.000477624308703,0.000148715847171,-0.000503614032,0.000732253708561
-0.000282631737068,0.000800506741209,-1.65156624038e-05,-0.000380555819298,-0.000532004628847,0.000357100042139,-0.000542168995867,-0.000866274206739,-0.000290296281166,-0.000647133362071,0.000655512364976,-0.000178471631756,-0.000365557957412,-0.000327026443122,0.000348671452242,-0.000184615906148,-0.000487911168014,0.000284467959398,0.00109735235756,-0.000237725813515,0.000753289451376,0.000197010114902,0.000285181304583,-0.000278262758212,0.000364841770269,-0.000447427978309,-0.000523062049978,-0.000722571155165,0.000267795752719,-0.000262053969518,-0.00111094909654,0.000189708400496,0.000276273920802,-0.000489652300778,0.000641818833571,-0.000316602572183,0.000297521458656,-0.000404294749943,0.000181344146497,0.000458650780848,0.000162542639524,0.000650739573334,0.000394581863154,0.000522333784117,0.000446013359692,0.00047610727375,-9.60193085921e-05,0.000143061609065,-0.00033812986547,0.000489780617938
-0.000267702295201,0.000878765617465,-0.000138959247397,-0.000297551741194,-0.000543832910083,0.000175090025952,-0.000651225330065,-0.00143110583363,-0.000332911320876,-0.000608917792434,0.00045997276745,-0.000265166748045,-0.000295767057907,-0.000331707351956,0.00046416715126,-0.000371788469376,-0.000484010672247,0.000284054687727,0.000869947636662,-0.000267171279452,0.000908545801206,0.000142577351048,0.000280183396954,-0.000307972457577,0.000481039002535,-0.000443505283207,-0.000375308466532,-0.00049787546323,0.000260000667849,-0.000245610554404,-0.00125894099743,0.000309373174099,0.000292613451669,-0.000684923486891,0.000633823337146,-0.000294749244947,0.00053068164139,-0.000397641167133,0.000436165539993,0.000371826326344,0.000289467154343,0.000393795271844,0.000294986174264,0.000415995845438,0.000414750190639,0.000502806383358,-0.000426011359685,0.000157403198067,-0.000336186623891,0.000585992225723
-0.00027169344783,0.00086527445153,-2.80060237506e-05,-0.000359129331668,-0.000519175950019,0.000218605267653,-0.000468409575107,-0.00150427735862,-0.000315833195494,-0.000783959076908,0.000526309362264,-0.000270804946775,-0.000366587751394,-0.000407398493029,0.000498845569632,-0.000452556517891,-0.000255374204814,0.000340292909,0.000922956690648,-0.000382515937907,0.000927690082995,-5.72088181174e-05,0.000160379078707,-0.000271898877453,0.000263875221397,-0.000499245571869,-0.000206024853821,-0.000731312882306,0.000280613528247,-0.000254562809459,-0.000953432621754,0.0003090813034,0.000350670982472,-0.000630001939918,0.000708472427255,-0.000351675429085,0.00038917897327,-0.000487155575628,0.000404970710271,0.000506743826137,0.000289289683887,0.000472579714707,0.000202259173839,0.000319320706595,0.000466583643618,0.000597179701859,-0.000486622333734,0.000194247787043,-0.000408665384712,0.000735346202554
-0.00060915647976,-0.00496959028315,0.00190277010425,-0.000684547860318,0.0066259253274,0.00156199619801,-0.00044162101704,0.00131837216042,-0.00088090291319,0.00106522225142,0.00100793944019,-0.000239843596684,-0.000585697399674,0.00140352720069,0.000109162831461,0.00385556281969,-0.000937277216794,0.000181895188631,0.00136770019866,0.00157587711928,-0.00379759009517,0.000347596811758,0.000820794110623,-0.000707690447494,0.000974526230728,0.00191665376685,0.000171165018304,-0.000503107439366,-6.93082262455e-05,-3.15641462274e-06,0.00190161503652,-0.00171802286521,0.000349536892477,0.00220354488658,-0.000686482280177,-0.000434440488583,-0.000327433556228,-0.00076634449714,0.000125942096239,0.000412893774984,-6.96888800932e-05,-0.00196991885655,0.000444731794733,-0.00133960839286,0.000932326675218,-0.000241392933871,-0.000612804763619,-0.000705052019806,-0.00116773249215,-0.000485056368093
-0.000882701874702,-0.00124423541449,0.000625236991271,-0.000439521043465,-0.00171109581107,0.00104523765681,0.000965799044358,0.00308070278216,0.000725394001095,0.00280355552999,0.000526369596301,-0.000402346589774,-0.000330840951707,0.00123069536711,0.000191188685228,0.0018948217471,0.000652374008851,0.000402774901151,0.000771966559411,-0.000117440717637,0.00117543463613,0.00140631600278,0.000804302921086,-0.000604623364996,0.00134424041357,0.00217453221563,-0.000716413108566,-0.00114820321543,0.000217650244485,-0.000187917864222,0.000610315731839,0.00171227829635,0.000531909661893,-0.00158990710274,-0.00957742221306,-0.000484023193617,0.000641323995732,-0.0020514701684,0.0011354193146,-0.000388530234939,-0.000183690573779,0.00224510610782,0.000588079445588,0.000752840923336,0.000637618752419,-0.000242678886276,-0.00109596127784,0.000709546030493,-0.000172478166478,-0.000887807579928
-0.00865834069779,-0.0218482264499,-0.00272637229063,-0.00774415022056,-0.00732349381642,0.0115762134537,0.0300514919343,0.070263188714,0.00594024954758,0.0252922819619,0.00737095481158,0.0277904590277,0.00292946962817,0.00667679594279,0.00942754771979,0.0324159043271,-0.010952926878,0.000659753639596,0.0123936441352,0.00220915102849,0.014616344199,-0.00274654975906,-0.0102755304626,-0.00451149580297,1.30757984424e-05,0.0147508084965,0.000921661022622,2.1753746717e-05,0.000773997711429,-0.00198778757653,0.0131655157927,0.0102200295787,0.00449522408276,-0.0181607197555,-0.00416851482779,-0.00198970385892,-0.00368452096126,-0.0149882755665,0.0058059997775,0.00162814250612,0.000775006202008,-0.384584091513,0.0110979805904,0.00396504545993,0.00368827898838,0.00536591713033,-0.00260900862355,0.00643457182494,0.000728692538785,-0.0256774331686
-0.000301128126778,0.00094485436955,-9.80424239796e-05,-0.000302882634142,-0.000560376393466,0.00026574807228,-0.000477540423185,-0.00117119571342,-0.000235919588452,-0.000163907268044,0.000502715083294,-0.0002509880475,-0.00031045742417,-0.00038904313133,0.000333039876729,-0.000368658611649,-0.000246526909946,0.000345534151359,-7.82150163005e-05,-0.000291752794569,0.000972559228689,5.95894754062e-05,0.0001596733939,-0.000284071866436,0.000196556141213,-0.000350570400052,-0.000366591771686,-0.000565685332991,0.0002674838604,-0.000307233275372,-0.0015319899833,0.00030366259294,0.000298912959861,-0.00086264096648,0.000367991052008,-0.000219432445186,0.000288159741364,-0.000460633925561,0.000285621280356,0.000483438345489,0.000276051481277,0.00071644506023,0.000269150789904,0.000325591390798,0.000339225352141,0.000641377573689,-0.000254864083178,0.000131444112708,-0.000438076137066,0.000820585195955
-0.00147683018273,-0.00802967732765,-0.000307804586898,0.00219764485223,-0.00354791597314,-0.00210406434331,-0.00110217060513,0.0265459403504,-0.00224258576099,0.0106225425354,0.00103168714391,-0.00372764391072,-0.000745673321773,-0.0017395254075,-0.00210123140519,-0.00414133220122,0.00279796398277,-0.00332855422957,-0.00625032979958,-0.00109061424442,-0.000511489169132,0.0059874133363,0.00134941939277,0.00896517826408,0.00306007698332,0.00389471602033,0.0206794158838,0.00353397472541,-0.00017581816604,0.00191923033175,-0.00197214858244,0.0046939026874,-0.00654651523152,0.00591834944862,0.00392689799328,0.00581628532698,-0.00126025578972,0.00100047414922,-0.00166055748289,-0.00727089045258,0.00180821415982,-0.00317418359903,-0.00471039779508,-0.000123175414296,-0.0022523374264,-0.00128684197459,0.00584632900456,-0.0013157890319,0.000251142014757,-0.0140048448078
-0.000266058198587,0.000882530420496,-3.70858022396e-05,-0.000312501485261,-0.000293416995647,0.000278366833677,-0.000544323684153,-0.00174583606296,-0.000389458923901,-0.000815112369977,0.000641292470173,-0.000269793421324,-0.000427782480445,-0.000317255112701,0.000351014523276,-0.0004377159508,-0.000339453234526,0.000317943652676,-0.000507416933843,-0.000294514223266,0.00100472586591,0.000224526322439,0.000244988350253,-0.000307674634743,0.000608506945144,-0.000403877741861,-0.00049350496402,-0.000504766764417,0.00026101084297,-0.000309848491117,-0.00178443202357,0.000489774330831,0.000376339597431,-0.000671611212538,0.000533421991759,-0.000281687909787,0.000578177265627,-0.000533376419838,0.000439174866748,0.000408003153277,0.000343732777298,0.000594844215694,0.000357254945421,0.000575720716747,0.000506962161008,0.000511654909004,-0.000363752882011,0.000159454819266,-0.000397778575247,0.000531892094033
-0.000184729734178,0.00171076110621,-0.000156107467883,-0.000380279338467,-0.000512219834061,0.000396644459252,-0.000797437728989,-0.00225758385137,-0.000104025820879,-0.000922902961636,0.000552642737079,-0.000254354574236,-0.000304472055871,-0.000368690156005,0.000602152376695,-0.000464366516444,-0.000603464626702,0.000421519289128,0.00059703569025,-0.000345118776816,0.00131732852041,-0.000485518964387,0.00013787881427,-0.00034397432727,-5.18322116776e-05,-0.00117649761982,-8.56999823098e-05,-0.000918257314369,0.000279948860745,-0.000314979288647,0.000835651026521,0.000384897946675,0.000187387068074,-0.00131504415707,0.00081495354921,-0.000287968812666,0.0005954985732,-0.000734280923838,0.000547616238886,0.000834540810157,0.000372250952228,0.00064108208884,0.000492991519702,0.000644759472166,0.00049038583574,0.000837471037871,-0.000829861961112,0.000244843974744,-0.000417633510574,0.00118059922783
0.000109668708297,-0.00227786141438,-0.00040733967298,-0.000240459535715,-0.000983419236574,0.000237918524645,0.000547291934744,-0.00325472407104,-0.000591959183117,-0.000521200473213,0.000261562813848,9.79463553598e-05,0.000316212743665,-0.000536754457226,0.00148057223254,-0.00354830771001,-0.000894240508822,0.00068713014028,-9.56034415622e-05,-0.000421457002382,0.00204856740205,0.00146894039905,-0.00123813111228,0.00039825752865,-0.00186081551859,-0.00252179596079,-0.000190978138342,-0.00127708800667,0.000256890602719,0.000213345787021,0.00736228581912,0.000130514928718,-0.000281020971045,-0.00240129093843,0.00121052736192,0.0022890158554,0.00137537889791,-6.35595828115e-05,-0.00120707354674,-0.000968782614108,0.00138680558152,0.000752057316195,-5.02581165954e-05,-9.64419310176e-05,0.000121085101115,0.00125227767793,-0.000934219550491,-0.000478752287713,-0.00018776359439,0.000840578423896
-0.000261843223445,0.000929667428098,-9.71034742008e-06,-0.000387898381227,-0.000307899449831,0.000333221388769,-0.000789269932541,-0.00168021942125,-0.000258223075349,-0.00107920542239,0.000561583185933,-0.000319915360962,-0.000380987511922,-0.000313068564366,0.00032752247987,-0.000470607854605,-0.000354917678138,0.000329475426113,-0.00040347892324,-0.000378306679168,0.000896070582433,-7.36921304994e-05,0.000253753760756,-0.000324631267616,0.000445755848591,-0.000407482476315,-0.000317616327034,-0.000743717079425,0.000265838034128,-0.000271140422505,-0.00136625978771,0.000374536844286,0.00033275370375,-0.000644237145914,0.000719687792998,-0.000436174150197,0.00068508105399,-0.000469213618396,0.000564874449026,0.000483653340814,0.000297399612308,0.000230717218672,0.000327019401632,0.000642664988955,0.000601281235537,0.00061051266964,-0.000585733879472,0.000223629010009,-0.000377078865175,0.000628080377822
-0.000267344269027,0.000772638297824,-9.88779757872e-05,-0.00034047816605,-0.000314824619181,0.000283529519564,-0.000604060257997,-0.00140377591281,-0.000352400039157,-0.000813058407813,0.000498437537661,-0.000305449050736,-0.000414437097558,-0.000292116736946,0.000361958612196,-0.000428487954234,-0.000322400948347,0.0002925836146,-9.26615994607e-05,-0.000318197979305,0.000986211837008,0.000189273502482,0.000289095620453,-0.000291217410873,0.000489111742234,-0.000434836981091,-0.000395541041224,-0.000620418768476,0.000258207376769,-0.000296768643943,-0.00145158804782,0.000374961303551,0.000314307064079,-0.000716692623216,0.000608814077413,-0.000360140116123,0.000525473236733,-0.000480433342234,0.000484301611524,0.000389690886512,0.00027815369697,0.000495162296862,0.000357484988219,0.000471696226152,0.000440937768922,0.000594084143357,-0.000445983341463,0.000210785088146,-0.000381912178085,0.000565255396345
-0.000236101266921,-0.00436421016715,0.00139841078393,0.000101011742401,0.00148140105577,-0.00400452324746,0.00117615497078,0.00163468163728,-0.000459797999259,-0.000417551942242,0.00120125955282,-0.000897082558699,-0.000773053979887,0.000198456031983,-0.00222071062844,0.000268995431773,0.00126428071343,-0.000191979084678,0.00225232046218,4.57442097208e-05,-0.00426336016448,0.00266617233214,-0.000240436950366,1.81154497139e-05,0.00181200614507,0.00258154608907,0.00251068484738,0.00124540942167,-1.55479567987e-05,-4.21041141058e-05,0.00285286161442,-0.000528467474574,-0.00013299665808,0.0046667379534,-0.00313443307638,-0.000750797215028,-0.00274822649821,0.00168142195351,-0.000835359291308,-0.00117786376289,0.000149692672573,0.0016935326201,-0.0016699687912,-0.00136704662713,0.00177998048292,0.0021163223919,0.0024274294972,-0.000678316658845,0.00115473781478,-0.00126183439305
-0.000233966019398,0.00133637296561,-4.12650935649e-05,-0.000349899601143,-0.000176070384359,0.000290544111523,-0.000847901777771,-0.00192322528225,-0.000276699758781,-0.00102101475872,0.000546875197917,-0.000285233771845,-0.000394822657588,-0.000428176972787,0.00049716248251,-0.000586170721737,-0.000524544321835,0.00030767053118,-0.00107985006761,-0.000231397881088,0.000898017467274,-0.000299472582196,0.000191570512825,-0.000328471980255,0.000238228348819,-0.000730332573804,-0.000247968596948,-0.000654891986627,0.00025951493351,-0.000291837422758,-0.00140251268012,0.000491629950156,0.000206957831341,-0.000826016986986,-0.000128180104321,-0.000267765158466,0.000502327469282,-0.000473056855195,0.000469069684888,0.00053978554792,0.00021221198684,0.000252703151002,0.000365074456999,0.000289071261889,0.000385698812888,0.000375293210654,-0.000485256507457,9.83782996281e-05,-0.000541359427166,0.000694481020038
-0.000198537154925,0.000630029636205,-5.66700243718e-05,-0.00031102934266,-0.000618637974869,0.00014886987577,-0.000503461125312,-0.00177341744862,-0.000377263233132,-0.000700467601897,0.000511894371169,-0.000266681845769,-5.14440719619e-05,-0.000334524863204,0.000493831470987,-0.00037458373681,-0.000454027956659,0.000334027158103,0.000692237887441,-0.000323421108368,0.000747075305444,0.000306529451146,0.000144731134993,-0.000306338528394,0.000469899468252,-0.000860519269115,-0.000446289783858,-0.000479831683173,0.000270151126585,-0.000291841968598,-0.0021648923535,0.000303273453286,0.000326419228466,-0.000542330345657,0.000700863670617,-0.000299365087129,0.000336635625059,-0.000553404575808,0.000512406972515,0.000356660854793,0.000252442567369,0.000329279846345,0.000322244062963,0.000519274118428,0.000424329304422,0.000470626526864,-0.00047740043464,9.02878316288e-05,-0.000453005844906,0.000493800969724
-9.12921259366e-05,-0.000471447775416,-0.000106922231218,-0.000227776837126,-0.000289967308238,0.000235349121302,-0.000285581455941,-0.00147850864493,-0.000187356421428,-0.000482774347933,0.000191474116457,-0.000207217246423,0.000166368060145,-0.00062226369232,0.000301210388182,-0.000905312969631,-0.000209495229248,0.000266006419366,-0.00324806949204,-0.000430274965991,0.000470082578672,-0.000129484682381,-3.87070426275e-05,-0.000268351220251,-0.000544709571723,-0.000986888950665,-0.000206137023832,-0.000417728073826,0.000280447166253,-7.50012082022e-05,-0.0011138006216,0.00050350704042,0.000112468014715,-0.000201660214818,0.000313772094705,-0.000199529278467,0.000407290296494,6.72288526517e-05,0.000144859634045,0.00034277239341,0.000248479893222,0.000140202295362,0.00014676575879,-0.000602091656725,-0.000322278725879,0.000266874365481,-0.000297980450107,-5.2153954209e-05,-0.000487236132008,0.000980170854252
-0.000269100651914,0.000921187479047,-9.59374998828e-05,-0.000321796362358,-0.000373294008818,0.000271762095582,-0.000489883416791,-0.00127614588839,-0.000349407367736,-0.000828968088851,0.000514181332161,-0.000262066587598,-0.000195159368606,-0.000372652397758,0.000409572859563,-0.000390984534771,-0.000290137750352,0.000315317185242,0.00101436499272,-0.000248866523591,0.000802777815853,0.000159326278958,0.000252829701947,-0.000218383463877,0.000535210429805,-0.000551464447942,-0.000334039437647,-0.000471089266952,0.000260674215374,-0.000231882179993,-0.00130560871753,0.00030077776861,0.000267638408183,-0.000568198118962,0.000500380203757,-0.000305077711814,0.00045799509356,-0.000615964584952,0.000303240840894,0.000455305230433,0.000195048079079,0.000518198076185,0.000319497375455,0.000375746132674,0.000377745278126,0.000457029056653,-0.000409225550885,0.000161963577859,-0.000434963726991,0.000493646719772
-0.000179832248205,0.000956023580449,-0.000134077235416,-0.000288832536235,-0.000500351802957,0.000238509517386,-0.000479641999067,-0.00158946556644,-0.000289228244224,-0.000514363675915,0.00055510432085,-0.000260745017086,-0.000237472853612,-0.00032126096941,0.000449348995739,-0.000409271654126,-0.000458668628974,0.000326737513178,0.000906262013484,-0.000211022813868,0.000932536079833,1.42115914657e-05,0.000227262598067,-0.00027860987242,0.00034577215541,-0.000640485128967,-0.000341888130456,-0.000462709123148,0.000258943778631,-0.000239834651801,-0.000980972449052,0.000354587485021,0.000277694795686,-0.00066920252697,0.0006097687718,-0.000229697827011,0.0005839109194,-0.000525851871506,0.000336899869408,0.000493676909059,0.00026970844098,0.00039068875148,0.00032827655305,0.000287927841006,0.000324199512588,0.000421370037872,-0.000481781871057,9.97671812191e-05,-0.000373731548245,0.000782241175756
-0.000237819997255,0.000579405939095,-0.000125241647693,-0.000329203675274,-0.00040025142683,0.000343258440176,-0.000722068188332,-0.00148957316087,-0.000344537914577,-0.000386495462579,0.000433428926254,-0.000306355450578,-0.000376183511881,-0.000342676978837,0.000210149259264,-0.000142597823234,-0.000342123227203,0.000229829197043,0.000297941776693,-0.000342923406798,0.000723848149265,0.000353564513692,-3.27218704964e-05,-0.000379963860279,0.000622280406601,-0.00022837134561,-0.000412988271911,-0.000616960081946,0.000239083298407,-0.000276143395118,-0.00137690404646,0.000418279817091,0.000386983046127,-0.000470679220489,0.000583967500792,-0.000360173407624,0.000560744909645,-0.000510203594187,0.000574723757293,0.000434580693868,0.000395518876807,0.000469404437667,0.0003938183892,0.000619180514578,0.000497258395395,0.000494034266657,-0.000707432287969,3.64179913692e-05,-0.000419098846342,0.000451575137969
-0.000215507545498,0.000935906921409,2.91267039142e-05,-0.000348305723236,-0.000352713757509,0.000311881544786,-0.000622998656651,-0.00180827465258,-0.00028797128459,-0.000802440499923,0.000707995004385,-0.000248057233522,-0.000369513882046,-0.000321058631736,0.000312925056099,-0.00041074283475,-0.000440302351489,0.00029632627724,-0.00169791493532,-0.000287032148387,0.000751128035273,-0.000159016899071,0.000177602260267,-0.000313362785999,0.000578303328089,-0.000491209091764,-0.000349908115512,-0.000737082493906,0.000256871349806,-0.000276362335635,-0.0016271345672,0.000433198332942,0.000336869695694,-0.000562854460727,0.0007948250661,-0.000276944187848,0.00044415128472,-0.000435427803188,0.000470952598523,0.000455210249455,0.000222171918216,0.000413249568746,0.000363430026081,0.000593795234823,0.00065695043669,0.000534870192357,-0.00039842126106,0.000182187440469,-0.000376408553406,0.000648124163263
-0.000285607909322,0.00074923093836,-4.72042384949e-05,-0.000330026428766,-0.000448751559008,0.000363124215237,-0.000541206797985,-0.00176517722928,-0.000312251874754,-0.00100093294853,0.000554501562209,-0.00026450751672,-0.000402009827513,-0.000297337729955,0.00027234808018,-0.000386743594064,-0.000492493821597,0.000363485745418,-0.000191995212707,-0.000205220560004,0.000845433809647,1.26577994588e-05,0.000190430425101,-0.000359011792637,0.00064211304391,-0.000417021707808,-0.000251388022738,-0.000736446761725,0.00027423079248,-0.000253540095217,-0.00154249681499,0.000346152998583,0.00036051646111,-0.000470925438108,0.00065606714131,-0.000392483568679,0.000661156950029,-0.000440400834055,0.000578482023229,0.000457691262336,0.000291909974247,0.000377308035249,0.000296263984106,0.000569647107001,0.000547522914014,0.000598463685444,-0.000615129749106,0.000111205128267,-0.000455476257673,0.000597962691941
-0.000246552703393,0.00121895462517,-0.000123246285192,-0.000423283143344,-0.000571327403252,0.000514935649827,-0.00060958666463,-0.00168375551168,-0.000338747964123,-0.000815575558683,0.000487985266056,-0.000350862275578,-0.000302930351706,-0.000234385314335,0.00028991898639,-0.00039851085659,-0.000345564169782,0.000309121733895,0.00100764039469,-0.000297649928259,0.000963454718271,1.39956204079e-05,0.000356891856825,-0.000330949025711,0.000466325416861,-0.00055176092754,-0.000333248184088,-0.00078765723549,0.000276035441338,-0.000303193507053,-0.000765813724748,0.000281476188462,0.000381421590458,-0.00108660961311,0.000592015762981,-0.00035789486922,0.00046083539756,-0.000158233707021,0.000557228851907,0.000599124587755,0.000278163952028,0.000462957628819,0.000397053028387,0.00057429044352,0.000361251735983,0.000570090637838,-0.000579065058225,0.000173200142987,-0.000522352821263,0.000732337737135
0.00197552019415,0.00426934279694,-0.00124783635907,0.00304945331503,-0.00135864207024,0.00174047835939,-0.00843972056639,-0.0102560931813,0.00195491845005,-0.00335752145319,-0.000164142905518,0.0160563909901,-0.00326433850652,-0.00425534670132,0.00502408146671,0.0027044705989,-0.00347272709371,0.00115134500317,-0.00294525515625,0.000342908056122,-0.00230476253921,-0.00714346024142,-0.00277620040768,0.0191211053056,-0.00485591028765,-0.0129623544578,0.000360736753535,0.00131311975054,0.000356623925845,0.00144140135188,0.0156996316076,0.00264844141833,-0.0101295682675,0.0110975167282,0.00413805749626,-0.00159402126799,-0.00324731481755,0.000238393709281,0.00196879446358,0.00295960794364,0.00393015923688,0.0030425434525,-0.00439440245873,0.000457165356764,0.0020910400533,0.000491012568555,-0.00131309261787,0.00205812154708,-0.00351316946086,0.00603246972844
-0.000232361374048,0.000773285313499,-6.57916610451e-05,-0.000305021791231,-0.000368009511858,0.000173869703259,-0.000371755984738,-0.00138277978605,-0.000290408958523,-0.000741692656648,0.000550720612311,-0.00032987476749,-0.000361090823967,-0.00030595595622,0.000438444950955,-0.000370953760797,-0.000338995621221,0.000294530216766,0.00100088907952,-0.000241874630647,0.000580264367821,0.00018408902725,0.00018852619612,-0.000237164704608,0.000490100295546,-0.000568522729184,-0.000368367509835,-0.000463701797903,0.000267396100893,-0.000214026742213,-0.00122275595238,0.00028693862877,0.000295290442808,-0.000645450399665,0.000545372179585,-0.000230780109337,0.000472706496473,-0.000434197580622,0.000391172143323,0.000403399418603,0.000200018120585,0.000398076003991,0.000358574382103,0.000407739580515,0.000506604994053,0.000471411986607,-0.000536587971057,0.000135163576794,-0.00047594257808,0.000746824286481
0.000374418006125,0.00715034718115,-0.000431742496621,-0.00154038093724,-0.00014871224955,0.00288991693393,0.000592061528878,-0.0102601258364,0.000134660431589,-0.000694695564931,0.000379834467661,0.000774287591416,0.00289942646395,0.00055242254629,0.00263955742473,-0.00421897678501,-0.00391475336548,0.0010149609856,-0.000822494098798,0.00196857359609,0.00350089861847,-0.00332088984402,-0.000229237668435,-0.00177967891272,-0.00546035249046,-0.0044919471208,0.00135315559057,-0.00378222171661,0.000259352420955,-0.0001632698399,0.0280272007954,0.00146027386293,-0.00147806146364,-0.00795052738958,0.00125159318393,0.000532668760553,0.00202689082935,-0.000218788229066,0.00131677964518,0.00219424421088,0.00134917637152,-0.00379767098508,0.00203105270338,-0.000309015621719,-0.000352820861127,0.00116881995955,-0.00345373718172,0.00213976116532,-0.000960594179295,-0.00334550749065
-0.000258789365521,0.00109156745895,-4.47305472629e-05,-0.000342345615949,-0.00042780280141,0.000315250937954,-0.000686885809979,-0.00229929700421,-0.000457115480002,-0.000987700459102,0.00065690718767,-0.000310314985476,-0.000536458008664,-0.000409458862563,0.000551397945449,-0.000338996982214,-0.000461024907511,0.000356041595247,0.000950267940374,-0.000404754520339,0.000961831328055,6.56424420595e-06,0.000346681855701,-0.00034723164168,0.000766444682028,-0.000546912188473,-0.000358802936147,-0.000740785821233,0.000271638853545,-0.000492397712085,-0.00207079323099,0.00043840621193,0.000299686209027,-0.000799587568248,0.000607871930468,-0.000395370491921,0.000555563679062,-0.000619906194092,0.000518302412009,0.000533481642205,0.00038464324366,0.00048234303537,0.000410877440782,0.000578079662812,0.000539134357908,0.000543896928751,-0.000530759773915,0.000159689670974,-0.000453211707343,0.000751066906175
-0.000197091919248,0.0010653515169,-0.000137050603574,-0.000368200260991,-0.000363918477624,0.000319308336535,-0.000621614833427,-0.00135439672444,-0.00024850521191,-0.000707613551094,0.000537487724034,-0.000262978604914,-0.000351312635583,-0.000416639827125,0.000419269275951,-0.000424345518993,-0.000545788743635,0.000292189391279,0.00104507641227,-0.000170643382771,0.0010774581622,-0.000100812845441,0.000238192061046,-0.000313911602969,0.000420624407048,-0.000628483927076,-0.000318273546394,-0.000708975391962,0.000267392781317,-0.000295250685456,-0.000574190455001,0.000393962626124,0.000308354178683,-0.000807847457897,0.000664856556319,-0.000337503182451,0.000572182168528,-0.000638564882056,0.000474233183983,0.000642683813779,0.000281648224633,0.000591939096605,0.000409852406951,0.000442027859981,0.00039173479582,0.00064313921816,-0.000718336152234,0.000163879660472,-0.000354065309548,0.000693637646061
-0.000145676235661,0.000387738198005,-0.000199488923472,-0.000252356616471,0.00111534126206,5.16861004536e-05,0.00494940317946,-0.00625219784124,0.000585615263777,-0.00264893421496,0.000525181133185,-0.000377396944913,-0.000877985449788,0.000305318078531,0.00124600644752,-0.00106172869361,0.000116473952734,0.000551663381519,-0.00245136911239,-0.000653925395354,0.00089079679886,-0.00197429340034,0.000478171148716,-0.000620792749567,-0.00493650184784,-0.00167124743232,0.00054193178299,-0.00108311803951,0.000378058240682,-0.000471224193171,0.00528815162695,0.00128063686205,-0.0003768803236,-0.00194752447209,0.000972403029341,-0.00021733127274,9.62924619249e-05,-0.00114745621386,0.000126766096448,0.00147488538977,0.000130491386316,-0.000788634907913,0.000504642837631,0.000670060398442,0.000417742594203,-0.000337583447695,-0.000949969348544,0.000197689587578,-0.00017700706559,3.61219633783e-06
-0.00028788886335,0.000853097940721,-0.000150242151212,-0.000340028696411,-0.000488058421593,0.000259597349975,-0.000343189480623,-0.00152236698337,-0.000291125614942,-0.000519358739801,0.00040316533331,-0.000278131993907,-0.000329459040126,-0.000334189543376,0.000488925299788,-0.000320292908372,-0.000249678146469,0.000294296188448,0.000982872788695,-0.000232474595369,0.000775653321199,-1.03447297099e-05,0.00027316241906,-0.000276505618966,0.000451550331601,-0.000503842187401,-0.000323334629225,-0.000607226211329,0.000255155666499,-0.000249659384964,-0.00130014863281,0.00022546515726,0.000310469971989,-0.000774627911756,0.000388323462397,-0.000346245927635,0.000345095611897,-0.000441807609314,0.000388896498365,0.000416314462106,0.000220745029605,0.000528402780884,0.000358263904991,0.000448573450557,0.000340213582875,0.000537442219296,-0.000355995826349,9.81660037553e-05,-0.000344060248732,0.000556562031197
-0.000224225675142,0.000726153911997,-0.000153911261584,-0.000306617993892,-0.000577711169189,0.00035460618911,-0.000457036574355,-0.00148866058197,-0.000338381506471,-0.000746634437222,0.00047210616786,-0.000301359530964,-0.00036349188929,-0.000292720652718,0.000402530690839,-0.000281663782709,-0.000383193854877,0.00027906756241,0.00102442227081,-0.000234844537427,0.000916219179697,5.81587748032e-05,0.000237945288969,-0.000279385690014,0.000449372191712,-0.000519783621166,-0.000284474282198,-0.000526038306668,0.000278738436365,-0.000253799706253,-0.0012172145697,0.000301337084028,0.000305974338685,-0.000666622811562,0.000481271562499,-0.000323255951539,0.000360630724912,-0.000489914945001,0.000394443120026,0.000358244972626,0.000345550629266,0.000488348759645,0.000300695787745,0.000372717746093,0.000304174108425,0.000579997376905,-0.000444605622323,0.000119654888119,-0.000363929499763,0.000506650176836
-0.000220311771365,0.000839727380241,-0.000118596386869,-0.000324782867339,-0.000377972827406,0.00032646091619,-0.000565131834154,-0.00143204568687,-0.000341556863574,-0.000722093513449,0.000461671175042,-0.000247830398666,-0.000389954517761,-0.000381018192275,0.000467276475381,-0.000310946656808,-0.0003624796346,0.000335021997509,0.00102572003998,-0.000274007628894,0.000884292317389,-6.36982711163e-05,0.000202472364365,-0.000256797130456,0.000469788703964,-0.000658617564473,-0.000279459567202,-0.000570012671276,0.000290012757778,-0.000255152688601,-0.00095133134454,0.00030267857816,0.00029671331069,-0.000836277659947,0.000600443082125,-0.000219723474675,0.000397082741978,-0.00024230581731,0.000341215079713,0.00055307390032,0.000284985349973,0.000556687567842,0.000376661289011,0.000451583101076,0.000388645871885,0.000277291581026,-0.0006065871135,0.000182549782847,-0.000401832721697,0.000979953293319
-0.000231781526349,0.00106594241647,-0.000117992387707,-0.000392181370311,-0.000580740547073,0.000301515876069,-0.000851412027456,-0.00170966363138,-0.000249475405249,-0.000750117378971,0.000590349908913,-0.000271122438608,-0.000240947624667,-0.000263508104051,0.00051435423827,-0.000407241442492,-0.000440586514469,0.000349375381874,0.000877687239366,-0.000323587460004,0.00103582873364,-0.000239998374994,0.000295367149006,-0.000301019396505,0.000411291923077,-0.000682008382018,-0.000277312611948,-0.000820705454911,0.000282875151506,-0.00026322748753,-0.000456465803612,0.000337102008396,0.000302209462894,-0.00083998713976,0.000761986467473,-0.000399512945665,0.000526493416295,-0.000512181829546,0.000538052638461,0.000581671566058,0.000266421481265,0.000294362760085,0.000341878663541,0.000436455513294,0.000423922223726,0.00054902080276,-0.00062777749782,0.000149672069188,-0.000478746434636,0.000733983358607
-0.000249238054942,0.000801998151111,-0.000196269749544,-0.000319125156356,-0.000357805673129,0.000318707194961,-0.000558959172322,-0.00144653772628,-0.000359627496012,-0.000648542396225,0.000393277644352,-0.00029250126247,-0.000293880785855,-0.000325148407543,0.000381410893798,-0.000352428459255,-0.000405634718423,0.000289505061438,0.000994102368189,-0.000206466797912,0.00074951637374,0.000146959685549,0.000263065225527,-0.000254517120227,0.000259499568149,-0.000583093800081,-0.00040133413252,-0.000449597322795,0.000275874587583,-0.000265443852573,-0.00127809277542,0.000381201308278,0.000332241053824,-0.00064287624365,0.000473755600426,-0.000288305883104,0.000303174909272,-0.000371621216704,0.000374836401706,0.000435908303646,0.000224848014024,0.000459678163367,0.000361158043751,0.000223823842007,0.000279542328115,0.00043734814733,-0.000363479425131,0.000105199785846,-0.000488956326089,0.000606487744044
-0.000226233224497,0.00102288279356,-0.000102078790353,-0.000349392963146,-0.000457975890768,0.00023388986098,-0.000724954045197,-0.0015896731769,-0.000202992776944,-0.000678784459058,0.000489235375433,-0.000243013662598,-0.000336993001866,-0.00028397351123,0.000505772372333,-0.000539403461321,-0.000570165957793,0.00031412644568,0.000837925741282,-0.000218539498369,0.000909630499656,-0.000111784369004,0.000198440800917,-0.000308462262661,0.000297491632873,-0.000609920569449,-0.000309248267406,-0.000596637938828,0.000258881433519,-0.000250739750038,-0.000607267480132,0.000271912388738,0.000323675635031,-0.00081867252336,0.000722352523133,-0.000213795001797,0.000566502145077,-0.000572848634363,0.00050284717404,0.000558894895507,0.000306770932178,0.000506167731277,0.000228681416041,0.000475059098334,0.000406741556001,0.000513629737988,-0.000487032938655,0.000132885188391,-0.000457131589074,0.000626922129981
-0.00135597946319,-0.00370253245423,0.000279884822225,0.00014798449182,-0.00177629008895,0.00190515367369,0.00175605900395,0.0115152273378,0.000790024944141,-0.000682813397444,0.00214050522012,-0.000387257528948,-0.000943058442811,0.00122956525279,-0.00446533981375,-0.00197056782226,0.000502513847187,-0.000732642488114,-0.0111046972999,-0.000463168152449,-0.00238397041216,-0.00337032999452,-0.00117301826418,-0.000778345282452,-0.00182622285158,0.00376787369285,-0.00096017189825,0.00184042028333,-0.000262082180049,-0.000728936843829,0.00191407225218,0.00201482426482,0.000933149379915,-0.000320775112324,-0.00993578079947,-0.000452481170663,1.18016378455e-05,-0.00228506505631,0.00108275731201,0.00217847336045,0.00243214057142,0.00181062170499,-0.000367712848046,-0.00392523958272,-0.00923794295599,0.000730737616424,0.000574417032551,0.00241270703582,0.00199304547497,-0.000410593706667
0.000649504646615,0.00985024717207,0.00142118019448,0.00323402191351,0.0227560607624,0.00591774497452,-0.00669903786739,-0.00550996246357,0.00120910685103,0.00115493940685,0.000412371081068,-0.00369062841241,0.000935713241862,-0.000686093911616,-0.0146796863468,-0.00815512284828,0.00398116142986,0.000419238485417,0.000262071699284,-0.0018655434656,-0.00383850505321,-0.00377489242515,0.00195325635171,0.00422582060519,0.00148280317933,-0.0117621722507,-0.000576204361573,-0.00126248682954,-0.000571098381294,0.00255107607841,0.00711187112719,0.0134085697944,0.00134050115566,0.00867815133292,0.00514553949213,-2.95592388212e-05,0.001082498091,-0.00258686815628,0.000361059944561,0.00213348447096,0.00156645103039,-0.00373978950713,0.000885161395483,0.00259644628605,-0.000374745582259,0.00158520272263,-0.00744759173191,0.00461702387145,0.00226522513706,0.00268565937885
-0.000274547974938,0.00138471136477,-1.01603281104e-06,-0.000341579623276,-0.000206817001071,0.000435087526852,-0.000880825242751,-0.00207248564197,-3.24050990791e-05,-0.00124471880066,0.000621036312211,-0.00026366087151,-0.000394800431398,-0.000272355869906,0.000317626937877,-0.000546264285734,-0.00052289893626,0.000340104993904,-0.00265088122929,-0.000347674563085,0.000907678107816,-0.000283583463729,0.000185686622819,-0.000417184192828,0.000245718290679,-0.00056531646378,-0.000317962769609,-0.00102661201504,0.00026408589856,-0.000294713871062,-0.00113490382294,0.000462577145678,0.000297584131178,-0.000745927836021,0.000666990386267,-0.000443021695381,0.000661719286799,-0.000601347144677,0.000698211821843,0.000626606367708,0.000370902640585,0.000161701052576,0.000413103667435,0.000738598641223,0.000617683534388,0.000593296802632,-0.00081453754617,0.000266734318821,-0.000431672536024,0.00084096851449
-0.000274288269477,0.000836754699711,-7.2482922457e-05,-0.000284163596517,-0.000341927744997,0.000335064683591,-0.000683183982321,-0.00157225471847,-0.00036992404321,-0.000672639368833,0.000500187942852,-0.000225193955744,-0.000404325742572,-0.000396729053073,0.000362954238456,-0.000567285170372,-0.000358615421105,0.000294627422983,-0.000133144187972,-0.000324794324264,0.000798580284298,0.000294740905686,0.000244151895858,-0.000313597289038,0.000433707848018,-0.000529149957426,-0.000401654861981,-0.000663041773824,0.000254658601433,-0.000301932359921,-0.00171497862397,0.000442508611878,0.000260086199844,-0.000496022076829,0.000633233479095,-0.000334984018639,0.000488391561927,-0.000519749163543,0.000384637127656,0.000401745632334,0.000280431068663,0.000470001174957,0.000335720022872,0.000558519310263,0.000358106827933,0.000479793995776,-0.000409294647021,0.000115631809782,-0.000452742109408,0.000573046027015
-0.000282981991714,0.000810496643146,-0.000131958323965,-0.000267568536388,-0.000550392758946,0.000202671616204,-0.000335437111197,-0.000956659585561,-0.000328960611901,-0.000495677614361,0.000484132896933,-0.000275835223343,-0.000305640222097,-0.000270538476103,0.000427588097728,-0.000335623531374,-0.000386112657996,0.000266665317511,0.0010385059984,-0.000243004551093,0.000568215316449,0.000146739589267,0.000167412138568,-0.000298524518815,0.000327182266938,-0.000401138124513,-0.000301552684411,-0.000346254893481,0.000252429912596,-0.00028526980118,-0.000954353339415,0.000249976985279,0.000294532876975,-0.000524505645868,0.000454999287895,-0.000241248785674,0.000441099611553,-0.000505787477275,0.000397843857743,0.000395471098169,0.000226131820015,0.000465681033761,0.000463454695417,0.000248019324529,0.000370167614161,0.000566405109031,-0.000429014796239,0.000129077276588,-0.000371946664338,0.00058028435283
-0.000176940305855,0.000914728539045,-0.000162402217368,-0.000332194574867,-0.000569089821396,0.000389225839507,-0.000488331459271,-0.00148374835003,-0.000266442328062,-0.0006903275357,0.000480918617613,-0.000257665224943,-0.000395026705541,-0.000317735691485,0.000554874274235,-0.000499401211363,-0.000290482412568,0.000343090375057,0.00097513282287,-0.000253639064187,0.00087425338165,5.30987060948e-05,0.000184879155306,-0.000298269488967,0.000392930068904,-0.000642551710763,-0.00027722405839,-0.00065127268538,0.00026248553841,-0.00023781376948,-0.000647564408396,0.000297718558693,0.000243443394421,-0.00079502547593,0.000709417601954,-0.000357026181574,0.000477852933904,-0.000592721419301,0.000528058426464,0.000517183762322,0.000331430030079,0.000529890613306,0.000300600425291,0.000569997177203,0.000444704107229,0.000549642698776,-0.000417548109149,0.000139301296943,-0.000385964176602,0.000687433123095
-0.000223337477046,0.00101319557211,-0.000214884445036,-0.000334660186042,-0.0006739227546,0.000242523705615,-0.000586231183185,-0.000973727787353,-0.000206077342601,-0.000633666779825,0.0004648304365,-0.000291077930786,-0.00026608408397,-0.000400267005259,0.000452296145319,-0.000456956118723,-0.000534678079481,0.000331437929514,0.000949557723348,-0.000257219597464,0.00113050305484,-2.62299533818e-05,0.000138113769156,-0.000195503940582,0.000248066677739,-0.000777177184883,-0.000400925910721,-0.00070334641982,0.000283888759231,-0.000292021090147,-0.000214840610883,0.000306939571933,0.000355655161493,-0.000933142537395,0.000648964097265,-0.000270886294728,0.000455334782779,-0.000484014022923,0.000503204475393,0.00059806567285,0.000362603374042,0.000957765526411,0.000371731235566,0.000482413134377,0.000382341599057,0.000754602459043,-0.000546444878341,0.000155504013421,-0.000485375577421,0.000820820560028
-0.000258789365521,0.00109156745895,-4.47305472629e-05,-0.000342345615949,-0.00042780280141,0.000315250937954,-0.000686885809979,-0.00229929700421,-0.000457115480002,-0.000987700459102,0.00065690718767,-0.000310314985476,-0.000536458008664,-0.000409458862563,0.000551397945449,-0.000338996982214,-0.000461024907511,0.000356041595247,0.000950267940374,-0.000404754520339,0.000961831328055,6.56424420595e-06,0.000346681855701,-0.00034723164168,0.000766444682028,-0.000546912188473,-0.000358802936147,-0.000740785821233,0.000271638853545,-0.000492397712085,-0.00207079323099,0.00043840621193,0.000299686209027,-0.000799587568248,0.000607871930468,-0.000395370491921,0.000555563679062,-0.000619906194092,0.000518302412009,0.000533481642205,0.00038464324366,0.00048234303537,0.000410877440782,0.000578079662812,0.000539134357908,0.000543896928751,-0.000530759773915,0.000159689670974,-0.000453211707343,0.000751066906175
-0.000249886214386,0.000875605514321,-7.45610541949e-06,-0.000344381050049,-0.000523966521631,0.000372293876558,-0.000565696907258,-0.00144150878065,-0.000344470387608,-0.000616064217342,0.000557671359356,-0.000332746567862,-0.000357557866684,-0.000326971844244,0.000441740547217,-0.000398208232471,-0.000413308894306,0.000321836233345,0.000942347158402,-0.00025777079017,0.000982617998118,0.00013504645851,0.000244992394661,-0.000297870648924,0.000417500039243,-0.000476249973699,-0.000301728220375,-0.000568331738726,0.000253288296851,-0.000252651603251,-0.00108737784359,0.000237225735989,0.000324342017113,-0.000694153662428,0.000501372043451,-0.000322949940065,0.000469524239725,-0.000421833021078,0.000401842341597,0.000402425246705,0.000326162221855,0.000355735464536,0.00035807926309,0.000400287017973,0.000402409766501,0.000560532845568,-0.000305651514747,0.000153959516523,-0.000444615502849,0.00061205144891
-0.000258789365521,0.00109156745895,-4.47305472629e-05,-0.000342345615949,-0.00042780280141,0.000315250937954,-0.000686885809979,-0.00229929700421,-0.000457115480002,-0.000987700459102,0.00065690718767,-0.000310314985476,-0.000536458008664,-0.000409458862563,0.000551397945449,-0.000338996982214,-0.000461024907511,0.000356041595247,0.000950267940374,-0.000404754520339,0.000961831328055,6.56424420595e-06,0.000346681855701,-0.00034723164168,0.000766444682028,-0.000546912188473,-0.000358802936147,-0.000740785821233,0.000271638853545,-0.000492397712085,-0.00207079323099,0.00043840621193,0.000299686209027,-0.000799587568248,0.000607871930468,-0.000395370491921,0.000555563679062,-0.000619906194092,0.000518302412009,0.000533481642205,0.00038464324366,0.00048234303537,0.000410877440782,0.000578079662812,0.000539134357908,0.000543896928751,-0.000530759773915,0.000159689670974,-0.000453211707343,0.000751066906175
-0.000261261293397,0.000860282329061,-4.08579143481e-05,-0.000311878930031,-0.000408036328979,0.000344940850054,-0.000500200837904,-0.0014009268627,-0.000355009692755,-0.000583921221283,0.000509242143481,-0.000248626943941,-0.000315816821552,-0.000370701484527,0.000512665820399,-0.000272780432452,-0.000450214537175,0.000311051716309,0.000946251375218,-0.000275475010102,0.000684492490441,0.000161545419646,0.000282639437242,-0.000275301085848,0.000492391519388,-0.000524809107372,-0.000271573435509,-0.000672810486299,0.000255288958625,-0.000242206613578,-0.00113941970923,0.000304101581328,0.00032946251754,-0.000591489856529,0.000579830555232,-0.000288982946355,0.000392086715571,-0.000477641221485,0.000518531226778,0.000471325323804,0.000284462049889,0.000434435430115,0.000357770707077,0.000501712971049,0.000370837177763,0.000652551112727,-0.000535206788353,8.29240704451e-05,-0.000433475611788,0.000604166650445
-0.000248426088524,0.000948265894101,-8.68783164433e-05,-0.000368741467083,-0.000431484688128,0.000310015559985,-0.000445896295206,-0.0011216253788,-0.000328517673676,-0.000809002439882,0.000494421939554,-0.00027397505096,-0.000298046332911,-0.000329564274316,0.000517223527314,-0.000434783949148,-0.000294530722398,0.000330372257177,0.00100801331449,-0.000193330275255,0.000771771216529,3.8296201141e-05,0.000211230991161,-0.000210878587225,0.000568443745578,-0.000450953900099,-0.000329296831207,-0.000561222221178,0.00027288756729,-0.000244467081593,-0.0012209924713,0.000239443662726,0.000326267004947,-0.000627416191022,0.000560171008545,-0.000241261322782,0.000481703529495,-0.000428183197851,0.000496443972922,0.000471662576362,0.000345321757576,0.000410521997907,0.000415799881376,0.000469262400262,0.000469266489067,0.000391969554947,-0.000454654469233,0.000124543434249,-0.000460421763343,0.000594892265627
-0.000256260526312,0.000784479844689,-0.000148430141747,-0.00033345378779,-0.000453690457396,0.000265998542397,-0.000465372981744,-0.00130089136151,-0.000350028275213,-0.00069670068698,0.000446866802677,-0.000279597746804,-0.000285998135726,-0.000369174897158,0.000459316791741,-0.0004656338998,-0.00044594409719,0.00028833520419,0.000997715743239,-0.000251846135944,0.00079890051617,5.33873004239e-05,0.000191377628376,-0.000250105444398,0.000390011812904,-0.000473758932026,-0.000351795860607,-0.000497126672106,0.000271294398558,-0.000250705659181,-0.00118608415073,0.000293816893622,0.000298168253573,-0.000549494672767,0.00051668924939,-0.000275387594973,0.00054928001248,-0.000460585211789,0.000337167043733,0.000552754761324,0.000290233260522,0.000513354189811,0.000368812393934,0.000498018597726,0.000339170091129,0.000470254727481,-0.000442961314344,0.0001629532664,-0.000358917132974,0.000598342541847
-0.0011524103544,-0.000802142807559,-0.000273190171981,-0.000484978022603,-0.00139324988317,0.000445929616135,-0.000297521660179,0.00875693739151,0.000672974520547,0.00199885587844,0.00103573111805,-0.0001059027646,-0.000470476622413,0.000313717608306,-0.000343965935397,0.00109769854144,-0.000222311785303,-0.000160761152675,0.000920042918831,-0.000209224683452,-0.000452020560375,0.000947686571824,0.000828540776117,-0.000809534097897,0.00113305334608,0.00410147038636,-0.00086671357793,0.000151463303735,0.000152902182969,-0.000416555299514,-5.0815979645e-06,5.3650654708e-05,0.000782527728225,-0.000477031086988,-0.00188669808473,-0.000148551671823,0.000261109090008,-0.00156046318877,0.000277398572608,-0.000296771851916,-0.000799047935099,0.000282437953467,0.000910671497945,-0.000149621670747,0.000462396602394,-0.000114584667991,0.000813565889859,0.00184864887316,0.00259765549512,-0.000524151168457
-0.000260344701429,0.000938136724422,-0.000107263178402,-0.000273315855707,-0.000477649516828,0.000347537484353,-0.000658104302925,-0.00164023324136,-0.000338867108853,-0.000697761617535,0.000527687023357,-0.000275227559295,-0.000328509578483,-0.000282623350506,0.000432357046441,-0.000447743868849,-0.00043909692029,0.000308807247709,0.000880735171816,-0.000330710039234,0.000857044021468,5.88768781372e-05,0.000259410454346,-0.000306767703309,0.000538012314258,-0.000546861108618,-0.000361611746667,-0.000623186216807,0.000265264153604,-0.000256662059174,-0.000821667030229,0.000302513741215,0.000300454571621,-0.000712443285392,0.000693576549221,-0.000269771978454,0.000498610659957,-0.000544723447192,0.000446074829547,0.000452366413286,0.000356305330199,0.000678015036034,0.000211874964124,0.00045310424385,0.000419428302148,0.000523921435687,-0.000388164957915,0.000140577824856,-0.000511474116592,0.000629318955388
-0.000222796279411,0.00109657954946,-5.35202407388e-05,-0.000305491638457,-0.000589964277345,0.000357797793833,-0.000728828177124,-0.00192141103202,-0.000347966043357,-0.000534314480095,0.000437801450883,-6.55139033144e-05,-0.000253545392669,-0.000385188161377,0.000320048066143,-0.000866733259495,-0.000412604988011,0.00030617123303,0.000914947922324,-0.000138545343736,0.000954759656414,-0.000253209882723,0.000296338464377,-0.000294879752826,0.000202727404326,-0.000546827642263,-0.000247876552895,-0.000518956904447,0.000269002639057,-0.000199735379121,-0.00012156876213,0.000257951778395,0.000248623093705,-0.000845961878548,0.000518502954074,-0.000310146314767,0.000641802663326,-0.000393613010439,-6.78783964281e-05,0.000734880712671,0.000342800733786,0.000589703743733,0.000198601395437,0.000482540985452,0.000441635573034,0.000496909896456,-0.000417305969643,0.000182378679891,-0.000452538398932,0.000690802308674
-0.000217586065841,0.00102544840309,-8.12471866868e-05,-0.000352849498525,-0.00039789903625,0.000306504781644,-0.00046414043471,-0.00144645047733,-0.000244811450728,-0.000889928551358,0.000564104440025,-0.000293495483122,-0.000397572496858,-0.00041998725318,0.000552575613714,-0.000341583498451,-0.00040523003105,0.000329174403194,0.000944941925533,-0.000282996634295,0.000827503574048,-3.42100804585e-06,0.000217690523665,-0.000277487146142,0.000402884702914,-0.000591075688963,-0.000347549878595,-0.000506777519424,0.00027041047082,-0.000257939041421,-0.00111116249243,0.000304793033057,0.000332417036811,-0.000630552780829,0.000449760166948,-0.000243956935857,0.000432760539501,-0.000447349961055,0.000502144388699,0.00044962676704,0.000267932384794,0.000467229638854,0.000333012607496,0.000396200682235,0.000510522578317,0.000518178899494,-0.00048432491029,0.000124972490911,-0.000303863888227,0.000698157272503
-0.00275684431022,-0.0116291059179,0.000591606767181,-0.000915957859131,0.000589745508508,0.00282265810901,0.000536229667163,0.0297940675553,0.00302257664298,0.00689570496199,0.0031221286558,1.11887123478e-05,0.000195907809714,0.00173065896448,-0.0054486485741,0.00283734061957,-0.00320378650816,0.000549239686306,0.000827817309197,-0.000156239151873,0.00150077268817,0.000994164727712,0.00117472012837,-0.000774288410154,0.000653014277168,0.00928273631284,-0.00241982530646,-0.000552262333674,-0.00120314835111,-0.000381779783241,0.0048056744854,-0.00477509542476,0.00145939942289,-0.00194079326253,0.00157601503949,0.00324538877563,0.000869054700253,-0.00211124650203,-0.00131699141904,-0.00217702776792,0.00206792581838,0.00169947014445,0.00216101774362,0.000707798042534,-6.15671220289e-05,0.00164969833988,7.89870706855e-05,0.00238154640771,0.00226970153548,-0.00253754940471
-0.000240699341351,0.0008502878194,-0.000123506204928,-0.000345006802863,-0.000473263512363,0.000202460899042,-0.000565797373428,-0.00151192028913,-0.000340699147699,-0.000670199064558,0.000548899969533,-0.000298518260134,-0.000332538913147,-0.000299956304285,0.000391734612188,-0.000332691869737,-0.000401811590998,0.000354122710689,0.000973759986285,-0.000271047913927,0.000765377426813,-1.65353653112e-06,0.000300415876257,-0.000185351453674,0.000410148318186,-0.00054900530564,-0.000363368912342,-0.000502538116651,0.000254268068732,-0.000249410542833,-0.0010543936187,0.000371533565719,0.000289168854651,-0.000617134915106,0.000590669924267,-0.000274300578232,0.000480560476416,-0.00045442079639,0.000501919190618,0.00057800036873,0.000315802631177,0.00059961744135,0.000297409765453,0.000485935727171,0.000373794118725,0.000558810784209,-0.000495022356861,0.000143128951577,-0.00044332472464,0.00075486865627
-0.00027904216951,0.000955500922652,-8.11005989178e-05,-0.000332564397248,-0.000541073671684,0.000315992534343,-0.000594404079904,-0.00142290503792,-0.000365855945688,-0.000484623416082,0.000516869373209,-0.000296883680635,-0.000301405935886,-0.000233830707938,0.000512368882023,-0.000427014818197,-0.000288545691031,0.000314139656563,0.000965952364839,-0.000178190385492,0.000842699222479,0.000228675218709,0.000198278649088,-0.000245407631204,0.000457423276587,-0.000460278900939,-0.000281229304375,-0.000567501703892,0.000269844002463,-0.000239735954291,-0.00110619700588,0.000415396086272,0.000301336908586,-0.000586049873835,0.000562914796019,-0.000305995301972,0.000537443920398,-0.000447821210237,0.000430494999287,0.000416551481574,0.000314730955235,0.000585709409891,0.000362003208073,0.000429148098267,0.000455111013949,0.000455892522623,-0.000461881105016,0.000100412987436,-0.000458326721443,0.000636548112852
-0.00160966264358,-0.00972783924314,-0.00019886027324,-0.00031644091572,-0.00239022367899,0.00190804380179,0.00684404218332,0.0173025081645,0.00117048123809,0.00642108494169,0.00128711104576,-0.000638776826,0.00153984476441,0.000405736422168,-0.00461133731419,0.00824488076099,-0.00126228024873,-0.000357999134206,-7.42372295106e-05,0.000761626765851,-0.00112543922198,0.00209773557816,0.0015546356542,0.000463687323,0.00187334401832,0.0052347478511,-0.00208715014504,0.005702211414,-0.000220081526782,-0.00103635706898,0.00065370934089,-0.00217027069914,0.00170326101455,0.00341692833154,-0.00608739715343,-0.000517665978881,-0.000667897990403,0.00016216693955,-0.000388318777537,-0.00240870849558,-0.00184179329267,-0.00247769377969,0.00116683297902,-0.00681047419776,-0.000325438484087,-0.00243397108781,0.00510077599378,0.00119098460746,0.000218627088311,-0.00404133031264
-0.000277514262384,0.00110793599221,-9.94428355031e-05,-0.000422334610816,0.00059470658232,0.000233161499374,-0.00165671779301,-0.00127392593616,-0.000357747800768,-0.00189402264164,0.000571661814379,-0.000589487322677,-0.000585646306763,-0.00032865699339,-6.31166571044e-05,-0.0013393846464,-0.000342965330802,-0.000844218600411,0.000783755519988,-0.000502923190331,0.000295682003511,0.000850947107871,0.000533062719767,0.00044465734361,0.000343652701735,-0.000772457343539,-0.000277648703977,0.000771469808247,0.000303826109808,-0.000239209387726,-0.000615801434125,0.000760896470297,0.000349296775583,0.000110712604437,0.00110719581096,-0.000450334450708,0.000674080535626,-0.000680435160272,0.000708370280234,0.000293806037824,0.000412920376023,-0.000819164924994,6.36581425467e-05,0.000990184207635,0.000480606598192,0.000759497435045,-0.000272313797952,0.000118002771318,-0.000460294845624,0.000499993821462
-0.000238326983061,0.000805827896333,-0.000107016583205,-0.000314277657656,-0.00048300823681,0.00032538079664,-0.000487371852347,-0.00117456157115,-0.000309270123265,-0.000583339115604,0.000459687528648,-0.000280672658605,-0.000412504326725,-0.000237722791057,0.000406520696275,-0.000331546477132,-0.000371240798287,0.000308096083267,0.00106598241768,-0.000206764712145,0.000821352133242,0.000103793480051,0.000279267232765,-0.000248767747177,0.000445030179034,-0.000490390364001,-0.000342041184423,-0.000508076879807,0.000262671410797,-0.000246102912554,-0.00126137319266,0.000355584427835,0.00034421794067,-0.000559197768667,0.000518164212533,-0.000242607474171,0.000429476754004,-0.000572936191874,0.000454971854985,0.000444486950823,0.000333012677744,0.000461511234976,0.000347945297417,0.0003319003465,0.000377163469416,0.000439678207469,-0.00038963545369,0.000159997097763,-0.000479045242744,0.000459664110767
-0.00025649287645,0.000834628802366,-0.000127981600116,-0.000309230085055,-0.000462651613579,0.000277440460539,-0.000491229263731,-0.00151712700878,-0.000368720977734,-0.000527839300802,0.00047627819101,-0.000217480416229,-0.000282008465237,-0.000330043837657,0.000442096453438,-0.000385046983892,-0.000416188895086,0.000284249403296,0.000892829337374,-0.000305404807102,0.000669805388401,0.000127323727213,0.000177229222809,-0.000301946414067,0.000398049894277,-0.000411651240661,-0.000392929601113,-0.000528577628845,0.000263725997439,-0.000238847299665,-0.0011973949611,0.000227442786475,0.000320576572288,-0.000631737114593,0.000594575175893,-0.000293242145533,0.000487151174287,-0.000486287352641,0.000387740042008,0.000409828541025,0.000208872678187,0.000495496462017,0.000347973830442,0.00036919989855,0.000266233483471,0.00050189192304,-0.00036483454541,5.06982105384e-05,-0.000364632346043,0.000635262808506
-0.000194101999752,0.00106989935133,-0.000113901822387,-0.000325365693126,-0.000512216731185,0.000359653283273,-0.000604876465092,-0.00168755762118,-0.000282061643332,-0.000827883230237,0.000495608408496,-0.000270856587376,-0.000370000303335,-0.000268442825927,0.000537136868153,-0.000429312391186,-0.000330553182831,0.000308123507934,0.000921498468669,-0.00025829241623,0.000917251297977,-5.93930171445e-05,0.000314394944735,-0.000288510818948,0.000377468446748,-0.000633320678727,-0.000377457658975,-0.000669235596296,0.000266889119022,-0.000258285272288,-0.000666082659863,0.000355432911111,0.000291570529898,-0.000781139118027,0.000646622199813,-0.000311833422873,0.000735786788021,-0.000493269584738,0.00046778143262,0.000554649951255,0.000293675161565,0.000452145384563,0.000278571660553,0.000370233752374,0.000402542547357,0.00057517150387,-0.000590898159089,0.000113672851232,-0.000472742035896,0.000731937027734
-0.000255800271038,0.000791208303835,-0.000160820688373,-0.00034606031677,-0.000454372707975,0.00022727039844,-0.000386085578805,-0.00148383367852,-0.000330319323626,-0.000647407176644,0.000463527391584,-0.000275833775507,-0.000276504304341,-0.000271654266667,0.00046385131168,-0.000405186053144,-0.000378758529404,0.000284407078934,0.000960965820805,-0.000262104885826,0.000919204661843,0.000116132066391,0.000221709028385,-0.000246994258967,0.00038192591152,-0.000465272461061,-0.000397240824489,-0.000402388067136,0.000266408425415,-0.000247086612623,-0.00122106379156,0.000264247772405,0.000336197340714,-0.000664987179824,0.000571850549145,-0.000301030554433,0.000517717263596,-0.000423911489952,0.000428413330873,0.000444862023883,0.000321560354294,0.000510154332535,0.000349388712643,0.000347271929659,0.000455762171007,0.000494126572026,-0.000306256817467,0.00015037447117,-0.000333640934944,0.000521104107655
-0.000258789365521,0.00109156745895,-4.47305472629e-05,-0.000342345615949,-0.00042780280141,0.000315250937954,-0.000686885809979,-0.00229929700421,-0.000457115480002,-0.000987700459102,0.00065690718767,-0.000310314985476,-0.000536458008664,-0.000409458862563,0.000551397945449,-0.000338996982214,-0.000461024907511,0.000356041595247,0.000950267940374,-0.000404754520339,0.000961831328055,6.56424420595e-06,0.000346681855701,-0.00034723164168,0.000766444682028,-0.000546912188473,-0.000358802936147,-0.000740785821233,0.000271638853545,-0.000492397712085,-0.00207079323099,0.00043840621193,0.000299686209027,-0.000799587568248,0.000607871930468,-0.000395370491921,0.000555563679062,-0.000619906194092,0.000518302412009,0.000533481642205,0.00038464324366,0.00048234303537,0.000410877440782,0.000578079662812,0.000539134357908,0.000543896928751,-0.000530759773915,0.000159689670974,-0.000453211707343,0.000751066906175
-0.000220176057057,0.000618054417656,-8.46293076995e-05,-0.000323717268258,-0.000360565536683,0.000144237489281,-0.000498152621059,-0.00149164699065,-0.000329419892917,-0.000598895407909,0.000504930037474,-0.00027946615214,-0.000426897521487,-0.000229517632476,0.000444443259814,-0.000423322672622,-0.000373788650379,0.000294950521411,0.000947792698233,-0.000232233308418,0.000792561749651,0.000253848471468,0.000266858943032,-0.000264744407643,0.000397509725854,-0.000509404985123,-0.000468538141988,-0.000469041237898,0.000267329560202,-0.00024806557828,-0.00123573513421,0.000363104158352,0.000334036956037,-0.000670617812379,0.000471674360572,-0.00027745613264,0.000533473485385,-0.00049039136581,0.000409119644599,0.000370297209205,0.000287668950605,0.00055341504065,0.000343984103333,0.000467405601863,0.000366791670586,0.000515414240782,-0.000371402464656,0.00016422079745,-0.000409592106887,0.000686985124819
-0.000202987303287,0.000793352388515,-9.82625395194e-05,-0.000336698051051,-0.000550878015519,0.000298061363632,-0.000460287794018,-0.00144129011701,-0.000252705987029,-0.000676822511338,0.000482699117975,-0.000253303674163,-0.000344550530518,-0.000348090111373,0.0004805829064,-0.000462214810451,-0.000418430301942,0.000327544049471,0.00100337831754,-0.000262540651958,0.000830997666931,8.12568279237e-07,0.00018182730471,-0.000287961622518,0.000328251842037,-0.000511269387276,-0.000323409945378,-0.000622825806015,0.000269885384088,-0.000265840083651,-0.00102237944551,0.000321313674916,0.000332910270825,-0.000793773419115,0.000598892808007,-0.000346073094026,0.000430965831295,-0.000511416827184,0.00033104216466,0.000572926781007,0.00021206261791,0.000467095931853,0.000288519709815,0.000323901878078,0.000363290304018,0.000608942064942,-0.000343416547127,0.00018178935302,-0.000388705431118,0.000658143592715
0.00181181242573,0.00361069427125,-0.00120324210484,0.000264897740607,0.00461710034587,-0.0013786511295,-0.00255175917531,-0.0013629103583,0.000653889493877,-0.011953405506,-0.00135964020799,-0.00226703941132,-0.00169557412396,-0.00114815364208,0.00302446126219,-0.00829271489422,0.00369217358919,-0.00982901564387,-0.00136489053487,-0.00171710673806,-0.00581436442119,0.00345312671159,0.00274971122723,0.00167660448734,-0.00187136377517,-0.00543513267144,0.00625964916828,-0.00189378823432,0.000587841500248,0.00192284691128,0.0123281332372,0.00765804869685,0.000875269971252,0.0066717076174,0.00345030168602,-0.00029725707387,0.00180711139411,-0.00106090776581,-0.000258190666708,-0.000179926467881,0.0010607409875,-0.00227882137915,-0.00126584501186,0.00203065531927,-0.00243347873646,-0.00164737297111,0.00714677051197,-0.00061846560762,-0.00109202442401,0.00239260726821
-0.000220404076392,0.000586478664959,4.84462777262e-06,-0.000273176305434,-0.000553949900037,0.000286023196217,-0.000294097446267,-0.00064183448349,-0.00022783771625,-0.000448902307692,0.000586516408005,-0.000248482014354,-0.000448916310272,-0.000279719829083,0.000372811070187,-0.000173139594208,-0.000331254433165,0.000237134880845,0.00111840840669,-0.000302337370626,0.000877998128925,0.000257078299381,0.000215293436513,-0.000283297450483,0.000448465271527,-0.000216786277161,-0.000363997821019,-0.000444651655651,0.00024997856283,-0.000250768202358,-0.00111546772907,7.54668969036e-05,0.000329767370677,-0.000650805767132,0.000546139264929,-0.000320418604109,0.000644384113673,-0.000307608985351,0.000247899671275,7.44160609375e-05,0.000126876371255,0.000475557585872,0.000328119821339,0.000416193310177,0.000601155398016,0.000487334822069,-0.00019545676098,0.000136531933031,-0.00037593069759,0.000421564707706
-0.000243949169769,0.000798433661293,-2.82729680958e-05,-0.000318746741846,-0.000620411368723,0.000343485115044,-0.000696563633993,-0.00151608296394,-0.000343264233036,-0.000639453629397,0.000529181982757,-0.000291270540082,-0.000310291407244,-0.000410765084005,0.000456319392091,-0.00038251742093,-0.0003559897378,0.000315912510805,0.00105720190041,-0.000204189911652,0.000834059734815,2.37988515909e-05,0.000231050775945,-0.000219316186701,0.000287906282524,-0.000501908646985,-0.000375972684692,-0.000539960027677,0.000261310885495,-0.000256962134876,-0.00110149506539,0.000339723183348,0.000251796100432,-0.000685316300291,0.000552663792655,-0.000298110734794,0.00051652718133,-0.00047458335777,0.000419781373693,0.000489042433201,0.000294932447037,0.000391523633001,0.000278284050334,0.000470252083523,0.000374427631386,0.00038497234582,-0.000472493066257,0.000141543561682,-0.000405821809025,0.000651434534347
-0.000284873037294,0.000878123472707,-0.000118822769516,-0.0003123424648,-0.000442863880036,0.000331043046424,-0.000870211190989,-0.00117392771776,-0.000259682401643,-0.000357486998757,0.000676972944514,-0.000358953851207,-0.000479390391169,-0.000144545573024,0.000522299032519,0.00076024270567,-0.000632829370068,0.000359643641129,0.00097954446333,-0.000281432732255,0.000952312526328,-1.0645002633e-05,-5.82290763255e-06,-0.000305166560568,0.000420189717844,-0.000480883502693,-0.000356083515111,-0.000820983513479,0.000291984973473,-0.0002726414427,-0.000489314689151,0.000384756772314,0.000349385259767,-0.000973790446683,0.000658306818345,-0.000314653834972,0.000656970547081,-0.000577161743601,0.000480250366994,0.000528962326314,0.000363841657293,0.000425468238377,-0.000449436339428,0.000414066012997,0.000611605865603,0.000483881387197,-0.000708447802071,0.000103814910739,-0.000553026071542,0.000627604442302
-0.00030544053397,0.000697465373652,-8.17701209279e-05,1.95543496599e-05,-0.000564466149365,0.000128906917116,-0.000817865796182,-0.00126946736646,-0.000406850894534,-0.000674342971415,0.000598721409506,-0.000514405094772,-0.000408951179921,-0.000350827648928,0.000672343687515,-0.000344438966393,-0.000158262493366,0.000336976842667,0.000194107003549,-0.000267052224001,0.000553982468266,0.000203352494084,0.000383408764614,-6.19913847373e-05,0.000342764629615,-0.000537643628455,-0.000446555897109,-0.000529993669236,0.000269768786405,-0.000326042631904,-0.000665488587541,0.000385043509747,0.000348001185073,-0.000451893327464,0.000355710150702,-0.000114941199367,-6.22353035146e-05,0.000674700364144,-0.000702789897195,0.00020467376731,0.000458273412317,0.000122439932756,0.000172344291066,0.000346412795148,-8.06255637595e-05,-0.00104546640818,0.00162662554469,0.000126014339977,-0.000605177522805,0.00101347927485
