Component 1,Component 2,Component 3,Component 4,Component 5
-108452.86283139058,-65916.74291815201,78856.33880603428,10790.263329150019,6329.20639145148
-112961.29134740322,-66565.28140598693,80035.2061937845,10766.021429826606,5953.843845508223
-112111.98064524573,-66795.07231645637,80394.56236195996,10317.124241980602,5712.560898077309
-110253.05405190711,-66024.73770750454,79303.28477760554,10541.516620896788,5968.903542645608
-112952.34546053395,-66946.11751411548,80426.97965587575,10932.97175014293,5956.913407975943
-112386.72195865992,-66352.65083554931,79637.21683338772,11192.346939327454,6114.271328152867
-111927.48161830893,-66462.6111575358,79317.2358503109,10322.975292711133,6000.561681508318
-112657.73645032763,-65979.06844393455,80178.499397599,10709.637990598785,5589.94529411009
-112459.20967648162,-67060.200675715,80689.9235157393,10217.683588455193,5963.498829900925
-111138.78384033826,-66627.32318529117,79771.397205778,10108.417967070971,5652.188061376049
-114656.60817205867,-66812.28512432762,80572.02322336209,10406.39993977317,5915.42729376937
-121159.28174007373,-66851.26077871816,80756.45578863185,10161.945032472488,5754.660380953367
-127698.92861241005,-69301.32497483387,84680.69807954313,10506.119820256092,6172.044530787918
-118616.22392344133,-58130.18661036373,67857.85882978026,4481.586102196646,3417.6220297125424
-94600.59385711674,-45374.5122956005,52040.52935997366,15753.923889012412,1449.0618426454341
-110454.06366341143,-65900.29440889596,78597.8656298931,10267.163546200725,5720.973047524222
-115913.26708363977,-67390.79683562258,80890.06733715741,10485.80300288868,6007.780204554691
-23887.587444940054,-20857.682795897163,8003.32910158399,-20544.39823762535,6650.252136477147
-111263.18878754559,-65797.46549271804,79134.43478400793,10419.99131505532,5854.588257503284
-112409.48342273096,-66429.1479684175,79657.67593863384,10643.384717061492,5870.921245826536
-75053.2947464978,-53474.421260984134,57739.08431847951,3690.9310861577173,3450.4830987630567
-112355.16797528836,-66413.98383038458,79836.61540959757,10245.454980834025,6420.415423861607
-97896.88371486182,-33296.83142806544,34566.089372482114,10562.195164426968,-3560.027599457319
-112414.35827614933,-66639.94741968294,80468.0119040887,10876.31921117316,5969.46563571148
-112168.29234024679,-66448.32011119394,79547.51133432856,10945.988688535666,5876.507717569128
-110197.6975848228,-66426.63953358663,79446.89601940062,10803.843004384418,5939.360862239524
-106598.57377337481,-60493.13615218143,70738.77772237212,11764.91163556894,4842.442814187069
-112270.51723422138,-66996.1442232708,80451.27820715091,11136.02056683765,5788.000530861205
-112490.65953978493,-66590.60289679219,79992.1358214926,10849.555624263618,5998.241873250174
-112003.66544907572,-66506.50878531742,79503.95434549873,10569.022297573536,5770.739156085236
-112032.8458951363,-66005.20550718055,79833.37843326066,10512.419729341293,5805.886217093397
-114256.03183397664,-66588.9957916247,82015.75569609787,11628.436237789972,6708.80174687266
-111937.42407522858,-66570.95448130973,79632.78029113122,10953.328470853072,5787.2543061425995
-112448.14328906439,-66331.95112253976,79565.56733067337,11104.41795858003,5974.274866712496
-112289.21324652675,-66653.68324579722,80402.58946038267,11196.553966781152,5933.487524188681
-111295.31197267692,-66277.23859127775,79801.15477122339,10973.020800925919,5777.513934765066
-112867.70098910823,-66593.88955289316,80493.81461791239,10848.18361583866,5842.453422740489
-112306.44736466152,-66235.14633358296,79484.35450864035,10896.998725108626,6020.187168438453
-116190.43763725279,-66937.88915182189,80722.90684619248,10967.836742724416,6159.8904056042475
-111703.52932531752,-65097.085789671364,78220.64273954413,11192.339118463884,5761.1101109457795
-112614.09920415391,-66663.2038644847,80201.47050313532,10910.869087674544,5810.91895420205
-76420.61847211454,-27379.670839371003,24903.658276314294,10412.121229909444,4711.891732460858
-112661.25286297125,-67298.47832826196,80409.24535785175,10750.499047544727,5860.190683958668
-112552.14220872406,-66303.78992331044,80311.29227580417,10970.773257178318,6112.588371101417
-112355.30029760988,-66702.6113950818,79924.3677252369,11193.454444627667,5757.764203377522
-116928.78060571467,-67015.34579682031,81239.30680984817,10924.122785670666,6143.855923790561
-111365.37529598593,-65083.260042633105,77729.40343455407,10601.917690096723,5689.90750331228
-112264.44263371344,-66566.15481265688,79455.868870159,11097.326810046707,6335.999210061665
-160520.38024159483,-75219.14534480586,95044.95920346145,9216.383650912134,6601.073438665996
-112204.55618129463,-66301.62977702294,79563.31321644518,11375.865882056149,5985.648474255729
-112901.4377970562,-66646.18635105732,80030.57449315493,10719.295272571606,6107.908257554774
-112758.96674494466,-66607.96649237728,79794.57228791775,10752.45203055835,5991.5293835311695
-112489.06276301865,-66765.53304844593,80141.84222994004,10883.417221008645,6103.128576201096
-113125.0566775018,-66777.36783236248,80156.252262438,10539.240276148963,6004.006959999654
-112522.63384920395,-66564.09855763243,79931.9397527017,11162.008179625202,5920.263808191953
-117398.17437886505,-67306.85336255113,81536.10360012887,10350.798291982237,6028.610592795291
-99815.01665746949,-53271.11390484906,61302.84217442929,11522.555229646281,4179.364209850115
-111557.00118288313,-64463.699313848534,76675.02053424543,15065.709225331839,6860.324095809051
-112236.77253125617,-66310.78234129144,79500.49995063116,10491.817909945097,5676.101160950144
-112782.3596973428,-66736.82186918039,80469.81926535376,10841.35616050125,6024.408036212683
-113035.94430796792,-66736.05855840404,80496.58962426605,10815.402271415802,6184.3614878542685
-111476.99807385821,-66319.59724053608,79529.34420044938,10864.496230211967,6224.576167984581
-111942.83546527063,-66080.66938075013,79226.22068562392,11333.677869752672,6079.079727103476
-113361.4870116846,-66190.12291832895,79456.5481339767,11412.709309834552,6043.7997130887625
-115636.36434918361,-66868.57889000322,80421.04725928277,11231.691765000156,6056.073254856279
-115965.52542001299,-66761.07745460923,80308.81673335454,11602.54985185858,6039.963605425003
-116484.93742318873,-67489.36444636216,81129.26259366912,10797.84852241232,5903.015980808827
-112321.13507263534,-66301.92246746407,79731.6033465096,10728.98863743496,5832.373819228976
-117797.74044642778,-67512.002535676,82080.79493112117,10761.859795624587,6083.81244129948
-133100.54315451972,-69874.50229692852,85969.30906938182,10115.68041593319,6226.250064571884
3477.1224792271123,-24907.49697445619,12475.314321777401,-14136.317404505346,-1743.3016279477395
-112137.73076351521,-66789.1219033539,79888.11439894116,10819.045399353543,6190.245161446322
-113041.13681703505,-66065.4645937899,80562.44752131474,10824.717713704871,5962.05712145655
-112164.94699048743,-66530.4724030699,79987.93995096041,10853.864007602237,5922.502707699457
-112866.63071232657,-66703.74637706533,80251.2969872604,10962.079989023912,5967.559517670552
-111365.7030493726,-66447.44803173485,79350.33999483143,10827.395922011034,6038.5224907746615
-116289.47373858378,-66886.12838115568,80517.60963191841,11148.44935436973,6102.059689213975
-112901.9277692616,-66715.93002124182,80508.91993437703,10762.23563094148,5869.938448940586
-112194.98724550904,-66493.04960435514,80107.82810911568,10654.009044096672,6125.250509084364
-114496.79373783343,-66886.9198854484,80767.11556712582,10867.037475269908,6076.691927759602
-160520.38024159483,-75219.14534480586,95044.95920346145,9216.383650912134,6601.073438665996
-117341.1402150092,-66954.02230735362,80814.89930215973,10799.097136528115,5848.347452368959
-118674.69608824259,-67549.37956619839,81798.92669722406,10434.247513076722,5936.767643636023
-112481.81296062189,-66709.15391988867,79980.1662691642,11034.885451484255,5963.046186329452
-6614.143730302513,-48401.36455330458,46212.98699673351,-14420.127196220405,1402.3943816685387
-111854.20791010608,-65990.58460257029,79865.63448470394,10055.443207184662,5712.563302524942
-106239.67618194786,-64786.95357308828,76899.86352979038,11610.617368855543,5886.524267877174
-112035.04953812693,-66613.95444732303,79432.17672695317,11004.554835774006,6020.001672916097
-112294.65344961638,-66278.67308949943,79732.15899118247,11088.341888888399,6065.077490575816
-113524.98883875959,-66472.36472033846,80288.38561227826,11010.909690275805,6055.417049641353
-111459.6044652167,-65172.91830052083,78388.71958449851,11705.2345962467,5933.531220406544
-116202.50121609257,-66643.9204519063,80694.54739555345,10948.843183442581,5963.426939257413
-110500.98553191671,-60010.06075500048,70209.30094811243,21196.162978150023,7401.360745893325
-160520.38024159483,-75219.14534480586,95044.95920346145,9216.383650912134,6601.073438665996
37522.46065623712,39889.37909607022,-74618.26086916366,-52846.349141706836,-18647.36105716627
-104075.93040925424,-60350.04516015558,70918.25245668471,9775.265841239388,4122.702179823087
-99018.21646702208,-30907.91391506431,27467.63736691708,66137.69585160383,11567.770409895018
-80027.40731170401,-57543.2028149362,71780.98169605236,2576.63644084074,5698.274965408011
-118306.77915568116,-67720.47436452762,81995.55736254268,10591.050426650318,6345.281628247794
119589.40930944393,-1636.5335979105866,38789.623813031554,-51468.61865025409,10669.279003839869
-110240.9794361706,-68103.77646504437,80808.22533920004,10647.768713678772,6481.469957410744
-111894.73996330144,-66483.84233354367,79931.12868532646,10953.1152033264,6087.006741575101
-111666.54772452137,-67083.83456891106,80387.40583606903,11286.164091283763,5757.212599693237
-109918.42775379063,-65490.65691301118,78485.00540425898,10675.458000486295,6258.5918564701105
-114339.33287353434,-66900.40146097286,80394.67672057246,10927.783413845424,5808.4478219527555
-104805.49894918739,-56946.3562185763,65998.52139857136,13213.788384441135,2995.1859198678358
14992.8743882663,111295.38187795211,-180427.0674863591,37420.107189077455,-24056.96456758406
-117790.78864437246,-67568.92037121631,81712.43509756608,10705.802017679913,5899.425126383468
-120967.19806251655,-68028.70035696235,82349.65856216557,10065.786631294633,6175.033330859112
-123145.98675921677,-68398.95878313266,83186.99809873512,10366.671277413543,6327.177194628455
-117780.66187096831,-67162.82567566512,81874.60962423502,10607.146668634596,6068.910967045313
-117469.05275626114,-67157.7215151013,81178.69272107154,11289.45862314963,5962.574673491833
-118259.05598966804,-67388.16283082876,81623.74622967675,11188.365458702128,5981.313751182758
-112227.27266578223,-66304.52723709219,79806.63638538949,11007.056804869915,5926.66946805818
-112154.61221660674,-66169.85510875736,79463.45156088831,10404.439938354504,5578.070370595382
-122908.12702432004,-68529.28241938933,83718.21737784453,11072.435581752292,6382.392392376351
-91238.93277885292,-36904.91824357777,38037.89095171372,22800.036259511755,-1634.3311726300162
-92728.53344159949,-40992.405282895365,43141.16731287658,14950.713327633744,2456.532599957787
-111708.28200666401,-66718.99690477777,79839.9724232942,10661.232369533496,5959.8118432363735
-117936.75382558173,-67638.56983430198,81414.73818448042,10829.346566891067,6240.8423277467855
-112267.69211399721,-66622.65442877517,79836.87425194118,10866.041625283055,5964.372126807192
-17707.71555808389,-28223.41422045105,30263.094289193457,7053.629837056754,1886.1857474062926
-112966.57906564318,-66600.4776366162,80075.47971469331,11259.14692108716,5965.309297563129
-160520.38024159483,-75219.14534480586,95044.95920346145,9216.383650912134,6601.073438665996
-111987.10590657791,-66268.01230242303,80469.62271828827,10739.906437233383,6090.855912507106
-109934.91404709105,-62122.4928294936,73130.23992085663,14526.426577685128,4552.717590750912
-112888.7102938263,-66264.83128761145,79706.78228207958,10724.95780343344,6248.612722962973
-111206.54910104426,-66696.16730559508,79942.11111004697,10024.163899162542,6110.406710858609
-112132.5779803973,-66337.01993189973,79650.85310039508,10956.419174267243,5959.38311826244
-111578.88172562417,-66115.49122482033,78755.43282965048,11020.005998250263,6115.077424734077
-113249.85636711348,-66805.36231659987,80514.59370757654,10636.81463422625,6054.672105148762
-112393.55992074234,-66810.17959420079,80323.41386936743,9527.147032538043,8851.742778042999
-112699.12455259437,-66659.47481039744,80513.90018204256,10329.473306630718,5942.062250470699
-117486.74027521632,-66349.29766491454,79761.31972160425,12873.63824105839,6557.62191292099
-114526.4035728802,-58601.95802613427,70255.93303412461,23669.565067357467,7220.921754831491
-115084.16102917427,-65983.16934622839,79418.170248469,12534.050898523781,6346.678633773264
-117768.67448143604,-67954.06129522646,81881.79049481743,10434.541424365396,6079.518516133337
-121874.13060825723,-67949.3052013022,83173.62850923085,10630.647180601507,6107.62838728735
-113073.85396366104,-61963.21951606628,73771.78617176122,11046.60296046115,5698.385440616893
-117198.72681923624,-67157.4167071381,81244.87934929847,10981.370810483517,5931.442691032647
-89497.6456301255,-54173.17723375332,59053.562327639855,9259.458218854554,3811.517252704606
-112016.71404786373,-65928.73688319615,78867.97447389898,11484.365170689696,5704.607058217059
-113417.20030772021,-66406.22089997093,79555.96667292646,11396.779243801311,5929.12862907798
-112165.19860116916,-66461.27017111622,79603.37781333111,11149.552869147088,6273.875324779828
-116204.06783570886,-67615.80725097713,81046.23279522217,10873.420830936286,5768.9897222726995
-113037.38097905737,-66514.27566349559,79834.37783022196,10926.225855183146,5919.775618471194
-112686.83820185496,-66617.2097814751,80184.26534893866,10942.8835723184,6052.7219845728205
-117854.08820363552,-67088.46418611979,81547.31119426173,10970.652706401106,5978.069562252253
-117697.0225047823,-67516.0975415432,81449.93107154299,10805.923975333651,5839.913172329495
-116236.36430101043,-67338.48371322316,81515.57791065227,10800.590276442676,6173.581364041591
-117507.9154907386,-67511.17936552293,81681.4703151224,10869.319727796901,6074.157154004399
-117899.63873112237,-67209.54947637598,81613.88801947358,10472.225942696352,6002.6582323754155
-119173.94159261385,-67402.6587123364,81795.17554207495,10797.025653409342,6022.239939589095
-115867.0032727238,-66879.7059919857,81229.58841079642,10601.3375629995,5930.625635442011
-112153.93410727326,-66861.80890916052,80000.79083227823,10961.081951931508,6144.9040600733
-111996.98026820173,-66261.94107084195,79373.29179155617,10349.044909629525,5786.736613044462
-113027.25184144791,-66523.94603901391,80265.59972455201,10963.226593820897,6088.03061377656
-112268.88105834657,-66429.50586145333,79680.35695498703,10743.796765769475,5983.886145234607
-117419.27397603297,-67467.13347075082,81126.35472326877,10785.745428444052,6014.879846415719
-117222.76941975714,-67250.29772845977,81356.91252762545,10866.93142196185,5698.295188085581
-118735.26206910278,-67487.59855309443,81799.19106427683,10965.523373110764,5745.6212096081335
-117241.87849128022,-67246.3857659738,81276.1054977972,10972.668840255441,5765.216456009123
-107582.84439259316,-65902.87512568309,78536.14345183433,11073.652313930383,5847.5519693621445
-110374.14893947521,-66101.7407891637,79004.86208492953,10920.222960285779,5592.3903172615155
-115435.4349989164,-67256.50177624151,80978.48326554582,10730.313628414939,6178.020271714616
-113662.37442307439,-67843.47410940393,81083.40873976408,10766.376987493752,6001.155941026505
-113115.57937288626,-66808.92393152263,80002.90091893516,10758.673624032741,6142.480272299886
-112129.69150216802,-66456.09620217551,79699.98043948598,10834.475228193336,6124.239202780866
-112807.20631339526,-66244.27066882762,80267.82115699515,10379.825952743258,6124.289023903285
-115898.74365879082,-66323.71510638378,79904.32596699164,10273.547343241282,5931.828022536191
-117998.3418998125,-67428.38361959635,81340.31908469083,10833.81262886755,6289.983490085838
-111163.3038301404,-59738.234761615975,72145.27588523828,10900.055925119797,5045.795070242213
-121587.1190294535,-68062.97200186564,82837.04001021032,9663.925442956517,5804.671380801981
-108557.73321218517,-66739.14087929757,80169.39289098435,10686.255796036601,6025.916273658517
-112128.74672595698,-66330.12656456215,79962.9654206761,9952.305361458602,5745.337981246335
-118022.4415017555,-67460.58022878531,81834.02461610369,10510.861762923007,6024.890932496977
-116787.86448862944,-66941.00838127258,81240.07378802872,10782.08773594635,6208.16004972847
-100408.40726174049,-55771.75981699496,64292.926360676014,9118.900723759201,4649.299946689018
-117517.38942977144,-67289.8328318462,81676.00112547544,10675.79241463592,6053.042665740477
-119616.00922827914,-67673.65558928631,82135.76241507205,10660.335075788755,6007.233337139389
-113803.6923666534,-63091.59247690492,75618.36644792577,10828.575110269207,5741.081681992048
-110840.18509884404,-65400.55437680423,78282.55946263611,11033.651382762904,5716.850529314782
-89498.57789570268,-49711.593037159444,55443.60363919784,7607.660599177628,2767.149058159215
-106051.49595265469,-60433.59867278668,70360.18089270187,10407.276230551692,4849.633040083319
-112337.07028226177,-66691.38722252639,80253.8490141406,10691.906523032814,6012.037649157743
-123114.37879417035,-68470.83433268976,83319.68774786255,10387.973420622418,5782.453226241255
-117536.33690771984,-67763.11790342205,81510.65494856391,10578.321372947421,6122.948662018652
-118058.21594366008,-67454.80205021882,82132.90840247796,10679.946407532643,6106.665987101867
-121698.60013489425,-68559.0769652919,82646.71141637328,10327.854968295012,6153.088018744994
-112470.6182676669,-66192.70061596378,80009.31289830561,11160.21753103346,5977.853120683193
-116449.88902278311,-66769.6416819202,80667.9252773826,10666.448329336454,5981.567031486631
-111310.33019887906,-66130.62557049649,79539.98523872269,11090.017958017213,5917.786668040155
-112346.64796358936,-66560.2862408464,80189.3588590462,11018.874004867941,6244.416717400421
-112044.8626428856,-66617.63381306363,79905.2318341973,10750.052999727202,5777.420348446829
-117904.02717142961,-67630.8162280244,81689.6293775904,10353.280098471885,6026.727009497966
-116802.6632700563,-66803.24909749272,80212.63307724065,10914.62159260956,5969.01477424704
-109748.05594450675,-65855.55068715739,78305.1302152321,11050.911902336025,5826.221267693645
-109604.07578825856,-66835.9424766384,79824.74566427033,9809.227577371432,5852.675313788006
-112544.97399469679,-66354.21015161795,80043.9454061683,10685.072596810933,5637.554689833327
-112790.55924644087,-66663.69118993534,80174.98907367131,11188.517722567201,5984.216966911174
-111282.58917113565,-65625.42438600094,79171.54826699925,10680.687775415816,5578.032859599511
-113771.76856961161,-66720.66916510531,80438.29685435879,10907.981747234791,5851.131933996477
-112384.97876996017,-65834.9032584673,80018.3105650396,11243.899425148938,5830.268369512782
-113410.07439456227,-66704.20345748641,80098.8225245253,11191.18461943326,5917.407167844984
-114356.05364784994,-67045.87030840572,80507.93653244845,11199.567400066559,6045.067718214205
-111522.362776666,-66025.73195769498,79121.44459230304,10805.439566262785,5988.635854769509
-110703.88322997393,-64671.748005162335,78721.9818826889,9753.075817866433,5447.064025434127
-114537.95304236529,-65348.97652194148,78610.1768510185,10696.929683068634,5542.754062827913
-112488.6553617674,-66643.51539364741,80043.85516330514,10764.145529278925,5708.023580456299
-111940.11205184179,-66497.6264364496,79851.38433130254,10413.238999639652,5974.657669590633
-112423.90313742553,-66438.94570383342,80266.92045836341,10825.099252471218,6041.8529114601
-116970.08179778767,-67329.51187167973,81154.34934347421,10322.63560328942,6199.00404438239
-118600.95693362382,-65979.62291207851,79937.45598075977,11584.845303393193,5458.859565198358
-115593.00072331609,-64416.73570207665,77965.64342442069,11141.601823787445,5946.399400283253
-111397.95073757031,-66451.63252515913,79478.78561345044,11378.69758466446,6052.1532121953205
-115591.593058395,-67256.96172206438,80709.02072429736,10511.951856971082,5780.712454313768
-112276.65909045743,-66776.42921142284,79575.19491497385,11240.560432412316,6287.671114146657
-113450.22391914026,-67106.9897483656,80313.97027098898,11026.260970181971,6289.26501003385
-91260.89446532144,-33581.14643227364,34369.70098710845,36876.192306164594,4957.896146950452
-119071.31765120775,-67714.67667912612,81856.75346172226,10774.627508160203,6023.287125050505
-72455.84787599967,8585.449310333486,-25849.637223058075,61657.39693165294,1178.3084254818136
-115700.83838224538,-67306.8883062801,81154.76814026707,10812.378132291738,6103.323977811091
-112172.58569750437,-66197.13722942465,79917.85324601326,10891.823537348258,6161.718960338258
-114724.9855776339,-66684.6915371517,80664.59768232574,11101.778091980023,6211.822390535927
-111911.52207132032,-65419.80608872133,78979.13601666219,10822.119954254993,6024.640123251383
-112913.73164129577,-66713.77569623748,80363.71942448687,10757.532089909848,5828.693248195687
-112287.80331946879,-66045.07275346664,79933.54961107575,10792.299674960785,5880.707445931746
-105010.35360233195,-59028.143394690705,68705.12096758929,14033.822652498508,5287.2989210426485
-110641.52702128702,-65824.05606181208,78645.13096141577,11215.856903276372,5879.142125947616
-117532.91041172777,-66893.93311180055,81254.13080842313,10767.905581770992,5968.742890912879
-117640.44713821198,-67554.66507538546,81412.66354209842,10923.57615351977,6142.7465021950875
-117506.57627120713,-67200.72568434443,81770.85883678902,11046.215500531605,6143.552463460154
-112678.92937702705,-66834.20927981533,80068.80556337131,10847.671836460935,5869.104805820107
-112519.10463034915,-66437.14306584808,79937.33690480821,10782.962742262209,6150.543030969685
-107043.63810958463,-57297.897103686686,65831.07035985049,14137.129233333379,2764.262345125998
-115645.18453611835,-67402.52728988895,81611.56394897046,10053.410446843245,5944.598315103808
-116058.49143441457,-67284.48132083552,81338.13039349395,10787.980958169137,6068.561980771943
-72209.9721611818,-21583.36677609965,16835.27362723049,4096.669033142311,-2003.3007180569496
-160520.38024159483,-75219.14534480586,95044.95920346145,9216.383650912134,6601.073438665996
-118610.09935385449,-67562.28701204859,81757.82231609445,11013.928888836243,5953.934646528774
-108661.79126043545,-58723.89476023285,68045.70135197706,20538.718019262084,6960.819972528236
-112380.13257433384,-66929.32005817785,79954.56864188559,10924.094655984263,6069.081901515397
-112857.43287487312,-66765.48761717563,80431.18938135153,10682.73855181905,6174.868426985413
-113300.6032375325,-66578.88311452014,80390.65957803435,10750.331317296466,5898.217210084651
-117009.45098203348,-67297.97881660971,81303.39337968257,10557.594052644725,6188.400868796928
-117740.0657924113,-67480.78637407596,81361.0042763776,10664.14354822406,6292.990122297266
-126117.49451975453,-65019.951530276405,77466.03372908286,4727.194872494523,7929.265666807097
27814.73650473362,54477.17834280242,-99393.43225686705,-3796.0970533850846,-14740.234495253075
-118660.91739406704,-67752.0484726817,81629.41837073005,10305.349562300042,5951.235314979737
-110964.28221558398,-65369.462004774774,77956.70422428251,12308.174721129453,5739.128616728555
-112985.33864306322,-66190.30956929903,80171.7825670287,10870.716554318935,5982.430604821369
-117355.57807303735,-67340.1139791612,81360.15264946937,10572.302008018885,6072.067714714306
-118743.5628338054,-67643.07958112673,81749.15576522221,10024.211323587291,5840.914073536594
-111341.26068865233,-66576.38028882773,80365.18284057156,10096.378006148161,5669.9043030711455
-112418.57344855992,-66403.25891012872,79805.77033626723,10574.798927273689,6596.389535999383
-112614.45253196324,-66683.96143879913,80604.80980281325,10500.171098169516,6211.20217963765
-14743.271285498746,-43872.69129362017,35317.566026962966,-16658.45944165223,-544.3992619185468
-118579.58173754775,-67331.46737123551,81844.77868690349,10430.532841989554,6055.649245794202
-116294.61141389805,-66994.01791095763,80582.43116278379,10479.404819739138,5346.623818167174
-100926.66142195392,-50401.40155205297,61017.34978309439,9048.199058757591,3428.993855578386
-118741.34401774422,-67401.32101709177,82078.55117581564,10897.78281691627,6180.242715293542
-160520.38024159483,-75219.14534480586,95044.95920346145,9216.383650912134,6601.073438665996
-116186.86651570944,-66849.38922564402,81142.5129712953,10100.012387537105,6281.95749071464
-113210.44799107415,-66162.30415807187,79730.49627151384,10725.396337201826,5855.315007172963
-111207.39846755996,-65632.43146964484,78956.09195601067,9127.21699681168,5753.93995432997
-112974.19643257263,-66565.34566584269,79864.31505270413,10839.087293282006,5835.479000068862
-110195.48275886106,-63420.88356571247,75150.13261449027,11471.671431653042,5313.483895269817
-113311.91143030039,-64951.596845612665,77807.99173840806,11906.803278521795,5899.2268712411205
-112519.03569995693,-66725.1867839224,80220.86770264996,10938.065933654678,5816.265608260204
-117570.26235467919,-67719.89726435256,81781.62078327236,10692.41056068231,5826.013821709028
-118400.50601317371,-48400.99836852356,56460.7256682888,28655.250850894383,5805.909551277208
-118191.78922662343,-67523.28527623058,81228.25297606102,10146.194769735112,6177.483394547274
-112408.06173342084,-66754.61222919062,79796.0549216307,10663.682268853647,5927.483788770964
-111810.17573371736,-65970.42457321315,79805.23356533979,10167.635485140603,5686.427192918149
-112538.75130042448,-66369.02158476663,79708.36488270105,10457.557213199754,6102.974837309536
-112424.8455708495,-67008.7130736811,80334.82756711562,10076.03637094488,5819.667017304395
-117720.27707974329,-67435.34096961808,81656.86398006686,10707.661102951612,6035.449285586461
345024.7825442172,540933.621060665,-787030.6354340594,368721.3147913754,1291.7835133051135
-122779.03566673431,-67365.30146780734,82941.69364818772,11531.19520703224,5398.829438446436
-112427.38884845847,-66618.29199353443,80091.14219027098,10718.801814253513,6198.319353147786
-110147.27490934134,-65352.939562400185,78347.88135136476,11306.991449341756,5717.81932468218
-99950.7223496575,-49400.922453869236,55528.620759877624,17696.04859491816,2233.2363426426555
-114709.88986241845,-64608.151313260285,77850.87793722637,8990.591060901512,6540.8445109862805
-112715.14822424803,-66541.26432634235,79644.66724407223,11074.499867942162,6444.313588546166
-108578.51054246053,-66676.14147761653,79809.74478909657,10169.510013370564,6119.942485590884
-111825.11476087672,-66014.49263883794,78549.03462377095,11352.558879323164,5919.178345679573
-117771.83612298408,-67617.99142559624,81557.98186240204,10361.417702845847,5855.971235565393
-123071.22769316458,-68135.40073373278,83291.71614303831,10174.189066941477,5999.324309704325
-117185.80111002934,-66724.57443406714,81118.92021747788,10409.568208574277,6074.069887247157
-113845.14543657514,-63950.21630847702,76651.95832559245,10568.538160513799,5730.605032262905
-117563.21196906647,-67779.21481725905,81546.11793236117,10154.184862130374,6313.6705846216555
-112023.4134335277,-66768.12740194004,80027.11559917126,10947.041732346106,6042.7055677281405
-111714.20664569909,-63558.79725523797,79482.55683472923,10380.293301272148,5840.8310033458565
-113452.91250868184,-65745.76779345406,79135.2001677618,10620.886237594792,5957.679555374866
-112502.35340552151,-66157.4438724404,79798.08310054202,11083.495708430923,5800.759015821206
-114330.3281859127,-66404.86367932521,80321.93882850507,11127.922761337531,5802.75968478965
-116478.80768442093,-67042.59308614595,81311.87985122975,11113.823191565025,5936.709148819534
-110731.111800026,-66030.83166488654,78940.89619110682,10746.52650814849,5856.977585881116
-116047.25352324847,-66719.15496894639,80708.63021817051,10332.189706122623,5916.944071014686
-118447.44742652509,-65595.35838325969,78538.90115789519,10209.753984457648,5723.119335770287
-112882.81739175993,-66368.79466970256,80200.75907391387,10932.274177617246,5622.033303590388
-118395.38063536465,-67736.04736351827,82028.06850491774,10508.019550828985,5867.537459067044
-112819.06338715368,-66869.61553388409,80665.34902445317,10275.24142366544,6153.36603026433
-18471.87463276453,-15478.946053486872,1028.8672257935552,-5369.343747464275,22664.08035943771
-110700.69563116279,-66045.13654732835,79186.27259418664,10906.972824752173,6228.771943278157
12223.358988006788,13575.375802341045,-45559.83780940287,-8864.487499557637,4338.562722959393
-61658.11251923828,-44542.60264302744,47515.64840143557,6726.032401623248,1376.108477077478
-47954.561685807654,-8924.511796774961,2975.785898315272,-14279.990666119382,1965.318009478766
-117239.21371709791,-66823.85959077193,80963.00423491419,11233.103078297427,5979.636286714718
-111732.32425408062,-65125.34435867067,78313.51140846267,10630.077849134148,5652.480859593267
-113760.16210951524,-65436.7400614289,79396.18426546936,10450.374851682212,5750.023811427921
-106172.77137146659,-60162.76323842765,71087.57966425458,7469.923362457444,4311.2856414880025
-112292.93766886025,-67535.19630292407,80626.25965224665,10592.390603353377,6388.36537588405
-113328.65072060021,-67570.39247838946,80643.27641198094,11078.565989617593,6471.234972474553
-116333.17787841398,-67196.09924434594,81339.50161914034,10936.962216166783,5861.715629987346
-111468.78428389948,-66634.86277176304,80232.52495213006,10710.085957520427,5863.02150232418
-111125.92160818442,-66884.92260570504,79768.03051516105,10774.427717824117,5980.031245399446
-108680.74837602492,-66040.24647882963,79061.33660212671,10590.899757440384,5759.926862395438
-112247.08146786648,-66666.04448790137,80262.06727753984,10364.335656149715,5921.700036274666
-112217.75382874915,-66208.7659079583,79746.93518466431,11200.66664070262,6367.216200200754
-115755.50470448344,-67248.07515647136,81185.39688507294,10551.794377108776,6128.428397186064
-112509.97827169034,-66922.41009080913,80118.2024041421,10803.894566249699,5926.181691386831
-118310.55267384075,-67562.79922918272,81705.56903230047,10867.061716286427,6134.080614452858
-109017.15134066617,-66025.86912534016,78851.48203701335,10666.899497509638,5849.460618810973
-112335.264194751,-66088.6869230432,79725.35975375219,10802.50594405749,5878.4653892022025
-112125.44396146796,-66577.41179045105,79791.06028534884,10550.839254475404,5567.28188911416
-115919.13089478959,-67125.75041778763,81195.88117306627,10502.364643963114,5975.810366752126
-112801.08535845092,-66606.36525268998,79603.16749922954,10952.94320318787,5912.988167304918
-114842.63125404823,-66835.42664176897,80321.02531380445,10750.11680373371,6010.0504900763835
-111992.67646157027,-66183.76800595803,79430.64324145156,11168.289265764848,5963.139663266722
-111936.17019009081,-66973.90668734885,80335.82855513452,10738.336669184146,5911.191146383173
-111579.09313377815,-65367.73416686913,78123.68834527534,11142.858479093762,5692.875706963412
-112158.45708607638,-66433.62168958187,80053.38596958788,11088.171170549871,5985.645461653589
-72417.11125815444,-53705.24823794255,60856.04777200517,-1137.5102953878354,2532.655511688587
234465.8092331966,45369.62691002247,-108309.39600432535,-76363.98051253127,14813.812310332674
-112374.42820059926,-66079.60189457322,79672.5278113933,11121.780842855615,6356.558513622547
-113133.35362109545,-66757.5549744794,80346.46194995198,10899.284550411483,5913.4721501644
-112733.10403727315,-66654.80563093441,80449.10153250025,10883.289148561846,5886.081565917706
-111535.42205104414,-66305.7075087997,79783.75475082171,10801.3435614142,5670.157827870322
-112668.57469192448,-66184.81047474055,79940.66085196444,10771.621087399626,6049.164529408159
-112638.78854010119,-67053.4632695817,80126.28200434809,10582.054917041114,6076.089242802862
-112167.08843136765,-66803.23312088467,80258.70314164941,10759.81329224147,5851.052665840316
-112189.68616298909,-66810.37315454906,79983.53854221475,10745.275745001338,5895.457229477797
-108274.91928162587,-66204.17438512217,78960.00307181249,10623.375400516348,6074.439230969558
-110860.0728231083,-66308.00303222143,79961.9050919797,10900.615325394376,5734.34437494111
-113060.10458350199,-66888.93252501366,80819.13597552294,10397.650957424936,6066.606243536709
-109719.96800945658,-66201.1096285665,79868.14753723731,10878.460572654505,5512.251068650626
-112061.23292806369,-66275.01839613139,79993.1457898988,10769.322749037672,5781.036536088468
-112813.40996687417,-66318.31162798456,80339.79376284854,11034.443023004262,6073.189423136076
-112517.56362568133,-66606.73110561252,80508.71126225132,10217.434863921897,6121.771627612974
-112590.2924676218,-65463.263763995354,78920.36473417543,10777.259822161923,5808.017633279853
-116536.71274282021,-67451.17938224161,81173.21151159986,10580.520463323506,5820.40295548617
-112738.92379591429,-67370.91359151703,81856.84309276394,10581.504955174798,6437.921100743462
-108416.36995820254,-66111.81467067501,79783.04515865348,10709.174105415083,5875.13964837276
-117973.47599206134,-66546.61690533465,80290.96634360158,12020.191142041489,6094.695402129922
-121333.75206746208,-67880.43979120385,82513.38898292572,10831.75544506503,5919.724824881595
-107940.60885338546,-64700.23478326587,76741.97222782642,8534.6628185937,4715.304755313294
-111360.3163658196,-65939.72535973249,79492.80543045956,10885.111547557895,5910.702376587628
-112614.56098459728,-66658.86412143457,80159.39821995457,10882.385089759278,5904.920853808241
-116093.72108588339,-67218.39986655896,81340.54199664576,10735.010748752338,6106.192624346275
-112527.83484825114,-66566.68741865084,80136.65368420469,10831.377490707773,6080.424284873332
-110234.73704738835,-65523.55037001472,78753.85762482235,11031.494964160383,5853.303518726656
-107818.30134675244,-67096.34662506523,80080.7975758326,10585.703075047017,5921.793380797965
-86168.21112840553,-59587.37664961468,68091.17870154373,6127.063761668108,453.0767287717617
-130771.78859272474,-70084.12362493887,85688.26365508405,10207.647177305545,6288.16764320902
-117988.18868550743,-67774.94844182306,81828.44307199813,10330.01348828449,5729.273368818713
-115468.78442785928,-66638.24527109328,79922.54633455657,10293.805859936752,6179.577488957239
-117588.62163728006,-67129.0930311434,81148.0783745926,10833.516062457657,5740.246762002325
-115729.80744580495,-66860.26252676015,80977.07600711053,10922.363979174746,5818.65632260922
-116379.0250906822,-67086.5846202528,81606.30200757628,10536.189320013666,6065.770497472808
-112631.44917333587,-66303.95520356404,79846.01997058299,10694.715433705658,5790.955637955557
-118548.7386452619,-67820.37547007244,81854.16854694794,10713.768858234153,5674.652568943899
-118476.92267590358,-67427.85699259672,81920.84076308175,10527.236445544013,6036.578444662678
-112154.931879311,-66164.71968349974,79739.66088164602,10756.374926917146,6081.5186166121575
-94525.9707779728,-63117.980675683495,72792.77427490502,5917.333737481206,4531.700451764841
-143749.87030321217,-71896.29264119672,89331.44798721868,9022.309077745536,6083.5553016352915
-116919.68897649743,-67320.3078929751,81536.44665067788,10527.90181880521,5902.931557292227
-117587.82461937636,-67357.2927943181,81177.59829424377,10954.841515463022,6355.174632457019
-108513.38189708441,-66415.43353176069,79447.57471065826,11377.594827671643,5973.6148102290945
-75224.53952716058,-52185.435252910785,58130.780832098106,4736.095091906464,1119.0160646159616
-102887.93440606224,-8282.06936145899,76254.4065646688,11753.494484432817,4047.269300191704
-112455.42261509078,-66555.15716569798,79739.93715753443,10744.893426257142,6399.2847218224515
-102447.16431508282,-52961.638191599704,60331.0393998077,10864.765057907965,4434.339227856987
-129986.6973967557,-69466.68386104214,85222.69740926959,10252.611720199795,6047.568510788302
-139538.97253151314,-65022.82465757674,81271.02948853988,9366.840350488223,5869.82295075055
-112472.80280455924,-66453.68727831243,79792.36572493456,10710.872609364513,6183.724288543014
-113008.6383300121,-66489.70713950129,79940.51380625523,10718.583632404088,6088.084423689351
-112298.33890735089,-66299.07135688516,79383.82274098728,11665.29149594189,5984.503240556647
-116625.33963131579,-67368.12851940593,81570.3316973613,11011.059664972034,6083.760595432153
-111917.51204352226,-66127.20721052778,78916.10150355428,10583.813444103136,5531.393480062982
-137710.42927716288,-70567.04716184203,87502.89498313147,9075.173079160273,6147.432229399488
-61976.5606545841,-42578.87160815945,44437.53415726102,-93.74998389876751,2170.089255928368
-85599.31834650837,-29224.07938163552,30416.179822193357,902.0027385772506,7356.944632699138
-110982.82824664711,-67539.79488840699,80416.39309388885,10061.773398477344,6012.635161694231
-110458.06598537124,-64373.66736455971,78641.26088657843,8636.098189380991,5644.577083690416
-116476.77063457103,-66929.90420878286,80901.72543444729,9837.267096631489,6075.381808592222
-112469.7164344923,-66685.64453362032,79999.8002218192,10869.701354960063,6067.236988912664
-112274.68036768839,-66263.34804333955,80055.2810239303,11139.075520142702,5814.383615605398
-116151.90689030389,-67232.4971282748,81448.199294434,10281.023836309494,5802.092677698127
-111404.50768695689,-64614.151783435205,77524.07444341737,11953.49251385958,6451.665732557033
-113844.89585798218,-67424.60503334623,80910.5471133268,10057.270058517082,5995.103965979836
-116672.37095860479,-67351.15113813755,81234.08739045984,10761.489901871404,5905.830786029818
-108890.37653470862,-66119.97887894732,79167.66784915123,10794.120474570233,6024.234856926009
-114157.5189367099,-67133.65896058976,80559.37771215214,10677.526309042134,6114.5459713544415
-110263.6580465142,-55703.098617875876,65384.733669743146,15852.878793906308,4215.0319333998905
-111535.51388005259,-66082.70669539651,79683.58423146607,10409.523217068823,5496.027640192503
-116473.21732399458,-66592.81740387312,80364.82768217419,8408.806955961518,5870.169943228181
-123025.21661691931,-68038.03022533594,82834.10543364241,10275.973624038505,5898.116518745169
-112329.63138361336,-66393.18910817614,80054.28429950574,10343.790529387625,5931.090405050768
-111372.53869773333,-64196.67093993086,76310.20228004105,11073.829169177994,6131.00918159872
-109960.2312491889,-64580.449336876074,76798.8059757689,10365.801254041588,5328.188972783277
-118768.78689311464,-67224.83969203294,80906.38956187837,11137.944578384308,6147.997985303408
-109616.68619027836,-64326.10171101117,77112.20030500078,12544.592988835966,6108.80597572368
-107720.27280847114,-66111.76277901299,78689.22911064106,10381.568758112675,5884.688123538187
-113997.68393703164,-66815.71877487359,80464.42470424552,11245.612520160657,5985.3096591570975
-117980.76406743175,-67486.15030507722,81421.25692795443,11553.289661009572,6150.937286560672
-106621.89299836321,-61391.21606210924,71109.82802495925,11232.35031578817,5166.933211954146
-112247.27041914384,-66392.36525822675,79607.5024535662,9791.528817018687,5848.543053225677
-110860.11520201214,-64700.20384083076,77851.78312083542,10636.384229578449,5936.989425197364
-120003.94533854681,-67923.60111894511,82300.29933496716,10334.73073364258,5661.415802225577
-112002.56199342634,-65776.67880294546,79339.39042719842,10685.36818146279,5916.922535793653
-113520.14082255655,-66584.8875229913,79697.16140968224,11162.250271031258,6120.204493666416
-112819.93310622148,-66953.94502705176,79607.7824906264,11121.737992416876,5991.784896399206
-112718.67245282988,-66678.42238249222,80229.99652571225,10889.095021377858,5922.28163668868
-114024.15162997654,-66849.36573214039,80013.93071507865,11077.587834831276,6204.005945385762
-115045.53960427988,-67091.49311481023,80450.2449549128,10810.174251574297,6248.2349209254735
-78485.32486443425,-27273.310268347665,24130.048607638862,17849.227895615877,618.6811270229883
-109902.69303858672,-66258.15630462002,79471.95891926315,11073.512609139463,5751.880542788143
-106411.55699346174,-50815.30501362963,59447.911825925024,16071.27451840502,4614.26260641565
-112715.95400507665,-66803.3266898713,80365.31719825773,10344.70021172051,5781.743218891157
-117343.2400779283,-67073.22305583452,81028.46084819292,10725.783739474535,5864.118803629472
-119703.08723947506,-67741.359287941,81654.22535342163,10678.775650138896,5985.033921029851
-121512.66607442129,-68108.40596863306,82482.77400951635,10606.461968733782,6117.491917983837
-118949.56027416943,-67352.83039750412,81341.90905657112,10542.19215683459,5864.680949565538
-119896.32605433342,-67535.44811768965,81749.957474105,10785.91040990107,5862.459518022189
-116626.24355331504,-66030.12984484975,79688.73113126322,10886.592748083316,5799.779160311077
-110636.93837212751,-64932.589375901254,78232.67084621625,12297.675114704542,6153.879616284542
-111573.14587129322,-64663.38800833906,77544.38426841516,11599.102029131667,6332.369056598223
-112133.44102956982,-66035.4014203839,78760.79396505306,12396.180313503815,6471.972816562106
-113800.3069565894,-66326.9616590512,79773.71436496859,10320.866976544792,5924.735183966121
-114731.7354687477,-66808.69623134307,80541.38590283053,10447.864025540595,5811.680988986305
-113358.48273692661,-67171.82719291613,80825.23089738944,10444.692768685558,5989.517240624286
-69128.68160377916,-29158.115772015135,27713.674553889134,5349.733403643713,1121.5405860523874
-112158.53643012964,-66518.93914348602,80191.46499949647,10645.616404433602,5769.776550416694
-93472.78575570238,-44716.49457424078,54820.53134065447,7517.515443073376,1094.923112854989
-110101.66804693562,-66320.4732237236,79447.84384081156,9963.94490669761,5879.7903305899645
-114244.70233781864,-66439.38580208644,80150.11943068414,10139.318679726088,5966.951001564258
-116133.83803833368,-66862.03862899003,80810.0403248093,10305.453456115056,5922.804930258139
-112603.613734237,-66721.0316610163,80436.82099795018,11080.674776258527,5824.951552234838
-136501.57519602773,-70810.45297484433,87352.83762823805,10296.081106598242,6373.009619322796
-118600.13859195364,-67438.21294416713,81929.8155500246,10627.386091710003,5882.513678767201
-117987.56943831754,-67148.42714613458,81170.72175068004,11205.574961910655,5827.4539255484
-115895.82398067747,-67380.84975738775,81063.90078685779,11035.958359751452,6327.878706249357
-111775.11958426447,-66256.42431360051,79801.94500464587,10527.422395144833,6049.902409998634
-112698.72078077093,-66570.5279304361,80251.45951454532,11040.103210427898,5718.4017382786005
150788.89598841604,79161.37307337274,-32865.56473480839,-59909.30969875342,-25584.44551317201
-112268.22906301792,-66045.78298898075,79436.81813977066,10563.092846514171,5940.482422056797
-122874.84929031198,-68530.60242014534,83400.80277461426,10312.062358312016,6061.191705663318
-47434.309624039386,-71550.78893318067,80204.04340082378,6985.482805191137,6863.46363273612
-117569.21436120885,-66877.03740036851,81105.1267695014,9832.747242847185,6065.249800341645
-116671.13434251236,-67224.15260940792,81490.48588946828,10298.889756681267,5536.065929596219
-95695.86221446627,-63419.20884128221,76415.46942946345,1382.5775652383961,4388.902915634819
-110786.61450436838,-66356.14904219704,79442.24728739024,10801.2115413392,5777.824623333066
-110883.53602169802,-66088.1463035289,78894.34354111334,10888.374765116878,5892.239164202653
-111973.64984222912,-64656.07133644617,78929.50455325002,11033.564985349867,5575.844405693267
-111254.74140594625,-66447.98446566593,79548.60541315615,10698.51308010497,6052.677725540631
-111537.98355875432,-66218.43156497051,79712.68195526107,10576.066154914255,5798.638722032727
-143038.9954893802,-71425.96656344173,88803.73942931156,9728.719095297805,6114.538731383525
-108632.36887565936,-66368.62242454193,79552.02346281485,10414.483356835759,5975.809675996902
-112635.37282214806,-66049.0058517754,79064.93184876851,10866.532912531184,5934.448376899483
-132327.0104731494,-70189.11106334695,85565.92695574126,10079.637107468167,6234.712902067196
-116490.36364290134,-64010.86444055157,79096.6440540459,11115.817647657293,5468.471582961824
-115581.82290646315,-66202.03538404162,78541.77091826325,9426.464386278762,5024.024220110469
-117656.3048598189,-66977.28841268903,80904.18560256957,11025.947936109931,5723.8768525433325
-111252.04207468717,-66644.45708779251,79868.17960394052,10978.399227905033,6002.847092042284
-120875.72010644233,-68238.76275307495,82722.21334747304,10646.34091111216,5912.243574987947
-106858.27898460512,-59065.11500272428,69761.76015528035,12022.062277799618,4144.963599019241
-112314.93854099156,-66598.97275228219,79946.26668265536,11001.221106004432,5822.982757228727
-112475.88205196592,-66004.02284190983,80254.98915014204,10505.46290495411,5778.689731095201
-113069.11144964471,-66023.50324425953,80443.18456593812,10619.044162117925,5845.34453112199
-112116.78974658692,-66010.04712943562,79030.11686139586,10731.35312750892,5649.104723694275
-111134.08326749595,-66103.28100257383,79379.28948422267,10863.466625203193,5826.758393727225
-108109.86306326411,-59388.044706381734,70190.78958995365,12592.105518108765,5492.984933644008
-100411.21358460307,-53803.112480516,62373.771816785884,12169.768410620629,3017.1635963814256
-112635.21170145481,-66636.71721140151,80083.01935564188,10982.995794772496,6122.922118266233
-130480.97973301039,-69695.60478123833,85545.86514692768,9933.460697666134,5949.934279383512
-118508.92156735627,-67615.97586676842,81933.90895571727,10803.596882393713,6242.961866197362
-119140.39162844342,-67758.81414318262,82269.20452542709,10878.049007246487,6268.757338913669
-143044.4538406885,-72111.47923453804,89387.8601162931,9901.947982127336,6443.177656416882
-112381.17955641728,-66718.65160473295,80283.86084066406,10616.86806027091,5907.240761156743
-116278.61829331586,-67261.18940700353,80634.25794708324,10776.960304730832,5948.359367735774
-111554.4329236156,-66281.940434727,79643.20219373715,10691.340475817125,6179.154382104101
-115688.27453917927,-66745.73855687478,80940.5738523261,11199.256827863599,6112.0137920488305
-87251.61620982118,-47113.003447679264,52951.944501563295,8690.754849308269,4332.980637869613
-112168.62666386872,-66218.27413531726,80072.17523836052,11298.253611301063,6090.286094865573
-111960.7059310449,-66284.9604008841,79557.61145079794,10613.888887917392,5663.491567772262
-106980.27722965047,-65523.599506123086,77734.6916493171,11626.918142175631,6127.6221140736325
-120767.61481375647,-67957.3387483873,82779.93525588643,10664.774777931672,6211.5685809776505
-112343.24028211307,-66505.33020277067,80138.40424856525,11125.182144436745,5907.693821612849
-111123.6805427309,-65788.66467238068,78605.06570589972,11922.34502768074,6089.215832247193
-137371.21177962198,-71408.48489892962,88216.9929791019,10229.095948157928,6521.458988949745
-112222.94863518872,-66659.38264235108,79742.25700528304,10799.912664661133,6145.960375602646
-45739.54981008189,-64450.247310568964,72409.16963737717,7072.993185414718,5455.9038698491195
-112327.6133191925,-67227.44714306464,80890.3451730007,9752.443572102156,6000.930444826301
-110928.25074514787,-64342.18497703218,79304.95392929713,10114.077871151003,5611.470229080238
-114142.76609518383,-66009.9583714472,79293.37731650018,10255.967758677289,5650.236409847117
-104087.71229864786,-63212.84000880966,74300.85757450887,10926.361613722534,4883.600405398091
-111959.20104129282,-66132.67114019762,79246.32592759262,11106.466984869201,5933.979208391976
-116282.98561868203,-67028.01887573971,81227.20058794937,11020.565116128028,5898.340398850653
-111987.05271683457,-66319.19389416162,79877.34291184142,11323.879031593699,6222.664915697147
-106898.4996453738,-63482.93166568595,75265.1180388212,8139.778863839358,4871.831099058792
-117357.21210241712,-67264.77347755313,80698.46356393473,11138.991023967534,6115.4268244080495
-117140.29294082941,-67038.430456874,80803.69517351381,9725.575526922003,5921.177620552941
-114664.08677306036,-65043.879904627196,78723.13294867202,9729.554247358534,5992.835385021717
-109537.70497367467,-66040.42304966993,79244.08294996886,10841.77006941325,6164.51825178638
-113691.92218983617,-66603.01960576123,79847.92543187409,11203.661344195729,6044.989747806976
-111827.09414678418,-65626.83272695693,78797.42321563147,11705.52408059819,6042.3349490104465
-113450.98199898556,-65695.8719185347,78771.34815400827,10626.81738940481,6274.937218693458
-114650.3919310102,-65789.29686155179,79062.1550774776,10175.184256435208,6118.496173179444
-111404.71954295695,-65875.9641022324,78760.30009487248,10154.67481852882,5638.423664538373
-113433.58170161814,-66750.52281197486,80342.45389913299,10611.739210350092,5734.359680993144
-73762.38031890836,-6246.931438448994,5653.354512505094,29610.819177310317,-2103.624565703497
-116855.1942981962,-52919.33945012652,65951.19356194128,16735.28781305337,4736.9808319837375
-128665.5728804821,-68261.25051797238,83647.10762251036,10784.523736160936,5938.397157885612
-92794.4043262332,-43431.56705231172,50940.8539516036,12410.062332808626,1182.3112452438547
-112759.18494295493,-67120.67412377094,81040.82174186315,10112.424057836093,5920.14323893414
-111708.52127314096,-64930.08511972693,77723.92583124196,11889.113546297605,6088.663972052217
-113873.70346866768,-65930.81574968556,79697.29340268475,11183.608394458604,6162.069698940631
-112526.02131236858,-66676.57628952812,80227.22493866304,10941.496530961294,5922.8694649757335
-116146.5597844757,-67160.77464564596,81242.93168818607,10716.226199544833,6145.549792531244
-116409.9984532244,-67215.29923336509,81410.45516603954,10397.540174088786,5878.971869577385
-63262.445449076215,13507.603236415514,-25453.00487245415,68036.71223332445,594.1041049932388
-116491.24824305638,-67232.41199140497,81292.83889519404,10927.418511150665,5931.82749211689
-60516.93199558079,4704.184696115683,-20946.525920328782,32854.355850959066,-1541.3399247039704
-115959.99876884255,-66473.65577008465,80901.44326000588,10593.482329992761,5920.2610646018875
-111832.64584218468,-65997.3945281069,79909.06391160093,11246.161359535388,5980.830384510221
440454.4965615888,333327.3793228234,-524477.1950211262,51162.0211038133,-23093.48165404267
-104180.54448442589,-61519.03659945452,74046.636305122,8970.483438861218,5207.806971079834
-112677.77830649297,-66600.86402997407,79698.7546361966,11123.99979053963,6082.484844138083
-112385.26268798247,-66418.74044266186,79968.0415548984,11089.279700560599,6023.238291524186
-112466.04400882612,-66718.70116731775,80158.86093228316,11086.852684284675,5948.109270740668
-114356.21797479839,-66926.568343532,80617.89367497535,11200.468637278267,6051.356333216764
-109169.28098092695,-59178.07058235673,70212.7843918625,12648.348043425547,4385.757087871818
-115289.61241919851,-66883.1966288366,80861.58738663272,11038.51627941202,6123.0519934850845
-122487.11495546607,-60189.5443198588,82108.31447077484,7935.318018525343,6144.351910435069
-128601.47560130071,-68843.54573051268,84099.76001021489,9696.758039906783,6255.461028864127
51203.526134596585,-11817.243028902421,-11856.308693820982,-22774.85342382011,-7686.396928388053
-111501.02252995476,-66542.14381652205,80168.1304309476,9574.85433660261,5689.606503757595
-111379.52629244108,-66005.1943611436,79170.75099997711,10997.973152073224,6139.573578008371
-114046.93004103251,-66062.44259267351,80063.53584764904,12123.728829592555,5946.84504236219
-106044.41820896698,-57454.10511517075,66970.69851782822,17032.509897652326,4435.303122691716
-108431.91660035272,-65947.27902973499,78550.13797878433,10406.355365794865,5683.91964270999
-109933.75460439577,-65730.34259180768,78447.65995349582,10346.840614800807,5719.506324252575
-111888.47595419113,-66705.60899622485,79465.26526571317,10402.992760258418,5839.104569055543
-115653.92945320494,-67371.54415591266,81015.80367784826,10517.407215654575,5746.708134688623
-112493.97991954043,-66768.04415137396,79739.36884090593,10973.331789261683,5980.394334381826
-111996.70655749974,-66229.56714250232,79105.84024507919,11072.466082926614,5870.695525546082
-116217.37569509244,-66826.70241544685,80785.8688349699,11021.321679584427,6294.862601746036
-111896.46119576292,-66488.98252930748,79831.82637838903,11090.345511464224,5847.412982784037
-112830.2836008133,-66931.35401002657,80663.49799810999,10249.490013459465,5759.00139202678
-112059.92799748553,-66240.18701059652,79526.71519334949,11088.502896835082,5982.05325270512
113322.26991525851,15903.131561935224,-58253.42805745395,-55876.55058407433,14615.587643460181
-112295.86023579071,-66377.68959567326,79840.68811047151,11259.333380843886,5951.704259301161
-112626.04978603944,-66843.17853941263,80075.94930714904,10631.847198780262,6114.859745598348
1701.863284018852,28575.62116214018,-59408.130614306276,2366.1887794176478,-31.619075341051875
-29467.908465050106,-68920.5404555915,82540.85292824756,4924.5433996798765,7641.413738841939
-111640.66866603817,-66497.91473322547,79750.65748177696,10929.762998186481,6208.302879123904
-112247.31733084188,-65806.31033253914,80307.1578498052,11100.830102036753,6056.806293333459
-113949.74904828606,-66342.07319861474,80423.48996853884,11205.225772955664,6220.342212703205
-116318.02118617362,-67031.29889869971,81283.73864299656,11054.56755282,6185.490325648929
-114028.46345537598,-66411.03519861668,80406.3592552027,11033.201953572827,6372.819715410187
-112358.74660788295,-66324.92607675442,79522.08743549012,11111.118261175396,5876.200209406341
-108605.23317367835,-67210.86257825428,80649.60700861418,9391.49182548681,5718.984976709754
-112193.15760848968,-66581.29264049693,80153.08161341878,11233.092629603205,5947.215959703656
-129448.29208020285,-69349.46621887262,85036.61524560019,10119.581499712853,6268.99999408121
-111732.06994664583,-66616.78490994105,79128.84115730332,11163.316786105284,5951.791315155842
-112514.14604486308,-65707.79626480883,78671.6858016908,11664.641911457058,6251.638602587716
-114060.52707746494,-66416.85721208875,79738.99624955554,11208.194162643797,6403.40457413603
-118175.29021345472,-67691.87390442911,81697.2849530423,10413.494554527342,6024.117399869598
-39555.124977787746,-11477.194716527503,-7715.217075030122,7107.462392270953,-4712.344215152283
-112172.44615350048,-66179.07028114592,78948.81054846963,10641.804964548084,5847.241733749735
-105558.79572486591,-58492.402535576424,68114.62494441777,9947.115090727475,4369.465074516693
-111210.94531498024,-65075.63788424002,77773.10457502062,10526.899170892433,5861.028925471682
-67005.21304190169,-2210.8310481236567,-10406.583976172422,32932.35195558783,7216.922552643866
-112493.40912087083,-66739.2882879657,80128.82337963926,10818.821838878132,6019.117954120487
-116389.23809477825,-67069.88986751778,81091.03694421517,10766.069823908372,6037.470757137613
-104340.1371906706,-64476.71163402446,76412.74932829908,8896.815199578274,5179.551339303077
-111688.56310497213,-66578.59324888205,79749.55100805484,10730.74620020823,5657.056991326935
-115897.02800347026,-67222.50157580037,80866.77059747308,10800.626406669124,5693.603478811253
-117923.47970032078,-67514.90949012696,81483.5539190069,10500.857203507867,5775.4019417353275
-116932.9651776087,-68219.62510766687,82297.92668754052,10246.807040724703,5792.1873990986005
-112609.9314030035,-66177.94760814868,79666.38593620493,10468.928758201537,5832.035786508007
-112244.12364078479,-66300.2982810891,79765.41457475896,10847.5118764436,5878.476055575269
-117811.94165608425,-67097.11606037804,81777.55785672237,10678.342417345439,5927.394190970286
-112591.30497790559,-66650.92354326113,80298.69852337068,10775.948928822108,5866.8266598148375
-112558.97790695705,-66377.25449941681,79918.21959372863,10838.63361442118,6062.474877391253
-115112.53793068965,-67065.88369414619,80847.79090647052,10912.004643453918,6053.207504746071
-113175.17028407451,-66799.99435888733,80145.97758019058,10832.40192543175,6018.293010331001
-112271.58299888692,-66125.98394768269,79338.09831214485,11301.789288942979,6071.544740100951
-109622.63265646198,-62065.480891016545,73399.28461216784,11665.159008883613,5490.429527468217
-112498.36550282963,-66282.36625387237,79474.8554069943,10942.25161201572,6063.011239968094
-112470.51430743696,-66477.4238578339,80069.30560915847,11269.051901189203,6387.536163996088
-111923.91779170827,-66415.79772506679,80177.89799538605,9838.743559769438,5924.213548261508
-112577.46081374305,-66438.44358255548,79857.92889811241,10920.721048370886,5830.586118622847
-116390.6525263473,-66624.50982930277,81094.47654102961,10311.66653253257,5813.621609806863
-112373.95550929398,-66541.34565391346,79901.9541104592,10853.700363468563,6234.239257932073
-111675.19988398554,-65443.84124791772,78343.87071384201,11913.125743642953,5856.944799445694
-111487.06773494619,-66261.67634484929,79588.72425180527,10958.017026973079,6268.757534615212
-111675.17998754137,-65951.32142053163,79588.1222088799,10817.834744880738,5942.71260110378
-115622.46951448472,-67329.20717957089,81227.12185327694,10620.489031631825,6132.439344528011
-112032.19026812902,-66175.71353762678,79851.56314672703,10836.176288318104,5953.049167252054
-115064.6473909071,-66621.88862043446,80731.44065115921,10764.485184939713,5956.528025683543
-116716.83030581757,-67024.52588506269,81467.56409227784,10798.383580445035,6039.690002047249
-117300.00146382474,-67067.53693151179,81651.4199622395,10934.663463182818,6126.296280307843
-112136.11620547215,-66628.96151289926,79691.07739031679,10377.32610564583,5826.5863218962795
-69409.61190972224,-34364.16406658827,31144.166274694886,7015.766816719625,727.7669100412155
-112397.57907501045,-66677.95377661845,79852.41858094647,10588.043812616483,5945.920014242045
-111107.73866766012,-65847.8810693617,79062.01665182311,10665.954125732764,5852.504200034793
-110822.20662227186,-66369.59228016135,78822.50164992182,10248.730777411261,5590.1362120748145
-112029.39912544377,-66684.48295233624,79449.39643800033,10597.516143909155,5695.103148683859
-112499.4377058028,-66505.81249705597,80118.62028147004,11048.826191535978,5769.634800703152
-112473.66143218872,-66787.19851562033,80084.65438007987,10651.654109554642,5961.208971914448
-50761.59304338085,-56802.54590290776,62692.446890970656,11675.914049998384,5123.257607622896
-112456.16031662509,-66281.51328938601,80074.66199143,10959.628441683075,6125.241700992974
-111992.83186174744,-66628.21440665647,79901.8556245328,11031.894331416423,5869.955944763269
628364.8144749645,322662.29631022556,-468532.99305855535,-174258.48627846895,-75920.29946949657
-98473.34281482764,-56361.006526674086,63247.99763673194,10002.006977827046,-2325.414073887664
-115337.41851563934,-67053.24788044824,81082.09737237812,10912.083030558708,6102.27425237552
-112578.97086965863,-66831.38448130229,80446.00777527894,10896.13782122521,5784.2403855482335
-111312.63963910402,-66338.98476022235,79729.73917466149,10966.420699600005,5750.210555598352
-124389.11474829171,-62577.46510351796,88343.54843381372,10188.773771796412,6256.290982981099
-112368.94454804833,-67085.16961621612,80266.06117890042,10550.718466163262,5964.476569919894
-113459.29257777781,-67132.93804940661,80468.15784914332,10547.895990250694,5882.224364044673
-112867.29954255615,-66704.3434274208,79974.9770542078,10897.177448518201,6107.45557565447
-142979.76927823064,-71763.80015190897,89399.49414226896,8498.202427890103,6070.406031904862
-112578.17682299453,-66872.49901008033,79971.96676147575,11123.587368493983,5868.4350217954925
-111899.59288053116,-65987.66190717155,79278.36263580494,10899.665730866935,6164.904497820638
-112152.17323702919,-66701.25554634469,80179.37531090908,11012.927931767348,5638.06219879774
-110303.98686869346,-66117.29824142483,79422.4336668529,10513.553481684869,5787.053238386156
-112450.40826499327,-66363.90785016403,79743.35775826733,11316.659102281137,5722.877819542994
54128.38074768871,-717.6747923959664,-22068.07871404613,-29716.1477023066,-9587.643565639504
-112005.89473305666,-66489.93358461265,79784.07049015032,11151.99827718338,5829.518464469792
-111883.94838543177,-66545.09392737533,80127.86860651181,10979.446217542703,6133.022192839913
-112020.39115617197,-65599.54972454558,78639.77156219559,11034.126127528561,5970.215800263761
-112629.80560540096,-66394.49972367688,79865.62314265745,10898.378796570685,5922.151512032936
-112768.22536380836,-66456.7072638345,80061.63523045863,10633.42393621876,5767.142100473403
-111829.34443157837,-66404.6054526023,79672.82577574762,11280.653696362297,5959.663660977282
-111950.32822118522,-66171.507936644,79308.59597962051,10348.74465188458,5896.080651151865
-113628.22065720428,-66781.26492949716,80342.66217823244,10800.098355590348,5917.042291588082
-112885.90763674886,-66914.48410590884,80108.15566298836,10792.152465720379,6033.397759774277
487946.81881887524,61878.570483507676,-140769.8612413832,-120336.73216871613,-22493.26524268673
-113005.52852632287,-66786.77087450371,80312.59983109176,10939.683277504208,5797.8205205301865
-108006.24332834965,-66155.63004164421,78736.182178528,11053.7163149147,6333.062563306958
-99078.46469089195,-48573.65422997187,57227.43922324012,13632.775550672819,1674.1839929011978
-112686.84146218194,-66904.01977709126,79924.51772682245,10994.823614220963,5762.9660824301045
-114488.4268851644,-66666.83550148836,80532.27418606098,10386.024957229138,5660.367512428601
-104007.94489366021,-62177.706015506374,74029.76647173958,10758.12091772545,5421.511761761937
-112424.5178138763,-65952.20570887842,79293.96633157016,10876.867958439325,6096.676738344896
-112442.49792510516,-65987.68666496867,79346.11148230456,11498.5784758927,6297.998929996254
152584.2071529622,-19259.33167837253,-2122.0938843658055,-15238.116883427349,-3239.8979323714934
-111883.9280839539,-66491.9611925641,79787.71346358514,10207.00926783794,5672.08176176904
-116486.53711795145,-67532.96914616431,81196.14185011415,10800.64920733383,5917.8196429977625
-113124.24617934898,-66691.15497403365,80091.97028122883,10560.529156827333,6146.3978556374805
-112110.03286691639,-66707.93695519715,80326.3317676734,10163.764449145167,5750.780148925135
-112715.99158889169,-66685.29758449725,79843.6175991213,10928.862374695998,6209.006321029047
-112646.73953645273,-66371.87116310898,79163.56411756092,10453.494705936911,5801.457551525875
-112710.82386652983,-66636.80524833019,79720.7200864768,10657.193493428087,5685.555226522064
-112700.62327088648,-65230.79691386996,79360.84081161421,10870.170973903749,6121.729512938461
-119952.48072597645,-67847.24664351511,82254.05029769363,10716.384398036023,5808.137130126093
-112141.98311382787,-66362.53687218604,80040.1167455013,10998.226975943786,6043.210307271446
-111833.17474754146,-66353.88024932519,80359.98489437737,10928.18687808803,5783.132905717588
-109700.75020927905,-66170.58187757297,79201.21123380076,10974.535758320506,5774.990940561082
-112201.37980285582,-66501.6786572683,79655.36176829654,11185.046562060945,6262.846342181154
-112270.0457140004,-66565.23929540458,79441.50199804595,11053.368139490942,5919.123903566448
-113542.75656218847,-66002.86100999032,79215.49688385939,10425.775023964063,5936.961605763138
-113425.3319773388,-66720.25602874278,80455.50812103749,10710.35010624334,6013.667751612988
-112060.03336826978,-66423.75802276625,80099.66578248027,10615.470666712017,6023.094741672913
-113027.6073069309,-66567.0137063431,80007.48962733119,10683.928200434832,5736.426995860234
-112151.32092276769,-66255.77280579318,79658.32241965587,11169.224458676445,5988.730256106916
-111779.6539398955,-66415.40883662988,79680.25506710573,11198.273713676115,6063.8838681314
-111450.61597113835,-66862.85198142694,79844.59216206356,10939.225689979052,5873.551010244825
-112670.60344301538,-66894.94704012717,80065.51854228727,11011.39397514133,5914.253001966922
-115575.48099661678,-67263.1509842498,80910.80479004025,11027.983547979853,6081.414739665395
-100067.73429225314,-50869.50912088591,56236.02469503768,16693.194844722046,3246.90304470083
4551.274037601585,-36561.25874761861,28874.064235166534,-18333.018425657585,-170.16409928973903
-111606.4970600579,-66508.56089385974,79661.09323704992,11083.917507102724,6123.942059163851
-111939.5528027874,-66461.85100011817,80192.53240470223,10877.313827036318,6202.893674754529
-102879.5327770364,-58918.207185607345,69788.24393908044,3972.800612090388,3845.087285391708
-111400.59696438281,-65918.02837908512,78338.6454326436,10378.428751161768,5579.20720728787
-107964.6239707642,-66998.43942212331,80318.4644998126,10893.328970394143,5864.022039840666
-114198.50965486173,-66956.14249223925,80201.33615114728,10580.314291221252,6044.541235538356
283769.7837617466,17979.846061951317,-60732.999797761746,-42954.33147930791,-15821.970320970646
-112454.72414432501,-66512.55410457459,80033.59385171678,10714.429260033332,5766.773384706201
-111113.67963002554,-61902.82238284016,76225.25091102596,13572.117776116613,4873.127305705454
-108640.66907206054,-61311.13218793617,73342.73999921016,12323.785206400242,5988.4006135895725
-109457.57598826782,-66039.87371707136,78758.24576441647,11112.993456273683,5901.638360196935
-133869.44213366948,-65262.51067769668,79331.26523161442,9770.71089740381,5493.059012411118
-112171.09039204256,-66475.39430086632,80027.55053865848,10809.990933386438,6098.928763404593
-111786.62465632691,-65583.98020732892,79016.33474565709,10988.862916264716,5748.025011509743
-112786.22440036894,-66516.92668224461,79732.0502246676,10886.978759277894,5780.367649084402
-112062.72849381843,-66336.44624979622,79916.20685556946,10742.97448426507,5994.997586027647
-111349.56228681447,-66607.99159819509,80104.6404266697,10293.58875727129,6025.396691938562
-114055.95631003569,-66831.35331725978,80683.16153915424,10684.965715813554,6000.67218430998
-116491.50899710164,-66704.9521253453,80915.75631186464,11036.364028280053,6109.154854141202
-117640.54977177395,-66907.42614794472,81354.47886560259,11143.883851468083,6162.617934811416
-110411.67712334049,-66059.5576249401,79908.60463285058,11007.736713271192,5788.197860183612
-112801.9014113459,-66623.363315922,80618.86352845228,10784.214088080795,5670.74876535972
-113973.8821593566,-66336.75916009696,79752.4867890907,11073.600277996791,5840.522618403862
-112375.85264749148,-66015.81770091894,79129.36960819014,11673.49225773473,6148.2063712847685
-112815.9893088382,-66843.24269344099,80039.51991081884,11168.003378128951,6172.539530882661
-112288.11867716128,-66170.1948560068,79090.23636255434,10609.356498711684,5778.5207250716785
-112803.98932681681,-66391.80752441488,80086.95068422788,11036.438183176315,5554.0746961487985
-109496.33938570568,-60985.32307473157,75886.51159382588,10871.4661626791,5360.35875601406
-110366.7843228554,-65994.4408531792,79022.91058084788,11131.884477026275,5904.24108747225
-110580.97361108508,-56325.734206162524,66065.36855349505,18459.49125843344,4474.598110479114
-112680.68445246936,-66455.10710674136,80056.9057741919,12188.97343196348,5917.989300176304
-111525.79472077049,-66879.48014394232,80377.70509950079,9989.765415037038,6086.012554932918
-116991.65263737596,-67644.88500684995,81722.84502879987,11368.339797036391,5966.2049166332
-85184.69118613027,-46212.8362550817,52318.658771976705,-605.9089306830423,917.7995570546611
-112000.6874801204,-67115.3242240603,80082.61263418112,11283.453031613433,6139.139083344497
-116276.17202490957,-67385.46780701686,81510.72681476703,10472.611374814607,5703.523816432658
-121474.45303826046,-68807.36121340505,83230.28543462844,10491.980772426765,5843.961718845078
-116180.79899344232,-67243.37469778338,81037.23276913981,10816.158007891934,6075.795998491069
-112316.15045102898,-66424.44988072744,79774.64572130959,10651.151598609182,5775.704737569111
-115644.14879546208,-67024.24225038958,80827.1176307776,11136.680499969618,6234.531030475031
-79086.63628841455,-17526.394734702608,17267.225532945686,8479.1522333581,-1135.8975657391059
-102887.80444375733,-64391.74058298244,76506.68944354406,9956.043305169023,5421.27820554661
-125439.41267805407,-68924.54539836038,83737.17239977072,10416.949812523175,6103.001070349888
-116240.61152657302,-67069.72427845023,80729.89802508439,11051.545577913246,5699.799576008124
-111114.84749046201,-64139.6503164059,79229.67572343581,10147.938891055157,6201.769613742632
-114373.52129908098,-67233.27710291855,80521.53894940141,10330.879095282806,6283.645144821589
-111340.97823968019,-64778.33002708649,76592.9325798524,8957.719798110791,5830.4432803822365
-120232.0207706294,-60230.4864462389,71868.59540938181,7637.525098784605,5214.662821963845
-112166.65992199033,-66258.64685589037,79698.0441581215,10395.63186530009,5796.577484318822
-112617.35343161179,-66845.79223005785,80207.71506796159,10884.692824949161,5948.755051025147
-111024.14341166274,-65548.87568053254,78481.02458089263,11127.770372049843,5629.2269932316585
-87005.50517155977,-31532.369472720726,37135.52098897636,12214.545705885279,-2309.8898321674874
-54517.71010330979,-37485.03017602292,34640.11031642823,2625.1333785376946,1171.9250060363784
-111753.84141810697,-64548.99138719436,77730.02573765858,10803.243849427923,5896.080255320193
-110322.87028359078,-61650.7172027484,73162.84765940937,12510.133621585841,5846.011948408178
-114093.49809683916,-67403.91880245744,80927.65811994862,11161.693203639321,5692.967597189889
-112471.96092402845,-66758.4783202134,79979.17056591381,10356.317035496922,5914.976561280236
-148723.41496354935,-72573.51210562434,90744.01973960131,9024.36895098028,6200.023043164187
-149294.6611159314,-72680.29504864452,91049.36428870233,9067.057384618234,6278.643785358897
-112555.11035463602,-66386.52080247564,79872.99382748813,11261.207338374425,6157.691058976321
-112125.92137144411,-65994.88251952663,79087.2464772531,10680.548143333861,5679.126938090166
-160520.38024159483,-75219.14534480586,95044.95920346145,9216.383650912134,6601.073438665996
-113243.94521363868,-66120.10202561012,79821.78320317017,11308.83706287397,5714.944211458685
169903.1778925964,18078.324996991694,-50149.30079049831,-31809.237586552965,-10583.567642470352
-49648.54010716071,-2925.757270323598,-12335.942195631347,29560.99365472941,-2068.701624057942
-126050.99348852425,-68828.35782448303,83904.41679002556,9999.41106314846,6195.426554985118
-112036.04097555004,-66434.86444728664,80295.26706415096,10667.2076862191,5981.56875692574
-112834.88538697924,-66396.72899015633,79955.39959318112,11230.602224385046,6423.12587856014
-111655.6474142014,-65875.39289068987,79271.83980651613,10676.50641113577,6095.800337612381
-127149.86185793839,-69373.86466257942,84318.69322740314,10333.149414140396,6176.669175816413
-107759.23348633516,-58994.217168090014,69120.82121545065,12784.74123870992,4889.128449324851
-112058.97207225603,-65975.35566595162,80061.90365340817,10828.228768923822,5898.003145460921
-114301.27748784161,-66267.22553913719,80833.27618309905,10958.272707692566,5964.755609332003
-109569.34248588381,-64976.803616769714,76702.86845110674,10117.904111971968,5502.067967140737
-148187.47433019234,-71611.00217358048,88620.07370172584,10199.685422857092,5768.47077297275
-116322.02241234525,-64102.5356859099,82919.88182454306,10617.242273933522,6186.24528082155
-111585.653135293,-63321.0748762987,80500.36302163564,11279.087969879753,5910.16116121889
-112097.80299023239,-65722.170063886,79265.22802940564,11538.425855901301,5802.320761982794
-116462.81624606048,-66143.53470292753,80100.88854079858,12079.782000574416,6189.080232883427
-111998.53981581854,-66669.5797076971,79754.69581791556,10936.61544926234,6292.406522245387
-108980.72594478696,-62278.0028347496,73030.17194201164,13125.350077154417,4098.58398201534
-133007.62448820943,-70017.83542906053,86006.78221385894,10233.641983402105,6203.229828673705
-99468.85188369498,-50363.05007958806,55918.61993114268,11196.255647276113,10726.954644688603
-111597.89530028838,-65240.07227106647,77917.05490456341,10306.246816855135,4962.65619889431
-110030.00786978146,-65763.57998778587,78882.11973846305,10668.942750680768,5730.423355306659
-72115.73651885442,-37035.07781751057,38114.8876836536,3105.4940011734557,4181.142525301686
-133638.54414403436,-70125.15845263586,86146.09207343131,10080.637479284736,5816.018791502571
-116256.07879084282,-67475.62329438269,81440.49202546164,10864.311805345897,5855.904211821411
-99289.41455387851,-52692.3116891071,60998.22950564822,11129.080605569196,4191.715891070218
-112664.49927296265,-66212.67609451414,79687.90659660919,10910.569206792632,6158.053916847629
50716.969131538186,19518.967883343303,-63439.92362364239,-34711.919296331274,-25.348354649093064
-112738.29793444957,-66772.92823237459,80169.54166712206,10939.255971651915,5678.058249105643
-113937.37331849008,-66843.3424858447,80511.99453843644,10964.215550444238,5758.471345954478
-112275.99439946219,-66664.7012847412,80157.5019497696,11014.470782942914,6148.266722924712
-112527.2547640051,-66701.27668330571,80058.26776339131,11081.757881259122,5794.160890947345
-116282.67108715259,-67383.63020815219,81286.4392833772,10503.980283264802,5936.936682907716
-112490.76374679977,-66347.8415102435,80056.67354079621,10661.336490022008,6095.798131233743
-111794.22331974443,-65341.86020398166,78818.11542368896,12040.162032605473,6212.710861301952
-111578.81327331196,-66092.36422003013,78868.01186506679,11036.065137086105,6103.731035597131
-111232.3090603076,-64164.39436088946,76900.55266994804,12142.68990458093,6507.837462368278
-116259.97035611664,-66989.89552450983,81153.71144401957,11014.087276178416,5985.781133707322
-114042.79045916868,-66707.73304218307,80005.7151030146,10467.406388703464,5672.3305833394425
-112485.015708158,-66432.63044809479,79348.12909401495,11034.237546947123,6089.952337363964
-112702.81505185526,-67081.76960505935,80188.42641245866,10591.525536435227,5927.862482369201
-112152.92279279213,-67681.88221189148,80541.6935806564,10675.709817920548,6061.553205001419
-112271.79919108083,-66445.52762646285,80021.00707353566,11127.5654780815,6132.795395530488
-112687.3718878266,-66279.80326249161,79506.17761543694,11108.931490472522,6018.7625874745445
-123900.00097703976,-68234.70234843838,83155.14081124161,10549.778273817772,6122.062913801269
-115910.98135668611,-66535.57364730438,80210.8020475714,10769.608083592202,6162.297664724129
-112305.29597984439,-66344.50494659304,80094.15940740333,10698.733679793406,5773.051000678858
-108425.50563532735,-45108.8413492786,51662.08041774103,12996.887837016717,2812.3039141472827
-112339.00486188538,-66332.35542276554,79706.6196424137,11119.012162524146,5916.854782769927
-112129.51521028315,-65568.89889032187,78892.6818772097,11640.464646772742,5905.366394433052
-112602.49646380664,-66605.24051914753,80069.01328038838,10788.267915623337,5783.47164907142
-112748.85073177307,-66923.57052128081,80248.49160412514,10797.611679120562,5936.739436389245
-108537.71675403551,-66365.84157708238,79276.17301877716,10811.929829869216,5921.110179345192
-751.6938205630997,16606.397852928356,-48541.093611274395,-14778.14728526008,-15670.971330566545
-110430.84566400836,-65015.46328772193,77369.19444413937,10909.608822009728,5521.719602593824
-115620.86513870493,-67138.12457562295,81638.16046481123,9983.782799365268,5950.152392104293
-112052.52522654201,-65974.08472147633,79234.63590393023,11136.330962498201,5786.00225659023
-114024.96008732844,-66746.91258363418,80501.46911510473,10610.441264016803,5966.635241124899
-112458.71489060401,-66786.54435454041,79846.50419370584,11013.7852863719,5616.737683432779
86514.01043479428,172665.72297621268,-246353.86593610814,91429.92285436532,-31442.780837507806
-114242.90740386635,-64746.75154421241,77084.72839785065,10747.908464734553,6029.197230464478
-112705.36405258256,-66782.81721571994,79991.5645345248,10520.870980257747,6268.797172017156
-112338.78536152084,-66057.01554757779,79099.43512967146,11074.351940530702,6109.672837328516
-112284.1318864457,-65913.49303775578,79700.32246409114,10544.604537356303,6181.238131814414
-111782.08775972496,-65723.29687547572,79136.37246803974,11222.470819421505,6048.8991145754635
-25133.460609106685,-6764.370955862276,618.9203499981,-4425.113566193663,-5545.6889926205595
-112593.0172120384,-65812.64845772923,79402.2912180366,10252.937262070773,5831.363834137173
-88427.78774276265,-45013.95906292204,46681.215152392135,6845.952801072474,123.68601904295507
-71178.68923073517,-13251.87720487908,40331.76240029107,7742.080926964297,2396.7538740290515
-112602.33630669527,-66069.40285305797,79368.9812940578,10536.559405558832,5851.332867977267
-112474.64872289036,-66451.54788615784,79928.2402795388,10546.61935393056,6008.25464440365
-112685.52062865542,-66895.76683293922,80426.67483973398,10845.24821659227,5679.1177473748685
-160520.38024159483,-75219.14534480586,95044.95920346145,9216.383650912134,6601.073438665996
-88143.14329911418,-35599.033743912216,34471.69959170991,13088.60079061902,1920.0736878371358
-109185.08442312994,-65940.90497374065,79028.98002150629,10529.806149471066,5902.594966123938
-114301.51551859028,-66623.74391372282,80511.68199781884,10732.902142361576,5885.934862928927
-111412.13550939615,-66285.18194967626,79611.95542897924,10666.710369615994,5987.871162966528
-112708.08764604568,-66491.73411565238,80102.7300557615,10612.340693835202,6094.3242177881875
-112158.41578296271,-65261.133003323375,77882.48991985916,11679.604043806277,5940.607099789769
-114235.52987004184,-66242.733885269,79616.67647617136,11234.337837069086,5812.196420512779
-125439.64386089782,-69031.47657448181,83926.41332947579,10742.819629621945,5850.558428064346
-109507.68660939808,-65172.04675544153,80009.30683975334,11051.274695869375,5978.22169964008
-119270.51603429239,-61487.186770035245,74997.20926552758,7865.274482673041,5638.3337272198505
-109615.06229422438,-66324.45237305122,79497.87335744953,8953.44782786203,5552.460830424749
-111480.57431159906,-65370.463034015316,79381.1365550048,10596.738072592403,6190.173944436581
-114176.07677412956,-66747.81731146834,80740.12134230918,10802.29051521283,5918.230283002729
-110602.57578590114,-63356.718447383304,76307.5723477164,10112.220407412007,5397.810516404899
-112107.49096396074,-66536.02543702585,80199.66815898976,10632.241632552003,5983.9466845827765
-82192.07147684519,-39049.75125245932,41983.206528401926,7527.684283959433,2554.8513384395424
-108326.66746109788,-64572.866926575814,77622.27283057915,10665.527046149342,5744.0577277935245
-10163.711514178909,497.0724607788605,-18051.740235579637,4774.9706106872445,-2035.4248242793797
-111333.76682491727,-65053.11391280018,78762.8038484957,9529.305698473872,5762.291216539636
-58999.28560175107,-57268.75728765315,65093.56534109704,1088.828920078072,2656.356372627857
-110235.90672111597,-62598.60656755166,74802.52263891343,12076.87579841011,5664.647297951516
-112428.10526453653,-66457.458700848,80088.56240979457,11000.473262389123,5966.036148891613
-110870.7205658715,-66028.3162193496,78739.258017263,11545.750267792135,5970.042960796345
-113804.99870887332,-65975.32790538298,79455.94190255512,11670.847146694914,5895.230621377451
-110341.78039269842,-63546.535682298294,75876.97182891889,11933.176230603081,5630.719942601886
-114037.23433434342,-67103.33199338133,80296.24672756292,10897.3835665208,5878.70524588466
-112565.8661013576,-66755.7227185428,79929.39371146134,10481.925344472254,5891.922215088423
-113973.06255058947,-67086.1888598047,80502.67101324009,10420.183507720716,6078.170864098735
-112145.01108878662,-66236.12204841632,79599.14386324065,10794.848915566858,6143.462702691629
-111643.53760640288,-65652.99523294416,78817.97630996429,11144.835696876626,5832.339863914338
-112521.15525561445,-66570.43038494354,79956.26234885532,11004.181087198336,5630.50274059866
-112609.55448035523,-66564.2181914119,80011.29650375394,11102.28231377948,5979.911630968103
-98362.71948868212,-64100.359453703866,76210.435182261,7531.937777978762,5178.593776032305
-116222.21257195536,-67389.41891465848,81083.90730962787,10995.075941330577,5951.882609791291
-110636.20527238386,-66797.16512922785,80225.65192013707,10967.556822933435,6077.981119470191
-90165.21532362778,-26994.331943419398,20676.01751685294,25093.955842461495,-293.0862252220211
-116867.64346211532,-66878.04334307564,80599.00387183887,11195.358694371847,5997.429875325872
97451.1083588982,73574.84106151112,-133436.19919256415,-44158.10128044078,-13148.221666097195
-109347.13840101539,-59753.66164498206,71145.90972201747,15675.439300036902,5614.715828102087
-113278.10205085902,-66594.2112388048,79994.9281717791,11261.581687904423,6149.146054781394
-110909.27482565453,-65665.44676076631,78955.97352185275,10269.97474259443,6017.136863913221
-111128.69171562332,-65996.75305452266,79657.22986476317,11048.2343909585,6025.446999529882
-111387.20467981132,-64800.81482167712,77910.99569662029,11296.990980176924,5533.530397319495
-125509.38375745282,-68790.46722242257,83607.43381733679,10657.931818932575,5937.065173487992
-125443.99772108256,-68970.26914303472,83733.61066906701,10528.23410744778,6069.301714785005
-113117.96760168561,-66566.48692166906,79761.40164168802,11331.187247508411,5822.288255454622
-112147.25082197509,-66337.38755450254,79684.97930522388,11148.086699163536,5611.417926902461
-111749.3812236553,-66280.66849666002,79712.4704181056,11231.784488220608,5778.939947825302
-111500.88311307931,-67038.86616366945,80272.01197773156,11096.649473641399,6185.230010532589
-116556.85988284805,-67248.95130840797,81457.86306360131,10436.807531153465,5861.079951503444
-112173.13993696823,-66351.17372205976,79506.66122872406,10927.236166100114,6040.280946351496
-93536.49975597797,-61987.87362729979,72283.15575784432,9208.791121472092,5607.5465081257635
-112874.71899275482,-66356.84777205205,79564.82720757698,11061.000389217965,6064.67446123055
130829.78849165866,14635.459091476641,-42216.31734109641,-31397.59693970901,-11118.58925962664
-105027.04120693801,-61316.86217684523,72984.39856799094,9492.555761721114,4707.982097667478
-31080.686246063426,4489.449952657609,-21143.930136711824,8746.049294688632,4126.276465392751
-114303.78180835205,-66783.39991898403,80133.49022113203,11104.401340469773,6026.954615599216
-109532.50494854561,-66243.07646313155,79168.96947558943,11078.941679362824,6007.909059353176
-115064.75358026879,-67548.99108337447,80942.21457788788,10800.154704090899,5961.123006227985
-112415.02201771454,-66375.14687688471,80242.71058330628,10814.586040686288,5700.974182712633
-106587.06916610629,-58921.50286406175,69146.3359172908,18747.18759278925,5828.367644588605
-109640.89487300483,-65826.86840575654,79243.18119458672,10332.431270293422,5378.740189651659
-112086.48123485992,-66342.35593575322,79331.94368293755,11452.760534378345,5766.768369463661
-112425.34772972122,-66590.33359255978,79870.02207536,11165.201536480467,6396.948124827032
-111935.65367563003,-66739.22630274454,79712.12612516122,11177.876782914573,5966.259099539382
-102708.74630082834,-63854.84186162915,74964.0053549042,10909.124806988775,507.79183930208876
-108281.24314768662,-64355.423064848605,76757.19622263165,11721.45408712874,5654.262482858489
-110382.23251646165,-65380.71496044922,78178.77388873324,11658.776050015038,5758.337249702007
-111962.6377038869,-66614.41871301447,79841.06447757353,10726.809554860412,6120.005133879137
-112015.61467080725,-66920.04136266929,80556.68678849401,9640.566523095447,5835.7250232312135
-113533.59362135301,-67076.13646692269,80723.70131415327,9817.943994643541,5796.477686564849
-109549.60881342298,-63337.318027128706,74686.38416145692,13787.438326809099,6178.552400557776
-105462.43437583686,-64517.77522965499,77222.22560603719,9792.65468410488,5392.216549091544
-49636.368542543736,-13625.422900853098,2021.1049614922006,10916.443174816546,-811.28433405266
-112995.53261024691,-66807.15592961329,80451.5246224236,10878.438745671889,5909.456366561187
-110676.06154598044,-63375.234656206696,76288.17737392608,13999.999138505058,5990.039200012269
-112333.00582039749,-65903.13455003372,79030.69568776489,10466.56820645129,5636.113977860503
-114758.72438100485,-66551.35568021698,80158.52777672873,10431.74299549964,5735.379191163075
-111949.22073134487,-66034.51195158418,79519.19939616317,11474.04858714961,6114.860133168619
-111781.02813632802,-66021.88974240425,78569.56271535736,11774.374810020858,6434.71652291552
-111910.34560835028,-66084.891621352,78526.60830376211,11396.402825933095,5981.485558190018
-111893.08042379293,-65755.54495402862,78882.72046563918,11038.539814045611,5829.566389751117
-111631.89853798879,-65850.80048175437,78776.73418069587,10855.63939096498,5999.831967016706
-109706.56706457054,-65275.60388085946,78727.96205964347,10938.597159097917,5797.483287496695
-111325.79507604007,-66156.40438828764,79518.39699613943,10775.617055866738,5888.787254598617
-109670.4539286653,-65810.45995715617,78476.90818642164,10758.851805153052,5727.33695947688
-112666.20450899823,-66372.02988419117,79548.86077572485,11091.273499362442,5773.007369201623
-98917.3943182401,-54919.79809707741,63050.24004337845,10822.064696841828,7396.0136922063675
-113715.61410134855,-66853.08163675954,80842.9533642581,10527.166320702212,5774.281431115842
-112493.54877245899,-66277.12646460091,79448.87554416445,10114.353520824794,5772.814683037608
-65885.79051228575,-61778.12007696332,70114.45027890679,2495.838816832219,3867.0479763914395
-111667.91887085151,-66506.63137360162,79342.09967701371,10707.00210898261,5883.6453221715365
-110887.88975866429,-61879.79332407571,72887.16888875981,16801.972315862728,6693.896558322221
-96376.8415129708,-58904.55314577518,70258.74539055706,7824.017408878727,5729.394150636716
-110821.87045315834,-66079.99025263805,79606.31651546751,10666.492310576292,5829.106024422919
-111508.67121557944,-64277.967247175024,76475.92055704731,14746.157580564437,6277.254700765043
-112095.0629574637,-66523.28793281877,79681.52001689943,10956.805083581805,5802.800685744329
-111517.40411140917,-64783.6790457563,77293.46850049512,12038.032931726611,5626.216932309496
-113616.14428697692,-66665.66144177518,79988.7114192072,11163.021811719093,6150.274322829593
-112438.61268278382,-66492.65222118018,79888.35363932764,11440.685001028836,5682.530258380871
-108553.71089089772,-59883.35799390436,70508.7433090195,18844.02578656379,6265.406463973357
-107137.94443830858,-63311.938761296355,75487.79762972258,9748.690040492333,5930.696820400267
-100262.38614968696,-65765.76679481353,76477.19989199971,15006.876739482092,6426.8460858284325
-110189.06560638247,-63834.21783731452,75089.74688053687,15156.180379857584,5280.018870860009
-129214.40404654322,-69856.65215804752,85567.04633411285,10267.809065409818,6041.478429075213
-113931.07965752769,-66442.826765759,79868.69657008439,10691.84414794442,6013.7099119343475
-112485.24257645923,-66927.38340231025,79981.3476171997,10736.09381985313,5944.496047003557
-111137.01185136038,-65957.34994075255,78517.60780985992,10353.679242824077,3643.551989707213
-115536.62898623815,-67034.28438221334,80521.83407762274,10974.325204735447,5827.668109648952
-112382.7425840525,-66980.40729336256,80700.40244438092,10405.408318125055,6052.732315847282
-111436.8811338456,-66952.42081619517,79643.54892874796,10842.689164763926,5687.390594208681
-116040.14051874194,-67661.0578897336,82074.66888233295,10128.643868795025,5905.860455658722
-111439.91092965272,-66750.74336292589,79663.2347205135,10973.429664305373,5803.226724654757
-111455.23231541984,-64750.55835007756,77635.83970978367,11179.337549869077,5584.96188797988
-112372.72468327725,-66390.75200942974,79634.61508305185,11598.137009730666,5922.858358676503
-111491.43687908739,-66605.07828193236,79768.15138633583,10739.290829525788,5874.795050300265
-122853.2028912223,-67250.91674298087,81510.58899083934,11368.434597613741,6119.366712400551
-160520.38024159483,-75219.14534480586,95044.95920346145,9216.383650912134,6601.073438665996
-107104.92650277667,-65833.40788381187,79804.05020587951,10564.314956698881,6035.153563071192
-111834.17592564608,-65977.56644928872,79323.90408085947,10470.62958104704,5594.020667468482
-111886.17274434083,-66138.22255435828,79648.26522888013,10500.202178518912,5571.30410751413
-111666.48586848681,-65594.02399470464,78661.8759552298,10652.743166850505,5787.8284441687065
-112728.97617788769,-67016.29515805475,80677.90130807401,10743.2603534517,5833.45264830167
-104659.5803872687,-58671.67016783596,69731.09293129474,8500.792777781206,4438.2045083715575
-112372.4326968002,-66437.90137998175,79884.39632980165,11223.732775521008,5924.714443277233
-112212.38963607678,-66015.13216734809,79712.7815507991,10870.69111651391,5971.337170596713
-126891.30941385723,-69319.69806668814,84419.07507287966,9822.141390377265,5706.1405601071365
-112413.56184754544,-66773.00399890215,80066.71366022844,10769.975271432353,5921.412288575203
-114201.92678458562,-67084.64818675519,80388.28592068076,11001.250780747629,5971.589331616046
-111750.60803053141,-65888.85142609202,78942.20179145006,11092.328620682629,6087.729995017036
-116187.68044528727,-67158.67216589826,80998.33972200833,10412.025963799595,5805.688037232061
-112925.30315305023,-66859.13719563736,80296.71196065747,10512.169356788098,5985.8466687361715
-111669.31476981385,-66198.48628499504,79601.58429346335,11210.90490990902,5841.565168091961
-104675.21831232174,-63446.55981622499,73838.57237326901,8914.185909963022,1757.8742631958135
-112711.9187625364,-66012.14339081846,79181.58141309468,10136.559689045791,5908.931770680831
-111987.1426059015,-66163.9953401317,79182.0253623485,11374.10898760517,5938.7942881668005
-119220.76705452296,-67680.60728477371,81938.70376015171,10812.324985090821,5820.971345146857
-111819.75031914888,-66775.12168568488,80034.11729772808,10369.376061865822,5864.767518805563
-83785.23406763896,-61187.882393700034,69100.39390313339,7671.717402575155,5579.239678657451
-112213.0857890493,-66437.42427336249,79830.66200769892,10952.03465474612,6085.0079450867515
-111625.0312480133,-65438.69224412617,77994.42398933487,10797.319216756205,5555.918666047955
-109843.61854475907,-66592.51867127932,79814.27177316937,10375.103056070682,5841.910817234678
-111814.95122167743,-66175.31580901572,79772.78554408113,11232.799144370318,5882.765783032085
-113876.62443472528,-66544.85898182009,80089.68840143547,11088.048419684113,5959.502958975751
-107698.07045013359,-64013.90639304135,75631.47504545294,8686.0857515419,5438.837842026029
-127096.23647904882,-68881.68801067452,84112.01196826622,10046.405335982574,6406.404877970127
-104248.64743985023,-55620.16420547387,65647.54250198805,13069.824888253806,3515.147169645752
-112240.75891745111,-66529.00611476826,79820.69459110606,11092.83781344566,5810.4908067236765
-112377.0479431158,-66297.10953552456,79794.50662265517,10741.090030818616,5817.163150671601
-135874.78554503695,-70573.87254228131,87274.39603243466,10070.705229627793,6356.572093443369
-110385.32743216235,-65864.01379379755,79013.21623088149,10898.434544085367,5686.964841096661
-116752.8171707859,-67141.31121232963,81243.72948346626,10832.017553846013,6024.594618157697
-106532.0998493677,-66268.72384138643,78630.925775948,10917.406562937736,5862.215868607649
-112515.26384043696,-66495.84440358651,80363.47403990687,10990.192536034387,5834.514723707432
-116627.67808326344,-67585.95854708222,81285.44176436927,10734.478741773088,6160.197760513229
-112200.27333235796,-66453.05147657174,79918.2331292349,10863.520079537739,6002.804203152324
-55492.02226509974,-28812.666509604438,33353.326179445474,6232.423620235455,-2623.044432347506
-111116.98623486987,-66228.50779447422,79222.78845461083,10161.696144757268,6103.822252805067
-109334.08760336232,-64794.652472068876,77461.61812215272,8473.06731842238,5691.077634640921
-99045.90906327938,-47008.05539138248,54205.26115404196,16085.329859844325,3603.8149270365498
-114323.63336897102,-66864.25996345594,80372.99006271135,11047.677962638189,5905.76892994548
-112658.02884501114,-66701.38637193615,79960.74849053328,10582.267068932853,6039.591729794084
-112768.91789744847,-66376.83863853442,80286.9039163331,10722.986983205903,5730.909606719834
-110068.82049019937,-65679.8252808922,78044.61535830848,10609.815504117521,6670.07177247227
-112398.63850355554,-66165.370532999,79804.12176432836,11035.998713408751,5564.047830053407
-55600.24229663124,-18133.959488843964,6091.784966556258,-1560.039762293252,23179.761980852047
-111530.14696077438,-65959.42818096935,78843.412308134,9863.50535048187,7116.517072324463
-129233.14699553949,-69653.62524277973,85108.7694241472,9953.392089387718,6109.029962778357
-111743.87376996593,-66378.92080306115,79880.00547694697,11045.662519499178,5789.358910824903
-112301.80400965681,-66788.75172914602,80170.45132132036,10578.105264928578,5685.377275273137
-112491.88399449461,-66496.81083511873,79840.57772184326,10681.575304462842,5846.535582024882
-117994.27214116608,-67624.61379052277,81871.71691963328,10622.66723559469,5899.574470499434
-112661.17998670388,-66259.26845606469,80235.87213233,11340.794394850154,5971.882884911741
258390.41750759017,246512.4357838116,-398999.99285378313,-97674.26155178068,-36765.26791252279
-112226.24277594598,-64540.35929079196,77998.066677002,12097.562486151466,6172.482470768191
-112430.11081075807,-66344.90373017188,80090.71578351634,10685.101307630031,5714.546384750413
-111908.18808686359,-65566.09343887835,78702.0933128477,11467.159007228915,5644.372287782399
-112196.4427831635,-66335.49370645513,79330.2038202198,11530.568086765941,5755.548052501424
-111083.94540737025,-65294.69602995684,79821.71210999077,11092.966176305603,5979.930632116416
-111863.94762740754,-66313.19548889561,79775.75990721089,10866.242044472458,6164.1285548772275
-119318.28643132705,-67023.05540321079,81647.28903050387,10977.760298300707,6069.947641694232
-112497.50317889154,-66375.18281284255,79749.1251449941,10904.256300933856,5702.082432821279
-107093.19235246509,-56310.50999837358,66153.50324746482,11914.476094218151,5100.877198076894
-112301.9172980237,-67049.6652564792,80363.37615332115,10687.140926486389,6002.118782254373
-111717.04233349803,-65797.48979420996,78824.66143975197,10589.418599501148,5324.086303194711
-112125.79646611579,-66293.11852681033,80062.88590047698,10405.362695766176,5788.426165145067
-112851.62905392247,-66603.12447659652,80130.94003017517,10671.573546614605,6019.089656950379
-114917.91085654873,-66998.62986847061,80906.74549861993,10820.289697094404,5979.4580347976125
-112665.83844990663,-66653.3957784782,80644.64189323451,10703.049286692245,6113.790118878882
-112591.01930356502,-66466.6097015775,79856.80357086363,10831.355294649211,6094.916685738757
-112370.82337828766,-66418.28465136104,80170.82098677529,10924.001584081627,5728.442373986591
-111979.91256756512,-66077.94492238329,79265.9444880626,10948.592820429381,6092.596357809485
-111668.1199489315,-66517.12186401666,79681.67646798876,11220.68417811535,6226.791005319586
-113514.59776533186,-56848.832949098396,66183.03155232823,5004.120217132056,3291.126818824943
-112480.23742939183,-66252.46111807975,79724.82913150007,10804.028046264337,6131.779466322328
-112534.91097225358,-66450.60629762964,79939.85969025214,10263.26907751543,5912.297404810055
-144953.23528808632,-71065.25609404751,88670.81900819032,8223.414343280807,6396.00034976183
-58084.52976463932,-708.2573013770187,-10523.622873591627,13089.649897631978,-675.8544241713043
-112700.22400521203,-66928.20376744353,80289.38407169716,10894.8042552093,5794.767217826055
-109936.43367963913,-62994.00103308553,75506.02288795623,10687.10944490252,5147.504444265723
-113147.7323901506,-66337.79166694301,79925.84664806245,10383.846506498063,5751.361255905087
-111898.69586714139,-66140.94482378245,78887.7389938595,10227.932128232142,6015.00421912109
-114551.55859821159,-66959.16836850908,80306.55251172018,10637.9218665408,5955.357615187281
-112633.44590835764,-66193.14737938615,80364.74294869466,10848.326245847551,5975.4483432629095
-114404.74525117384,-66528.5081972234,79860.14141210572,11344.245120011761,6162.4085193884775
-116155.49297107747,-67240.24559240737,80993.91833725279,10961.818810198074,6194.306726284003
-110961.85003189204,-66220.48971921937,79491.75888496646,11078.341163855255,5878.727085076269
-112150.47563967465,-66288.0561675005,79625.7296403505,11353.90904873696,6074.134657183127
-114784.6171272851,-66550.00999501206,80177.40310147729,11205.788677529308,6158.793830572079
-69580.77068089574,-61864.5055190599,69599.32280319392,3816.6904571899695,4125.992281295678
-110706.09070043617,-66571.44708430652,79470.00030309119,11380.301560750895,5852.723827322488
-112518.58342967565,-66900.78797615597,80147.67935290157,10904.300727685073,5925.067993180904
-109279.99156977194,-57565.37975245681,66233.33652640726,15460.45358292783,4250.156787910828
-110913.38387003187,-66310.08770260848,79712.28972527098,10800.75299309488,6166.901797094257
-112349.83417968231,-66524.89157819928,80240.1576950115,10792.567936974547,6192.855882286559
-112648.82755903172,-66371.7894255371,80038.46422483184,10351.628142084644,5918.759953348196
-104173.61532323032,-65118.92540406789,77657.32061458014,9649.444295550511,5550.790062755815
-111369.23939870782,-65054.36462299427,77803.89010548257,11318.621426542966,6130.797785525074
-113305.54865894727,-66937.61807208475,80796.79480235257,10604.87012435041,5786.844599365609
-112985.72341065624,-66716.41895147086,80455.58172951794,11001.479398047615,5898.983160317775
-119627.91122236167,-67343.71934611148,81562.079900831,11279.835652995613,6240.3960688358875
-120535.85056123132,-67473.59680835162,81887.78563386019,11333.919657963694,6209.915613898822
-111233.71212953996,-65639.14532260431,78916.75652217817,11198.234617167593,5763.392037752027
-113553.05756827618,-66230.65621047627,80213.9789154809,10667.329765013163,5735.13507522329
-117891.32713825382,-66937.02033873112,81450.1250139124,10491.829121402918,5756.985153417272
-72326.5430286876,-3923.637233337814,2328.3902843406763,-9053.230867537974,-5276.267587315635
-111103.95596967553,-63780.809244643606,76329.32816789558,8260.065258639634,4955.7007194618645
-160520.38024159483,-75219.14534480586,95044.95920346145,9216.383650912134,6601.073438665996
-127418.28007195226,-69350.09236411953,84580.76785162863,10722.489539964592,6091.657799946882
-112798.75655708864,-66693.7018689197,80724.1559843118,10125.605506077572,6043.069700110615
-117282.30025067384,-67135.48206428667,82187.46412603083,9866.27185749043,6740.604456038684
-101161.9647353146,-40176.308165785034,43730.791150193625,35183.670412256506,5026.718576551427
-116590.19908884536,-67620.45556537932,81555.41679695497,10317.920406772075,6020.704256723975
-109963.59450947863,-63723.795631663226,76974.95931619743,10130.945637837696,5344.217005201905
127690.46899047903,40119.11129286208,-83382.2414816088,-17865.46119448256,-25812.30087389347
-97644.18731549768,-61014.41499196361,71923.38342417846,10115.891175626815,4475.044750393264
-107243.84874268099,-62414.13784881943,73950.2993618123,10553.620062156591,5348.653699588191
-113903.32031458114,-66330.31235246881,79395.62082373923,10850.368935157581,5951.357402554794
-112560.12882617526,-66825.12482181308,80123.03495073509,10705.052701755136,5817.028435729348
-108680.12070272588,-64134.66486474314,76311.56077577897,12510.71123249231,6178.015176408436
-112134.7591122261,-66046.75547156077,78643.57307466974,11993.780448992522,6561.543108389231
-20850.739265294662,-351.7862032364754,-12017.563582784987,-9105.450132757405,4060.854205647766
-85505.70898648123,-48082.1044107679,68325.28781228681,1870.1550564583558,2310.0331335709852
-110132.29104203162,-64107.09801904138,76621.0533017824,10947.11357274453,5804.491730433649
-112191.23749073826,-65607.23969292245,78998.72829042867,11489.82886746649,5928.329109354574
-117296.39491277478,-67304.19770096402,81576.4893189548,10478.12480398143,5707.314636037279
-114384.44364114651,-66921.28688302964,80560.57083297793,10692.00035096255,5904.484245506666
-113594.46109119913,-66446.85348400066,80296.7451620502,10310.18074116323,6077.8306769304045
-117485.126868561,-67296.32060084921,81389.18572762657,10299.806836184884,6211.822175970358
-116928.55667166525,-67209.61996472583,81258.90677032138,10575.33523500728,6192.4960062302225
-120667.05222834286,-64889.255548422465,76841.83509534974,10644.047686349077,5653.388017276975
-107969.61058613393,-66088.20954203916,78627.53234463983,10980.022284593617,5946.181403376429
-112488.03224891708,-66325.16432109299,79865.90622319099,11171.112245241864,6066.516434568331
-112135.99280161795,-66004.66389563959,79367.90324355023,11193.024722647451,5675.116417268626
-112726.899473699,-66517.71503627204,80368.94995248056,10268.351631016903,5897.464294645673
-112732.16108032354,-66593.28391320509,80269.79491692824,10818.979245414877,6123.430255285097
-112838.03809027732,-66692.00887093577,79979.74953311641,10714.753129037752,5973.014086969751
-116667.17729120002,-67270.9426261597,81239.32251571384,10964.615369257375,5900.200186113581
-112917.77180324058,-66247.36244282048,79701.6390928221,11167.38135706756,5844.437393549946
-114069.92790245454,-66720.3175447392,80086.61060743607,10753.646448060248,5886.697207752609
-116097.68304275184,-66068.38148796777,79486.90105726883,10775.217627039905,5804.942982038106
-115503.05451371906,-62676.11194359545,74921.57455601454,16326.258547024869,6496.189861775339
-117526.99812324735,-67496.82985887903,81421.04357507537,10680.006459820917,6402.650761120267
-111720.89167428414,-67371.48723326893,80447.9577595599,10051.225279609489,5346.544618266175
-97624.93955641091,-40490.451474054185,41515.41552115573,14871.45674625912,-2577.488250922229
-107347.80677267317,-47783.96167477307,54985.01403982976,15709.442491184227,1089.1339897739986
-112307.21580544309,-66823.67518324322,80019.18753673437,10802.491799157162,5980.09874261582
-109348.48458498827,-64565.69238614756,76771.92363039119,9834.536131509522,5462.542492189016
-111910.78635695273,-65640.23082384179,78322.71203068254,10993.411656254611,6280.973985877503
17736.76993667212,-3949.3670528389994,-20230.071871514545,4790.88050870189,11105.02040783116
-127239.85812460836,-69331.53323153923,84820.0495884314,9742.60774546379,5981.446941523484
-116876.65379164828,-67469.34855828587,81373.25277730153,10720.245144943432,5743.366472325278
-112383.77224692065,-67208.24031257087,81006.1810089024,10216.046921530682,6010.347406801607
-111660.8532137732,-66273.31392806274,80132.11013534841,10278.4503280275,5717.912175337746
-92169.27257676637,-47361.44996905047,57563.44361302851,-489.89708102284436,549.8485345698182
-116177.67020524944,-66088.3642831238,79438.05739870736,10227.213922443932,5578.831754477319
-116179.49018340136,-66043.57933915636,79693.55196639964,9855.215652668443,5969.113065490006
-112669.55764447254,-66139.0364891421,79421.56445286862,10458.139300791809,5707.775472636907
-112584.05782261344,-66201.52997488901,79571.41775269892,10577.187374599014,6576.735116466807
-111766.67653529816,-65699.01941351121,78619.91669565992,10675.789944776323,6022.549634515702
-112076.83455428464,-66039.51777175991,79550.12753669717,10834.369818225163,5814.828219959184
-111443.53811248897,-65834.24225450859,78903.86606319217,10901.692439637021,6010.651833058891
-112713.16995310581,-66387.7419017154,80285.99164656654,10719.395968745808,5930.969054833276
-133344.1485775379,-64863.00949617401,78393.27844935817,7090.20104625201,7158.697155843794
-87389.39410935667,-34183.088495034965,28274.134299114696,-4481.676695167356,6388.063937787904
-116995.00943851781,-66964.80489555963,81228.1341001542,10838.781818159501,5764.781294234135
-112064.20235647623,-66313.37460429847,79955.5670634186,11034.682996238585,5804.682574909286
-109928.64146436863,-63834.762731729745,75964.38553151314,11319.690402304126,6140.629307975221
-112379.96111651821,-66485.66107675512,80036.63719944115,10252.775558683656,6057.030561086319
-112336.64320677056,-66474.15991819518,79980.18518426733,11291.12667419964,6073.296368208589
-113456.67027348565,-66826.94600196146,80494.11554350358,11247.312235421776,6150.670811361966
-111497.67456598619,-65919.22388963179,79085.22369753037,11216.791907022247,6171.12579750162
-130370.52819304987,-69578.86417465904,85418.65149627997,9895.48400041451,6555.054482475339
-131727.15565342965,-70057.90282663939,86265.2870275099,10040.249806324244,6422.820387684442
-111539.63448921457,-66057.17323875583,78590.73181894058,11908.329424216874,6246.588555620203
-112758.10342380172,-66851.46534244307,80215.61411759365,10712.831823836776,5932.744694601357
-111947.19245436901,-67181.26969895096,80947.46719439048,11199.270590211108,5642.558504852082
-110356.94571557817,-66471.98347964359,79573.98530449915,10755.654719596287,6213.744147598713
-111951.95386583448,-65786.52118348332,79154.77767387696,10309.572183269509,6233.726421096338
-131467.9417944019,-57465.98763832083,69848.08671180188,13941.804190301535,4943.475155142228
-116233.23326183337,-67178.60902104195,81276.62660081765,10664.70604232224,5888.009594578651
-60799.48728768173,-3700.4947459589957,30550.922657461757,331.83052696982185,-512.9774153560476
-50239.35328066872,2311.205304988194,-18140.869517214316,13301.958008994521,10401.535274687642
-115696.36961797139,-66918.08664080646,81314.70327562092,10974.17520766168,6181.590928659816
-109467.48661838532,-63874.70140733523,74713.05719896588,7570.5859576066005,6453.843431024564
-117681.82505628992,-67549.01366944528,81988.73613975004,10382.339823527294,6121.2440742982
-117158.50757498843,-67343.38783425684,81400.23930607933,10875.166324273941,5676.200381335117
-117837.27923949786,-67188.66155057611,81344.32464887694,10509.135916919555,6175.208714260043
-117658.16016081555,-67327.56204671359,81757.54855839815,10586.995162929386,6072.355638301735
-118065.65870433224,-67511.3388300383,82016.78423559736,10366.890377191663,6165.040677011505
-92798.92520843408,-28581.7469312018,25761.601552965996,29961.42382834513,-7509.272819093458
142816.0773469977,198949.5292549373,-286097.28037748765,47374.46085759253,-99991.69744466743
-116508.26977687662,-65925.23845625776,78633.96454711606,12122.639302077032,4972.3421598664645
-117614.87236854147,-67213.82685550682,81122.62511688973,10999.085114691332,5753.5401912014795
-117968.46951411976,-67564.31686432291,81756.60690952548,11031.945332179717,5768.867017857387
-117807.0953351864,-67444.53403739889,81839.78804066814,10545.809978146634,6003.18277689901
-113078.72608404764,-66850.45497554398,80419.12045090577,11054.803386714755,5937.345879201721
-112328.73111900782,-66432.9744218116,80044.44295333255,10609.100255532669,5657.331245169395
-112094.46329494703,-66287.41665053544,79148.45488894654,10334.967002691898,6502.079580603093
-112553.00656535599,-66746.20382193661,80352.72559052717,10460.181628108649,5911.075405910445
-111394.40016509886,-65397.773923881046,77843.56921208321,10823.46779780212,5884.074520155775
-112525.11287556266,-66525.94319215318,80301.09537097845,11030.608967873532,5923.008264329521
69254.53823251574,35663.825145329654,-488.7930159999729,-59432.308101795905,20041.386122942935
-111595.59081734689,-66301.61254408449,79155.62309104294,11459.738089667157,5967.985359381118
-112327.86537757317,-66602.21873854056,80000.01361652063,10951.224757521795,5633.256997094708
-110850.8265716835,-66275.23238243107,79255.69594930268,10982.502407509652,5728.203119921688
-127286.47687680005,-68763.54300780993,84437.89744071761,10368.543466835932,6262.151872254356
-103707.44151522225,-61634.689559626175,73953.49977113202,8842.184734722354,5566.400539995469
-111897.68932709712,-66467.00572885855,79612.24444767182,10965.825658805363,5895.588830595742
-132376.47478137628,-69993.43682846666,85762.35694375819,10261.56118396757,6162.723597978278
-147735.87026150903,-72484.0667096376,90136.43290887594,9858.036832055814,6523.570367873124
-119532.52564809324,-68292.46751137248,82500.90364587316,10391.407702230239,6148.242019533936
-117517.18593323823,-67536.15216800396,81611.15920551946,10859.541952705244,5855.118566858672
-136190.09589995045,-70638.65248526125,86974.12871956911,10399.480803671113,6154.042908402853
-104146.55514430477,-61673.19393036087,72392.99465253045,6082.184544239843,5481.466760612183
-113470.73786307582,-65801.41432318173,78948.47681280365,8597.117618036358,5469.359350818268
-117240.54745208262,-66869.10890841273,81142.21299091013,11388.678416475608,6082.756965760658
189118.30858818616,159768.3794916983,-251715.65140750195,-40117.85484821437,-23945.44523862164
-111574.01833683664,-66346.13985953313,79385.33573715982,10776.971430282547,6401.094492830276
-108944.54790035253,-65720.20941418399,78658.90166717634,10650.582325533458,5758.104889481441
-112748.09172689814,-66727.15732828958,80363.50381089887,10737.22128327091,6125.179456921276
-118477.45401846098,-67691.50970814221,81939.86722161072,10767.588128489066,6154.432285625825
8660.693348639168,-27976.825491693235,19300.696678495075,-8723.634478005379,-286.31690897125145
-113696.57133144986,-66795.24283655896,80061.04841742825,10766.838846310464,5523.7080857991095
-117457.01515781952,-66888.92025653584,80551.74038360178,11503.328556270983,6028.879062541043
-122040.2529363612,-68178.23583753998,82820.61714887158,10530.048755447257,6102.4067648890095
-117504.30764369479,-67960.98922069132,81816.42915503966,10354.142323123886,6048.838252424426
-114778.13155434,-66835.89449876764,81260.12020016379,10490.03993771516,5679.510875213689
-55855.8269999354,-55165.2229419558,60109.79195324811,-3354.9293555125773,2165.5139143831634
-116473.85048404023,-66816.17310742475,80674.45763621175,10919.86585502268,5872.218228134656
-112103.30646733173,-66158.39488308702,79329.29761459635,10796.738772548506,6058.140606315099
-110467.34035631818,-66216.7393751452,79283.41809779145,10384.412587680492,5778.891828355868
-116481.01650117215,-67421.60851222658,81051.31831327136,10579.163641236131,5920.964499607838
-127576.63759235699,-68691.49828827639,84382.59691473146,10186.480185872584,6268.810482988438
-112588.15170761784,-66751.18273348532,80314.23743698097,11177.204208508056,5884.432946072727
-105566.74216335,-65796.20861893945,77982.37640190429,9664.495268224933,5834.326032516288
-113039.00249843315,-66515.90705815569,80367.24051867281,10730.140209809659,6247.523875877736
-112557.64778951975,-66767.41846624382,80256.33832942796,11172.43121254595,6112.134293623483
-113129.64076318499,-66591.90626725786,80364.49962222409,10613.392824739176,6070.180900905448
-115310.64666007801,-66868.43551250942,80729.70677965306,11247.018671480073,6057.386301924692
-117429.5084525698,-67282.61470008777,81008.83713149841,9788.715648469824,6222.572991105334
36149.741911046185,159488.22209274583,-205358.31763168477,81157.8012096035,-13559.101257814486
-113776.14826021326,-59789.33309298869,72690.57472668888,14035.590695504961,5297.676973902429
-117456.02562834526,-67231.34702550815,81446.34628162927,10968.132376919184,6110.359901739133
-115693.70632792042,-55675.74363586213,65510.91340806488,16379.162247932421,4637.805315797894
-120674.95308872485,-68360.49758735273,82900.67338282542,10441.567504340075,5883.86218591052
-117524.10214277057,-67579.41823127621,81324.02018368972,10624.640242904254,6183.091790008539
-117439.54311099918,-67816.27961932487,81363.77593697232,10785.15238916578,5775.608571918253
-116764.26264638804,-67177.71853697168,81306.81796822348,10621.889173965965,5956.306975591975
-117233.4992034588,-67010.85001688891,80644.90427438787,11075.700132428443,5993.808309796965
-117149.48436979044,-66355.85149594727,79658.63483966647,11744.597002923201,5730.558267103001
-116696.62539914082,-67102.18360171917,81332.83369015982,10543.34540102313,6146.844086319139
-111905.23847411753,-66381.58244433772,79534.8706601709,11241.29831952871,5898.93317286496
-112307.35864515803,-66102.84725348442,79887.8334458265,10988.738381668707,6045.813870793875
-109841.38181563941,-66206.64708604942,79460.70242360278,10518.60321958832,5315.697362559644
-84150.05237044195,-53696.54993295257,64717.90868828363,2416.7953727729405,2258.1327498088303
-112532.55432095903,-66562.35350469798,79983.52166392456,10806.351125983583,6085.3853487799925
-108969.25591438868,-65145.16049274241,78743.01742136419,10584.23674944625,6117.878858340071
-79732.33094737453,-35764.80681749004,37127.06061685775,-7818.587443849869,-2198.0872491698965
-112262.1371520709,-67140.08687470896,82169.55481400005,10097.267256500363,5803.485840124808
-111880.36957492621,-66214.00508789865,79463.69983313461,11213.55006992144,5901.252484735162
-110431.75424884913,-64723.25824387988,77069.71314912848,9917.465655982236,4383.3511859442215
-112473.76057155876,-65872.37267793783,79368.21817843217,10317.66999738485,5665.014034973459
-113658.47055191798,-66144.36041707282,79821.42611132275,10239.946204805685,5705.168027158914
-112048.55523517117,-66779.10148495524,80076.20434601362,11079.402020590973,5779.4916153430595
-112723.10820751349,-66575.39705491724,80322.82294467786,11015.412293961375,5874.208633675335
-112653.63943707552,-66717.38678708888,80052.9947349341,11150.58198817035,5797.633409779602
-112400.15479102203,-66643.729174612,79567.65145554449,10806.868522506327,5735.307044798848
-110369.5767214381,-65967.24685311978,78973.77761250555,10423.651799094838,5566.939007030529
-117249.00634840148,-67301.80387605981,81195.14521799207,10530.851370606144,6202.526045238619
-117744.92238418138,-67809.8427864157,81670.33620488476,10745.447336362977,5972.0478897342855
-117327.91979512604,-67215.05236818884,81467.66509646355,10512.809666401643,5931.539973440655
-117810.6869841783,-67152.38131353584,81034.07970124765,11148.211230547442,6111.546389925339
-116474.84982138286,-67412.6460367917,81581.44387387327,10280.4884181329,6139.844761263235
-118219.45642944986,-67681.53041616247,81808.46362763188,10456.480069456435,6070.717721554759
-112023.34958668862,-65322.98802880428,78456.2799699995,11916.601227389474,6269.242603548464
-115559.5143434225,-67065.42176252783,80909.8893867306,10679.499722479963,5985.253960704815
-111654.21615262514,-66314.0297304507,79840.21363746941,10980.725850796889,6153.751387826275
-115859.01366711766,-67031.12842324255,80669.3829482897,10738.71955274816,6161.279476712287
-112392.01093217795,-65534.61920850218,79202.92554389189,10458.061236434949,5684.1628426199995
-100691.32604315502,-54590.713050840845,62827.18543593966,4974.433953853078,2612.0049922352923
-116792.44794311882,-68178.7120169322,81603.46240777535,10319.850442504847,5963.237977271473
-120976.55117104927,-67847.76498484107,82559.7589877856,10760.707320519312,6083.819751631363
-122199.91504058715,-68162.17411262386,83006.13194774053,10590.389401362523,6039.5956830955865
-123529.3668961098,-68367.75913346287,83405.01813930567,10469.634528796158,6083.294590118344
-112671.57150001434,-66544.3844029834,80279.42579592632,11265.068513372496,6321.180486674837
-112105.02758634466,-66637.36228450747,80046.46574168415,10827.370994439785,6096.059753199502
-46717.680745966,-17184.376194884808,14072.063005431119,-7158.062551233539,-8892.35416592671
-110775.66426771691,-66421.93343356044,79694.8781721306,11015.247201125283,6085.2286015481095
-112755.59071099044,-66348.37148403081,79655.55161590688,10364.214353491832,5779.641358034381
-112250.46750169272,-66276.93771885228,79494.5956063092,10985.454983343514,6114.18717246249
324829.72288143646,111107.39788184667,-204809.03992514082,-143659.73831053698,-25375.594453047826
-98960.3823686329,-54166.24661849362,61320.451287868105,9430.610828813,4304.230662481144
-116882.2918361788,-67238.99589556309,81173.90949097887,10727.78158046248,6170.971373917254
-116835.96412069451,-66391.00313855034,80605.86215448739,10864.87682892395,5255.082684540539
-117747.51343146889,-67507.44773924847,81585.55270555675,10569.621166157385,5838.87632426994
-109628.51204572838,-66268.35285548994,79103.3262937378,10129.499547563479,5760.147264327003
-110208.08600017216,-65691.84756571552,78833.91980419222,10513.550417638684,5952.5252314421305
11674.685629683288,111033.6085951613,-179700.1216803768,103719.50632129368,-2985.4451046520326
-113199.71495197984,-66224.34978192674,79858.37290297478,10880.004496375015,5853.375331331503
-100426.36295142383,-64785.42357036086,77345.11475206359,9565.657815821156,5611.415933150301
-121953.18445914784,-58745.502021249114,70810.65664193644,10878.126494803759,1154.9284853992372
-111934.65671815306,-65249.08600991476,78335.5670202639,11180.545387130252,5402.56749253088
-81302.09053551148,-22640.15867142224,15000.446786983639,12578.099245834708,-9348.502438832478
-111291.3656393221,-66503.74634910525,79817.49230974966,10654.584053099836,5795.633340075637
-107506.60537431338,-65707.80550311046,78618.38576951275,10324.072670621515,5926.127690805699
-109406.21517522488,-66069.14455099302,79242.29161683391,10272.291301668927,6063.202967960429
-113231.19221513104,-66972.96415634532,80540.95829857499,10958.881437249538,6333.340575862798
-115676.72572306696,-67135.5716096268,81327.46597090422,10282.893122265716,5732.659888937809
-116827.85347683019,-67665.96729223011,81990.26264276243,9878.978085434406,6080.275144170031
60763.66487759205,-51651.304294574504,49429.08119580467,15453.929626220946,4394.545161207499
-117532.53555064015,-66902.45152698655,81577.61748472242,10548.079757311914,5764.803231017425
-111233.87771645976,-65494.11128422336,78729.60404769333,11031.093412040795,5710.664731395144
-114535.0845286278,-67091.21946820142,81121.85344387004,10337.48195604088,5974.737326816201
-144859.06139099263,-69527.35464937043,86663.35673376116,7584.793792092249,6137.876336125347
-111934.88296354831,-65898.68018464951,79467.30639079634,10442.086757503032,5857.75521262395
-112616.49100946415,-66740.65802525124,79982.78729958172,10867.050727966085,6117.953741216889
-114623.86454048599,-66605.76125933889,79928.73508656163,11088.56584181126,6095.999908108722
-112562.68221521271,-67091.81558285197,80433.47359534226,10625.72718113584,5979.228043174072
-112860.06709818241,-66672.50547688319,80294.00977391264,10761.16022995519,5946.861332631246
-117839.71950690163,-67545.01632044709,81770.00490995562,10847.1174617741,5982.700804196097
-118798.0628524213,-67601.78914355829,81796.30065284423,10409.099063038782,5729.844119614488
-117599.04928746297,-67599.47324683846,82058.25100596527,10480.884500468303,6350.687275485205
-117636.01098177348,-67325.58523105149,81545.34858387588,10742.633644248883,5941.531140446087
-106687.71685101882,-61502.1345162971,72819.43224189435,9734.32951979309,5510.360509375649
16651.29670088098,70217.405127506,-112363.10726720716,-5937.929042609028,-8125.363627774815
-111665.35743734878,-66113.53180156993,79614.1515139806,10335.833844642273,5897.0649731571275
-117716.29968534847,-67872.812950749,81597.34649987874,11014.845908962627,5946.154618022634
-117530.8527190837,-67444.77891595277,81616.70164139796,10539.293253378184,5884.15661366118
-118549.54524727052,-67453.45243757518,81867.1048235537,10502.533712509396,5962.661606080409
-111294.66019242846,-66095.65703068001,79419.78504173321,11532.513344696847,5828.003421949749
-112268.22190288972,-66394.1720927964,79876.23813685845,10955.066339372619,5903.794989544559
-117238.63217224355,-66967.1725908081,80997.3067842685,10512.981848064737,6075.446380657577
-117346.3164093115,-66743.10567587079,80846.06759795525,11470.112425339928,5873.649361072994
-112151.79316556598,-64796.15995528125,79226.96441606169,10244.350498729287,5674.887544329148
-121249.44025444573,-67601.9360268883,82082.82606857656,10911.164862765603,6248.045965341557
-112329.34819566149,-66741.13662576007,80150.5303147579,11013.72371243452,5642.046754365745
-111757.27576105537,-65260.1805802984,78242.28290793468,11407.03747376141,5709.610180652225
-113033.156884538,-66383.35455328214,79942.55651017492,11136.677709813534,5746.341966572681
-101807.41939979073,-59016.8469132634,68351.71880381159,7045.912733146929,4395.473459133693
-117613.00020991974,-67639.6580348031,81755.42691390772,10793.626468265815,6095.639854672142
-77087.52473141444,-36695.94551594229,57864.631593709026,-3223.9835983884777,2635.3835655690787
-117965.9402741229,-67779.2337210224,82331.99091424627,10691.019662451296,6245.346009081952
-111521.77383825314,-60210.381181298595,71679.5811462297,10836.820845468643,4413.620619730737
-117587.57874588756,-67317.68250447523,81761.21904730392,10461.844590965335,6267.860043551972
-117437.91286548074,-67350.07010787062,81341.81351097276,10571.54862183438,6221.679265719408
-117249.31370736752,-67613.69036529314,81258.42395818171,10527.038568970327,6086.84846364039
-115740.05637903904,-67550.62170959091,81510.06547188763,10444.912833528922,6238.875384266855
-117886.99241226647,-67456.31272610913,81812.400391976,10371.750807188728,5761.705112350999
-115319.93859198614,-67194.91182612228,81211.526907358,10201.710720330126,5950.330479760519
-112766.0529621105,-65845.20829027097,79343.08282527924,10114.949086338245,5822.305537423965
-80868.75447718418,-61744.029962134846,72001.43210269384,5834.230027784982,4891.504808770175
-117143.53258383716,-66996.64965466387,80525.32819895988,11214.01137039863,6419.817498788316
-112637.69361389666,-66567.6233586028,80180.1968277126,11086.351087907366,6360.398333781464
-112708.68592153752,-66664.86855890819,80110.90131646882,10787.8141777562,5975.950833826626
-113355.24699338054,-66900.13986591058,80447.93977948428,10786.80529781382,6010.424849846944
-108138.59878205621,-57669.69581113838,68178.53508707373,15964.234325985015,4804.333040042333
-112671.78523358515,-66385.75076106629,79835.23765326377,11029.283043351372,6153.836560953538
-112852.38144176084,-67262.02808698048,80927.51918784331,10093.312941359702,6148.004552925367
-111146.72506686713,-66327.5682470289,79284.14506505178,10980.228892953684,6175.563315228287
-108029.53253230246,-63506.510142402585,75178.08180758852,14804.201216615511,6632.45129489692
-117365.94663729312,-67410.478187794,81612.76430693298,10551.21089321191,6116.148315441341
-114804.23295171381,-66409.87355168707,79668.47903139886,9332.059848525378,6033.026114258072
-91873.8710890291,-55561.2334269194,62605.153869454574,-279.93354915892854,3317.1328203036596
-117794.55922410413,-67718.16132683042,81534.2544442896,10659.56470457501,5802.356179368943
-104474.91772697045,-64545.354514697974,76446.81801706013,11170.504323654408,5827.195503525683
-112397.0648308312,-65589.88000531132,79201.31432007844,10609.927135325304,5915.27757364983
-147947.7175709584,-72968.17460714125,90968.32772380365,9381.029221764218,6457.319335608102
-148662.75888090944,-72936.33572336682,91220.64906143963,9623.167381522933,6516.056475216
-106258.24723866784,-66244.50004878953,79291.6288114524,10474.826026508532,5873.647410739211
-112391.54311916947,-65904.13044472941,79620.91265793753,11123.205317326194,5895.980236651846
-106817.55621733426,-66401.23504887261,79216.39205558058,10663.656542226621,5964.221723396772
-112877.26396295111,-66867.87546355743,80452.88220651791,10495.026402633417,5850.363673438902
-116607.63734979225,-67470.75874468856,81442.48539092968,10476.753984092655,5957.38668481019
-110577.33828970046,-65207.10065246128,78567.74811015339,9540.232359735935,6290.7745216430485
-116202.54917467535,-67201.93822339714,80978.5363850962,10725.314784731198,6172.53340639201
-112672.77756845989,-66868.48807601714,80261.03448814871,10788.41481749905,6006.504560777867
-117420.37135413586,-66740.68462407902,80368.092754106,10914.233171322541,6066.7665387607185
-118925.82974775256,-67464.34937096544,81711.23056113874,10811.335839200317,6024.223559652129
-121610.31529784256,-68149.72451952432,82835.86975436434,10730.15380273236,6241.009171962549
-115133.85284049892,-63259.680711291665,75776.79317268099,12066.574265018484,6020.106364754042
-111102.09130784225,-64876.72492477848,76852.31225647537,9511.440172710576,5488.075421800711
-116971.59325259623,-66213.64184393524,79697.55214831955,11258.00720570076,5735.603240839437
-118571.14766160645,-67295.06255685336,81186.2456111063,10250.337888146425,5882.572294794384
-122079.39350396939,-67524.33353442511,81845.17467890638,10358.159131916402,5980.581850541061
-124449.45297736977,-68292.64959114928,82916.46406746359,10388.672760279202,6128.900134005832
-115036.38507443859,-65148.87681241003,78470.31009022353,9649.92894969451,5583.703162889671
-118278.87330428768,-66750.4020211211,80980.7952518206,10636.95104279238,5946.583219217479
-117420.29739166112,-67548.03345497428,81791.99571521845,10373.238155527624,5692.194115870301
-117617.99086981626,-67645.90874600876,81475.7458164247,10864.931529921952,5872.668899885583
-105007.0709191007,-57435.59298314859,66811.77961447262,11516.314450150427,7172.2669990901495
-115783.19822943555,-67121.58298690637,81082.30426391632,11177.958379561003,5945.007386796913
-109826.62169471057,-66177.19919514585,79892.6549606301,7681.107786844262,5474.917336669724
-118017.50579085741,-67464.66143710753,81851.83052198502,10569.41431485083,5815.577363970737
-112443.15042071989,-67122.01897185885,80316.38971174193,10394.513137802029,5702.580169121726
-116179.71979383535,-67328.36787573974,81204.14432025186,10564.120493333638,5678.721142624172
-116521.75348389236,-66981.1855930662,81416.21734607265,10757.38629396779,5873.590118603985
-118408.16591913228,-67456.63161534528,81820.68397279359,10715.530247425082,5863.3190859551305
-117151.70784789146,-67310.60414163822,81381.6726648811,10761.531231307263,6251.2746797391155
-117519.29643957969,-67266.17273118069,81552.60531684378,10697.0805129406,5753.547898189101
-116865.35063953199,-66921.27966149997,81077.79189915129,10705.185605585895,5880.32940943478
-110522.63768162209,-65940.71591176404,78858.10865076746,10484.057588692809,5675.466266668069
-109373.6930900083,-65437.00118004126,77897.76568102965,10452.247581738804,5701.286533093827
-112868.98061491644,-66332.60380503314,80022.86639972408,10650.12793984393,6158.585716180057
-112351.14701582736,-66512.53635277164,80051.87326224409,11033.874570615988,5828.395381439218
-112429.34149709193,-66279.69098598973,79570.0114694865,10431.656680141796,5874.139863100022
87211.82672903886,56420.35482818389,-108590.06710902175,-17042.742378706218,-16589.058693300816
-111482.75553445757,-63673.036037212354,80102.52182552373,10290.075193506453,5585.924014844503
-113897.20476380267,-66281.92126560773,79386.14460747787,10508.728049192765,5581.803413502162
-112457.75856423168,-66585.91314485064,79961.75053960092,10667.759224926696,6011.202925488987
-663.9126203036964,55191.42467493648,-103952.23240067577,53527.456140236056,-43981.307268419165
-117480.6648608966,-67128.12753542233,81165.84416896553,11049.20296745729,5881.284085337485
-111309.60063120967,-66485.72108478259,79648.05118192644,10516.204410693113,6126.114671600997
-91731.77619086832,-66833.70025315549,79305.70885309856,7515.286616741002,5248.792045423016
-117565.28189239683,-67572.804724572,81683.6029740459,10700.751477361488,6142.377187894046
-112449.74013483872,-66612.81988171604,79883.99161485906,10861.079115943387,5824.178535967527
-112479.52500623417,-66315.79497660352,80159.7894133325,10876.942297310678,6119.765065304908
-112811.23629190928,-66933.31472832269,80547.40312180198,10374.864644400814,5746.903099276981
-112292.07170448545,-66502.84519961987,79971.9432997344,10824.512179434718,6092.440725659116
-91484.35338283933,-33847.721395607165,39147.475856257995,6920.357663456919,365.1393412439377
-87130.86177992464,-60715.11907574625,69488.189420991,9255.60116912528,4946.095029503233
-117819.8650033536,-67802.04362299228,82073.16270817399,10595.651629807604,6152.202213755064
-112469.20912132134,-65504.17549134533,78737.82592601082,9750.765039946871,5967.753773980097
-116918.64813138878,-67590.18275905465,80403.80345959944,10710.186855912058,5691.0673248117055
-116167.81762294404,-67263.73361894752,80829.0322318017,10312.160751044283,5520.384508893549
-117183.80423462704,-67187.89310138547,81516.34842025596,10495.832573709453,6616.551571789972
-116619.7973668591,-67027.84725240782,80808.95199859294,10266.524691744791,5761.086792580399
-111781.15017761607,-65534.62477454158,78207.94328259106,11821.52077975192,5634.0900068864075
-115931.55599903509,-67231.1815235904,81331.4841428377,10754.03574784195,5973.187530222652
-111811.62262259373,-59882.015919836485,71800.9637504008,12065.958535545458,5402.69218418172
-100906.40851412095,-66179.50060112051,78360.41979696837,11367.167193047655,5563.77357137414
-103133.98184297683,-66439.05389212778,79133.97014632072,11540.020188606471,5424.943028908453
-95318.53290022748,-53783.465218122554,66393.60593684799,7014.9556735474325,1947.620990338347
-118352.02056600079,-67520.23747156115,81456.92664633262,10235.951420694908,6081.213427268881
-117734.73972267148,-67303.06892411916,81379.40836655693,10583.585537387284,5649.359815366908
-116450.3581987772,-67411.18571971821,81327.76007607454,10545.674981255052,5981.716743461386
-110960.01862866618,-65518.94762759615,78696.33870118464,10309.465555369936,5755.917455015647
156773.36884610855,150172.8518899603,-208165.15569368665,-9603.141797742514,-15268.752757396596
-117415.56358716152,-67186.30461697002,81040.2791953009,10647.55135999973,6027.310045029981
-113654.88424757018,-66931.02180174273,80183.94247249213,11210.763338399815,6054.581129941235
-143142.65962673473,-71782.07498215437,89235.49284748592,9682.097182775455,6447.0742135372775
-143781.9262631476,-72083.44966301805,89695.40337172992,9720.38219500737,6465.428241385232
-75998.84675859487,-62324.83402416227,72798.41325270686,4683.6618716495905,5231.445441054599
-112442.63525872226,-65769.63877884575,78890.24346321817,10662.928849551625,6088.133885806114
-112611.12060048516,-66412.5924207415,79483.80068404126,11007.7944539817,6099.514342770368
-53075.896996564916,-40924.46071128799,38104.51904015233,-4590.232722449739,2328.118294928247
-112181.28891595048,-66358.64230302918,79860.86345270587,11132.420352125977,6069.632808558624
-111859.35957896033,-66285.64387033241,79722.7106222833,10661.831804555472,5954.157911962697
-109925.23179401737,-64030.56194056829,75643.45255995744,12149.842041515945,5527.666443783949
-118010.40421540232,-67629.61031709684,81691.12091303656,10720.63070753521,5949.385476035079
-111959.22343391072,-66057.1823666977,79631.62345531586,10734.001848655013,6123.439483289678
-110703.21229397945,-66636.19141466387,80018.95764124866,11177.1246157104,6014.474920712676
227168.45478755684,200056.5874152719,-286892.90861957974,-121684.0728081307,-59468.3908301052
-116759.34975092449,-66140.52926096557,79277.15380632962,11239.079447203365,5789.805727528685
-117830.9579289405,-67387.94146723003,81317.66459747778,10730.704983526064,5634.207441942784
-102854.7902414946,-59059.0362276448,68552.49209282087,11339.81738784862,4793.575545300142
-110305.34494310562,-64683.33054490819,77535.4861097374,10255.928949426163,5438.86206084316
-109740.1506913989,-64979.70771423582,77627.97641985622,9829.367800517508,6524.022750596241
-112135.74323223806,-66006.06969502992,79048.22215242074,10912.397260017065,5935.008044989447
-108471.55596334714,-65844.21204018801,78822.24698113088,10745.892992185632,5762.749877944275
-115103.28535900445,-66946.11955731294,80323.94424142815,10771.278563279206,5984.369411104135
-117209.68755310279,-67569.47017939422,81406.31878190875,10817.240547362704,6198.675855339343
-121505.66627904687,-67510.5704974492,81893.90820841088,11065.255960345672,6301.633288008216
-117728.97337396338,-67456.06093522647,81501.76464723497,10792.800932066275,6005.229562794092
-117198.49311539905,-67400.25104867177,81656.78945679025,10501.725972012327,6004.007379808536
-117563.1753146634,-67255.70567445969,81487.34319878348,10675.337000766467,6098.830800886314
-109427.04257976911,-66599.98746329473,79345.01981795057,10869.759827510705,5788.459973854162
-108083.55676751085,-62858.21131969685,74963.33137528576,8750.723007012894,5247.971695022474
-112766.91377148025,-66264.83319687999,79847.21006543568,10917.988086732064,6055.216791097613
-3926.591966705694,26616.79716451701,-39271.99387369413,6086.346278434693,-4183.379361076766
-107429.51204014583,-65869.36013128053,78584.25723013062,11788.151158554474,6011.438146160818
-117693.35920089051,-67361.22270419248,81504.63463583354,10393.282050294234,5949.656294313304
-120623.89680159198,-67323.69220845458,81850.26296360127,10401.719901932993,5895.8408297049455
-121532.19578060636,-67686.1768627953,82364.54490242612,10371.392291024438,5960.986319540381
-109350.28670635606,-62424.41773281875,73506.68120900507,13532.874875979538,5255.331578995854
-113814.18561448589,-66626.53470569811,80220.41678971646,11360.532546252116,5814.677146063457
-112004.75373262101,-66396.72514745274,79633.61257781858,11200.69578574327,5606.911911870493
-113811.89635380999,-66944.36742083865,80418.93928637434,10975.071449549372,5664.579811541876
-111698.6590526593,-65362.296252401764,78533.69707347084,11640.16578583887,6060.390480519765
-111309.73789904403,-65153.974426588626,77880.0791011946,11572.48737684016,6079.679986264928
-112643.26359614093,-66437.4172043053,79746.8865429427,10715.613688154677,6043.62037980621
-112881.67679997103,-66469.46919542136,79809.68748247848,10470.571502729032,5918.034147966724
-112322.06762966057,-66561.28172849932,79801.75849198601,10845.90862501725,5482.316697827006
-38363.42088433742,-27238.903478232744,8893.875990691067,2519.9477856452077,-3020.4744656463913
-109565.39066421131,-65569.78249662199,78879.3879236576,11528.207957361998,5696.634028898465
-122491.8059568325,-68289.43929414827,82595.87927941667,10225.271629199127,6060.399801055076
-112686.54998656015,-66460.8259015674,80128.02210495777,10939.862766160073,5828.197583636226
-112274.63072286782,-65674.68353351059,79232.93856574489,10327.839813387478,5449.729822951026
-66766.54295653652,-1074.8800282508828,-20688.587500440008,13503.333874201193,-363.5460237218898
-112486.2157055791,-66768.65535868023,80024.3124964578,10288.54543529815,5820.351282545859
-111866.51161732191,-65962.13091003275,79168.16820789242,11169.727404464928,6036.063697373096
-112076.70632194466,-66367.07799855502,80073.29041540285,10640.086854919928,5707.246789074164
-108857.11980681217,-65350.53377162688,79244.57525867056,9774.240949972005,7365.910072847097
-116220.11394269422,-66186.1104991476,79530.61303754487,10583.633988446225,5949.213693264315
-117590.40369481908,-67536.32668888761,81730.47273216702,10653.25130487187,5632.6731607261
-117573.44634499431,-67418.77571871162,81576.12665940657,10018.30998396274,6240.000256418208
-112329.61787832099,-66336.06429945899,79918.48342606559,10998.430177602342,5760.131650277279
-110912.54471297089,-65334.012731250026,77818.82627924747,12089.330438437737,5667.549072484414
-113329.66299930122,-66309.183495065,79520.1467546899,11157.693804677083,5580.13574497888
-114558.81555347782,-66677.2370270009,80027.97330253125,11215.904342331813,5702.46245027508
-83476.40968056179,-60823.491924024864,71617.83437708259,5135.522734297684,4908.379654530877
-116032.15323337587,-65880.03428325258,79989.26445726387,9877.135119139031,5431.596484925666
-119247.68984771443,-67600.21449622362,82322.96763086936,10107.251200370318,5991.95029046044
-122153.4988432665,-67910.5461236535,82922.6106666287,9520.775706448338,6440.50895234903
-112541.74608829725,-66605.60311662183,79785.3637339588,10909.81451302987,6094.9446293598585
-112615.34153659089,-67171.19758425403,80586.1290302154,11078.830336107067,6221.895856509732
-119074.04613889952,-67873.31685382687,81908.21496554982,10608.951970109369,6116.439484899575
-122621.87622864726,-68564.77128351822,83220.176169643,10536.719850202046,5994.118788671327
-112203.23808950382,-66518.40211887915,79891.66977083591,11088.761659420972,6055.900096113374
-112600.67231203573,-64885.3592319889,78231.33731844682,11297.932716794403,5889.5401113102635
-112576.88478157888,-66612.21249845142,79769.54802277601,10921.344444321086,5737.943087790842
-112317.60991687786,-66211.57373506465,78994.81776917567,11772.041586761767,5832.245397446029
-112868.64940776861,-66956.92332369668,80188.55119958942,10427.934849201602,5938.511427229444
-111198.73555215544,-66396.40813658386,79646.62368499306,11224.486067155858,5662.504651448138
-111340.82624533954,-65959.32994499998,78723.13647977344,10661.710855660873,5690.890391891443
-112333.87920114199,-66651.90886173214,80235.29381388341,11042.350435638176,5935.020109486123
-117684.46237540635,-67738.01998663947,81826.91345331086,10737.364246914642,6067.557112236717
-117619.23647023052,-67349.18317576394,81685.9620761996,10830.16430603911,6061.085427449445
-112660.18104376603,-66345.93375932706,79283.92432432443,10843.315470202268,6218.709718958584
-112089.3782623108,-66447.83942684044,79792.4991359925,11218.82416711226,5857.667622192599
62900.92102965951,26859.20013389583,-49533.41640023804,-31412.623481234972,-16654.821247610053
-111329.39684917008,-65203.06927694515,77999.19356747804,11720.215570186421,5960.25053915199
-109299.75373953706,-66339.39460440341,78900.97265765068,10890.63236926982,5523.01869428477
-112371.20807093114,-66703.53222804416,80033.48523675576,11068.017055184786,5858.733603878437
-112248.67752536197,-66259.52452562263,79250.34335203501,10996.262139980141,6258.81044030118
-122041.28090966353,-68151.36637960936,83156.95605565785,10560.650023968734,5967.8300134649335
-98587.83744648156,-64079.911931946786,75410.85488202299,7883.107293456404,5955.790702855495
-109968.39027353706,-66919.47684318689,79764.09444409903,10180.704734776093,5721.148106822448
-111619.73008103343,-66991.2983649582,80266.27490016943,10334.619718798482,5868.660258851289
-112848.63472334702,-66671.49063484823,79935.21419144298,10594.21565469802,5912.499548813828
-112247.34229970198,-66543.81825037062,80047.30343618219,10923.567068640066,5895.602078216704
-122276.93034934628,-68092.4670871526,83219.4548668436,10115.628316102351,5964.671038819369
-111761.09387696217,-66608.31283646615,79605.81443461278,10961.685766172459,5922.531659770837
-112734.36103321385,-66237.68946696716,79621.61089659743,10768.14478057128,5962.584523829839
-63554.47000377406,-44618.73423074289,50959.535297698174,7332.5615464991115,1553.9637393726312
-107174.22927480291,-59364.17562549048,71375.9066962099,10271.792691891567,3776.5587648225164
-113387.85513928106,-66697.36663266942,80478.93223330865,9608.274146347725,5756.687842960236
-121035.78267653586,-65827.93173683909,79987.21752197066,9950.648243753847,5777.460436757884
-120667.534333738,-66782.70163443175,80289.54075061237,9676.540138357266,5929.859147928126
-112119.75274210575,-66979.48234622937,80652.2207745289,10410.302551307273,6037.181464687631
-113147.87351310039,-66602.7055278353,80397.95475386876,10795.047613379877,5968.67680942393
-115053.11801197736,-67179.56645869321,80683.78401171337,11036.459048963388,6099.838336904539
-112288.40043511867,-66323.41332502227,79567.59109609084,11507.009537733376,6198.969929345563
-100834.73100742394,-55848.067908674995,66782.70968641862,10700.5645817045,5033.720584938865
-107219.33139387306,-52696.066048292814,59957.1676283155,19542.64859476501,3705.728411553435
-112454.72956760741,-66664.74627263584,79980.6455558219,11086.111831847733,5894.1791804864815
-112999.50063194573,-66599.16761156537,80203.4074506478,10563.574671253975,5832.747363901206
-112733.74386762819,-66346.23567581346,79489.82630973686,10276.21498714189,5895.483670186482
-114152.46787573882,-67078.25740502083,80553.94239847614,10623.715341795541,5647.964203856496
-91131.59906194781,-23015.323652477033,38697.77725264419,36085.05138928647,2910.275297724584
-110116.59845181654,-66008.87907865726,79296.32438732147,10627.453255942763,6218.858627981246
-111552.19367671791,-66181.0143184014,79649.60021689982,10984.439449861668,6319.227762920291
-112586.21295599741,-66634.69262943901,80008.79627532746,11035.628328086992,5875.159725663803
-110277.01925772538,-65881.57047876366,79357.97721113804,10274.93261183477,5769.272373910391
-112209.41292012553,-66676.72609721511,79984.99993613055,10687.53088921021,5807.324969080122
-111210.86709079352,-65253.96506229823,77213.67339307009,8713.59091841864,5598.5283320160925
-112658.19611315266,-66438.57524265432,80111.45117051298,10351.278806760618,5793.657728808734
-112462.01218809401,-66799.68137197435,79866.09490748424,10466.01879015693,6475.711169751094
-117226.59226799423,-66785.39286294786,80952.59865773574,10933.990955862408,6313.099338986011
-117268.64057853165,-67083.55442951979,81411.91221582677,10508.87944707994,5905.1727773307775
-108073.58164827734,-60904.96152196839,71699.52308954629,12322.70283356885,5359.59942317401
-112597.28005234318,-66949.52694738848,80130.09504598081,11034.780814952635,6101.615991380809
-112656.2398016423,-66844.41279251882,80238.07279160543,10726.852818270414,6038.4322486749925
-116365.09944482787,-67222.36594751367,81135.3844641107,10826.124355740249,5985.897728067287
-115186.44498060185,-66744.72098842468,81127.21942890722,11017.44172550345,5914.464330874456
-112047.18310369253,-66707.24408453357,80165.27281323718,10704.938617424225,5890.002482029117
-90406.45865482786,-46224.29132989286,53645.8230270866,11244.612439067647,109.9040053073555
-117751.01203250805,-67551.10420521692,82234.79723787532,10821.722432595989,6115.052566169987
-112303.70196867255,-65843.94139865431,79659.61230895427,11078.643200943512,6222.62476294949
-113317.25285753627,-66391.72700429629,80193.98085258013,10180.46787563417,5750.256136968989
-28409.473890427224,-7839.2625821001175,-11012.231816077337,218.94771805185817,-7379.626468750721
-112532.75399420211,-66487.34077753455,79940.53371429566,11058.60567453019,6084.920220676628
-112750.30193461372,-66819.29987111659,80068.90339567506,11010.719794858478,5747.111371203676
-80591.4989239458,-42545.564195972736,50160.5130535999,10453.983646001238,4315.424300911919
-112084.59347479536,-66135.27762467398,79904.98070326899,10544.402600841362,5671.371999915432
-112816.0693338372,-66230.82960527798,79633.27119717418,10915.818644807712,5943.753359150698
-112331.78183435995,-66561.35441575716,79585.46997007282,11111.655778286484,5893.857087834854
-112098.78040108443,-66087.76916848734,79922.87567701463,10560.40312813659,5890.483621166459
-114385.53875173144,-66539.7899817191,80804.16214722703,10525.74134851576,5880.935425604071
-113548.40943267819,-66769.71082313322,79739.9491721145,11064.986657897598,5942.738302970301
-112016.97653731247,-66336.705991019,79903.72904969228,10752.862103853347,5928.3811769577715
-111030.14207940148,-65945.23160589952,79026.85117293209,11259.914177092762,5973.669295554212
-115181.25665812746,-66274.7691416407,80146.62077754833,11527.322601601563,6054.0976254897005
-112563.35523366707,-66333.25837815861,79716.63400145141,11274.856525200797,5859.517717640126
-111985.03246828665,-66348.92126420535,79702.41389041208,11226.318303844548,6037.917823443565
-113257.98788561835,-65993.91075255802,81058.63548939329,10383.634436574048,5755.088924193264
-111988.9761648754,-66272.60692827177,80266.83616152183,10785.479187827277,6220.002733391509
-126116.61162413411,-67740.44245359281,84597.43129118974,10290.935889800634,6113.619034913918
-108150.57819302518,-65925.6486794862,79221.20799151102,10945.80833533837,6010.67967604582
-112230.01900430341,-66525.52042748884,79739.70159623635,11287.747763279633,6111.82997484563
-112474.76733428803,-66776.14412892553,80288.1337808046,10877.339175072022,5779.398450117497
-113769.70446153305,-67084.22158567856,80638.34223278568,10932.598428839874,5722.509772815334
-112544.62971568428,-66797.8590564035,79992.07685520669,11074.982065371047,5789.037872630965
-111128.16296911922,-66306.23680489717,79367.74363888752,10998.11055135349,5991.525068468652
-112532.22544601408,-66479.90450011223,79926.01657190037,10489.309892977994,5938.968124401641
-109964.14419269326,-65983.3598184771,79008.26178717158,11377.222513436189,6033.857524427703
-110576.83972533421,-63059.17305311926,75182.32937873597,15414.465085681717,6530.855100738347
-114417.55091752343,-66319.0294769008,79849.89148911902,11575.27586779982,6163.381360470104
-59595.096662714444,-33908.72853769506,31973.893258408316,6115.2707059954655,1201.1647033320048
-112601.2194902989,-66241.98029287938,79182.95688541148,11441.875678949484,6095.571480010322
-112479.60830326552,-66444.56104571349,79966.81277758734,10986.115009054247,6101.304814018657
-111486.25248416576,-66713.11073855612,79913.54496975493,11092.21816397022,6003.451296800329
-114474.29803156485,-67153.97764638522,80719.68132470404,10832.047742014272,5940.215386858969
-112099.8027126953,-66309.96065755011,80227.13847677207,10418.406690069009,6176.281360276633
386927.2064104755,843580.5983573716,-1201884.658979949,896122.9569342862,-8746.76803168295
-112720.15294949329,-65710.59509031102,78899.94954467972,11025.696641900446,5680.2694624730975
-114506.8747709772,-66331.46342762289,80298.55463312742,10977.843200979854,5911.970206629883
-110775.96479722523,-64792.44947317712,77404.03928953488,10997.656527729323,5746.587401573833
-10360.083186037988,-13175.242826878606,13722.278434154547,-1591.8598033704486,-7182.947164512922
-160520.38024159483,-75219.14534480586,95044.95920346145,9216.383650912134,6601.073438665996
-106022.76075622342,-65393.30916134371,78018.9510800423,10796.26260376996,5979.416873140858
-114675.08516671213,-66662.25240436228,81089.21983642023,10506.873426534878,5997.008260625444
-112297.59655231808,-65875.41193828559,79153.80127737422,10430.91064102271,5896.796395244246
-112764.93091336759,-66984.8927557988,80149.3294252249,10904.53011185612,6100.037987342847
-111783.92517655567,-66165.99645001373,79532.8004594064,10974.699939521914,5871.962844976845
-112897.9626362491,-66484.55082487919,80014.19505132842,10440.560005898564,6092.361135686071
-112741.40251195774,-66392.21828239472,79754.53477750062,11064.16219971716,6161.0283613396105
-101736.6078242162,-59779.877379003156,69613.85624020532,11030.689766499658,4532.053519147418
30754.404029443318,-25539.570903316737,11380.874949653191,-14752.27032286316,585.0052683586117
-112493.51113558166,-66148.43616720874,79497.35224070611,11165.821487752177,5852.599598337678
-113717.93637623006,-62043.19382584918,74755.5980631879,12857.269620962425,5557.756882747709
-107620.1446145753,-59046.57066195304,69346.18877338967,12342.474012922386,4569.511251308157
-112012.82942230004,-65801.68520196166,79337.03053547439,10751.969457829504,5471.581624336695
